0,-1,376.36264038085943,433.1346435546875,56.3931884765625,121.713134765625,1,-1,-1,-1
0,-1,276.300048828125,345.5990905761719,50.72332763671875,153.38565063476562,1,-1,-1,-1
0,-1,5.271717071533203,363.49334716796875,60.99384689331055,128.47509765625,1,-1,-1,-1
0,-1,935.3257937551489,110.4997246835908,16.154573749620308,47.67170780521016,1,-1,-1,-1
0,-1,823.3452257180087,110.4997246835908,16.15457374962019,49.871940473142914,1,-1,-1,-1
0,-1,891.2678653470937,113.80007368548996,14.68597613601846,43.63794791400006,1,-1,-1,-1
0,-1,376.1790412168125,98.32856333044273,15.13990630749534,41.07100980141183,1,-1,-1,-1
0,-1,1063.7927775945,126.87568622188302,15.590564090075521,28.13464182320174,1,-1,-1,-1
1,-1,395.68373936978,430.27413147634195,43.511670307455454,112.22581459112,1,-1,-1,-1
1,-1,284.528402097887,345.2415265663787,50.72332763671875,153.38565063476562,1,-1,-1,-1
1,-1,23.259700855750676,363.4933471679687,43.00586310909308,128.47509765625,1,-1,-1,-1
1,-1,935.3257937551489,110.4997246835908,16.154573749620308,47.67170780521016,1,-1,-1,-1
1,-1,823.3452257180087,110.4997246835908,16.15457374962019,49.871940473142914,1,-1,-1,-1
1,-1,891.2678653470937,113.80007368548996,14.68597613601846,43.63794791400006,1,-1,-1,-1
1,-1,376.1790412168125,98.32856333044273,15.13990630749534,41.07100980141183,1,-1,-1,-1
1,-1,1063.7927775945,126.87568622188302,15.590564090075521,28.13464182320174,1,-1,-1,-1
2,-1,293.80096435546875,344.371826171875,60.6766357421875,153.32489013671875,1,-1,-1,-1
2,-1,26.3490047454834,360.11541748046875,50.77191352844238,132.3201904296875,1,-1,-1,-1
2,-1,937.3374848124853,111.38001167995753,16.19128868996023,49.028517950435344,1,-1,-1,-1
2,-1,821.942427323721,111.38001167995753,18.504329931383122,49.028517950435344,1,-1,-1,-1
2,-1,891.8476737311685,110.86662405743989,15.934284107579831,46.46157983784713,1,-1,-1,-1
2,-1,381.49555024050227,97.89700784672378,21.31863437855658,42.09778504644711,1,-1,-1,-1
2,-1,409.919858612435,425.18579372918913,37.02758971392907,106.91163892816668,1,-1,-1,-1
3,-1,39.86568069458008,360.2897644042969,61.79096603393555,132.43045043945312,1,-1,-1,-1
3,-1,308.36224365234375,347.228271484375,55.79742431640625,141.972412109375,1,-1,-1,-1
3,-1,937.3323176082067,109.19428873430985,18.04743289604032,49.74155631504318,1,-1,-1,-1
3,-1,888.9012318618705,109.87880556433339,18.504329931383236,47.68800582497262,1,-1,-1,-1
3,-1,818.310639901409,110.10697784100789,21.245712143439814,52.251451358462816,1,-1,-1,-1
3,-1,386.7341336079346,97.17015135768227,19.532348260904424,42.78230187647064,1,-1,-1,-1
3,-1,421.23384435835777,422.1018041447228,23.65651565056574,106.91163892816668,1,-1,-1,-1
4,-1,320.046630859375,360.0000305175781,64.931396484375,101.05035400390625,1,-1,-1,-1
4,-1,42.15702819824219,362.5825500488281,63.188140869140625,129.69772338867188,1,-1,-1,-1
4,-1,935.0426291623687,111.72304333821432,16.70642793064945,47.23166127162357,1,-1,-1,-1
4,-1,890.5819664865014,111.20965571569668,16.962302437101194,45.69149840407066,1,-1,-1,-1
4,-1,813.480591772405,111.20965571569668,24.672439908510828,51.59545606302358,1,-1,-1,-1
4,-1,394.4550688284709,99.99506706198476,12.342529904643062,39.172078230765514,1,-1,-1,-1
5,-1,332.512939453125,364.5357971191406,63.14251708984375,103.836669921875,1,-1,-1,-1
5,-1,69.93826293945312,353.17901611328125,47.61787414550781,137.36944580078125,1,-1,-1,-1
5,-1,935.9591262600352,113.16363883035481,16.448293272340628,46.2048860265883,1,-1,-1,-1
5,-1,885.5862281134921,109.31323166147246,21.33138033756681,47.23166127162359,1,-1,-1,-1
5,-1,813.1109358822415,113.42033264161364,24.415435326130545,50.82537462924711,1,-1,-1,-1
5,-1,396.11214219908055,96.6379104344887,16.075598501170422,42.93787388329419,1,-1,-1,-1
6,-1,80.33818054199219,353.3000793457031,67.79425048828125,135.57089233398438,1,-1,-1,-1
6,-1,345.9561462402344,360.7626647949219,54.46087646484375,107.914306640625,1,-1,-1,-1
6,-1,933.3087005074102,112.26002527217567,16.74314287098949,48.698483050245436,1,-1,-1,-1
6,-1,890.9934698643124,110.07226586197642,15.420274942819267,47.2316612716236,1,-1,-1,-1
6,-1,814.0976988161201,111.92046130303993,17.476311601861873,49.69592185970833,1,-1,-1,-1
6,-1,400.9407347405253,99.38828690175426,16.79096604884767,37.99068406630594,1,-1,-1,-1
7,-1,85.40145874023438,356.4285888671875,77.45986938476562,131.6373291015625,1,-1,-1,-1
7,-1,360.30145263671875,356.987548828125,46.831787109375,106.3917236328125,1,-1,-1,-1
7,-1,887.4166455042305,110.02980179589206,19.45326992786438,47.389626693936705,1,-1,-1,-1
7,-1,812.4503857822165,112.55724855290201,20.71852325650594,52.128589363330384,1,-1,-1,-1
7,-1,409.55382330901847,97.18526619756592,10.485786961117137,41.48171989942592,1,-1,-1,-1
8,-1,369.64105224609375,348.9673156738281,60.3646240234375,115.11224365234375,1,-1,-1,-1
8,-1,122.5484848022461,351.4400939941406,49.38721466064453,136.90768432617188,1,-1,-1,-1
8,-1,812.7128225979712,112.032836598136,16.017960018122416,54.44296648094125,1,-1,-1,-1
8,-1,412.3653430756228,97.8585970358463,19.999629319777753,40.32426416865886,1,-1,-1,-1
8,-1,522.047303654023,384.9951427279182,22.8962873593378,79.37921017409029,1,-1,-1,-1
9,-1,137.07156372070312,344.55914306640625,58.58795166015625,144.392333984375,1,-1,-1,-1
9,-1,379.45330810546875,344.6645202636719,53.9486083984375,111.3475341796875,1,-1,-1,-1
9,-1,523.292990025994,377.8821861263048,49.00220704051461,99.93945718343544,1,-1,-1,-1
9,-1,809.3944272514824,112.49540413803783,18.24732534900284,54.41908798687067,1,-1,-1,-1
9,-1,414.27983359103354,97.66026102264362,20.103469555082928,41.755526631435345,1,-1,-1,-1
10,-1,152.2086944580078,345.90802001953125,51.819549560546875,138.70526123046875,1,-1,-1,-1
10,-1,403.358154296875,341.12707519531256,31.96441650390625,104.858154296875,1,-1,-1,-1
10,-1,808.1813744444576,112.26082571964183,17.990320766622556,51.59545606302361,1,-1,-1,-1
10,-1,525.2187864654551,372.5348172868029,51.10719695334394,101.21070272490772,1,-1,-1,-1
10,-1,421.4965914509978,95.89733931571615,12.968846618576194,43.282525713795536,1,-1,-1,-1
11,-1,174.0099639892578,342.79205322265625,45.9111328125,137.46142578125,1,-1,-1,-1
11,-1,527.2695922851562,369.46087646484375,55.48046875,104.32928466796875,1,-1,-1,-1
11,-1,412.6118469238281,332.86663174479264,28.40924072265625,112.27130770833236,1,-1,-1,-1
11,-1,422.88487143777195,95.70440354713071,16.44829327234057,43.295689498988274,1,-1,-1,-1
12,-1,182.06234741210938,342.57012939453125,56.434356689453125,137.106689453125,1,-1,-1,-1
12,-1,532.1817626953125,366.0022277832031,55.7047119140625,104.634521484375,1,-1,-1,-1
12,-1,428.49197396694797,96.44571328785253,16.859500604149115,42.09778504644712,1,-1,-1,-1
13,-1,544.3526611328125,360.12530517578125,52.4393310546875,100.45086669921875,1,-1,-1,-1
13,-1,205.16671752929688,342.3974304199219,49.246002197265625,128.03570556640625,1,-1,-1,-1
13,-1,433.393206672713,95.94586445776159,13.250014024941017,42.89638801480789,1,-1,-1,-1
14,-1,557.7999877929688,350.814208984375,52.7220458984375,102.7691650390625,1,-1,-1,-1
14,-1,225.8133087158203,343.5018005371094,48.45146179199219,148.10739135742188,1,-1,-1,-1
14,-1,438.02082969526776,95.0303700142599,13.478462542612418,42.89638801480789,1,-1,-1,-1
14,-1,1082.501116287255,115.634830409494,12.636399664277256,41.41357441997664,1,-1,-1,-1
15,-1,569.8887329101562,349.0342102050781,52.067138671875,104.8121337890625,1,-1,-1,-1
15,-1,244.81700134277344,340.8616638183594,57.32807922363281,126.56732177734375,1,-1,-1,-1
15,-1,441.66029313981744,95.01942028226219,20.56036659042573,43.535270389496525,1,-1,-1,-1
15,-1,1084.8339444352027,113.85718070066666,8.444888882124415,37.007875013596156,1,-1,-1,-1
16,-1,261.44329833984375,344.6470031738281,46.7060546875,127.848388671875,1,-1,-1,-1
16,-1,573.8926391601562,342.98968505859375,51.4664306640625,105.6241455078125,1,-1,-1,-1
16,-1,446.0361870653567,94.46484972946577,15.420274942819267,44.15133553651769,1,-1,-1,-1
16,-1,1085.0597025922705,114.96858496711825,9.66208149100851,37.693206032366454,1,-1,-1,-1
16,-1,1047.6580968206251,120.57583875705706,13.090562020075982,32.08595224242766,1,-1,-1,-1
17,-1,282.35552978515625,343.08270263671875,47.73040771484375,129.33984375,1,-1,-1,-1
17,-1,585.6233520507812,337.1630554199219,49.2369384765625,99.12847900390625,1,-1,-1,-1
17,-1,451.84893483629185,93.99190153250662,11.65087440124121,42.668215738133384,1,-1,-1,-1
17,-1,1084.1026759128197,113.6314591752401,10.721793654538441,35.138790416949874,1,-1,-1,-1
17,-1,1051.1892628337719,119.61252988450818,11.719169808448806,31.1514099441045,1,-1,-1,-1
18,-1,284.2437438964844,321.9297790527344,86.52642822265625,150.72259521484375,1,-1,-1,-1
18,-1,587.6451416015625,331.3946228027344,54.725341796875,104.19989013671875,1,-1,-1,-1
19,-1,597.5026855468749,329.11621093749994,48.954415626084206,103.8680419921875,1,-1,-1,-1
19,-1,310.9840087890625,349.4183349609375,65.57623291015625,114.46142578125,1,-1,-1,-1
19,-1,1083.4401379669148,115.58234733983049,12.338561899220148,41.598709759194115,1,-1,-1,-1
20,-1,605.5679321289064,322.474853515625,51.849609375,98.3907470703125,1,-1,-1,-1
20,-1,345.4592590332031,362.4893493652344,36.13946533203125,101.07574462890625,1,-1,-1,-1
20,-1,918.6693615154828,120.53653705659323,15.420274942819267,49.798599384211826,1,-1,-1,-1
20,-1,1083.6125951574475,113.45879516128905,11.653086238152675,44.50890756127764,1,-1,-1,-1
20,-1,522.0432686891529,270.1348312757544,25.70533729004256,103.73999223897793,1,-1,-1,-1
21,-1,353.60345458984375,356.01702880859375,61.15191650390625,108.44134521484375,1,-1,-1,-1
21,-1,617.8128051757812,318.7627258300781,47.1981201171875,97.8336181640625,1,-1,-1,-1
21,-1,523.2164306640625,263.7709045410156,39.2164306640625,108.12384033203125,1,-1,-1,-1
21,-1,914.3180400069186,119.24961654047544,16.772930639557767,54.311006382130095,1,-1,-1,-1
21,-1,864.8108415062883,117.08798444566429,17.855055196948612,47.82611009769668,1,-1,-1,-1
21,-1,1083.4292177002471,116.05972081551597,12.1329192009,41.29057116838528,1,-1,-1,-1
22,-1,525.314453125,260.93719482421875,40.1505126953125,112.517578125,1,-1,-1,-1
22,-1,626.633056640625,315.6012573242188,51.55224609375,98.58941650390625,1,-1,-1,-1
22,-1,379.3059387207031,348.4055480957031,41.295166015625,104.70538330078124,1,-1,-1,-1
22,-1,912.347612718336,120.34020444042113,19.061173193207125,53.691788854970625,1,-1,-1,-1
22,-1,865.0159354632933,119.69846991227406,14.991933972185347,44.92141697029418,1,-1,-1,-1
22,-1,1082.6220425334677,113.92133366830788,13.366775390822061,43.48177892524818,1,-1,-1,-1
23,-1,636.1913452148436,310.83203125,43.2802734375,90.60137939453125,1,-1,-1,-1
23,-1,531.8877563476562,254.22213745117188,53.2252197265625,118.0113525390625,1,-1,-1,-1
23,-1,397.3319091796875,342.87957763671875,43.37298583984375,104.52484130859375,1,-1,-1,-1
23,-1,911.387642100363,118.70471723517974,17.691478228970983,54.68175142164714,1,-1,-1,-1
23,-1,864.5291321966021,121.09256664223857,14.10536777715243,46.80184837835301,1,-1,-1,-1
23,-1,785.6347022565964,122.04770640506209,18.408700319334667,51.33876225176479,1,-1,-1,-1
23,-1,1075.8406360200936,113.4823518936872,16.74519114894203,42.55247206407865,1,-1,-1,-1
24,-1,542.5230102539062,253.97711181640625,50.1414794921875,117.54150390625,1,-1,-1,-1
24,-1,637.8380126953125,306.7630615234375,51.49658203125,92.68048095703125,1,-1,-1,-1
24,-1,782.0108018603435,121.92585902195295,22.36052874301636,52.622231308058886,1,-1,-1,-1
24,-1,863.4668613354668,120.1303978870953,14.579169036847308,48.538466128941245,1,-1,-1,-1
24,-1,907.9451158357755,121.84311951708723,17.590535860697518,51.110589975090264,1,-1,-1,-1
24,-1,401.2780874215634,328.91151470500637,49.61305851167955,118.7487892084299,1,-1,-1,-1
24,-1,1077.877060779425,115.40541699330629,14.394988882423974,42.31769980441475,1,-1,-1,-1
25,-1,552.1915893554688,248.37551879882812,45.809814453125,107.2640380859375,1,-1,-1,-1
25,-1,642.6422119140625,303.1259460449219,50.33251953125,94.82757568359375,1,-1,-1,-1
25,-1,906.995897857027,120.47704748248375,15.62587860872354,54.82979808488478,1,-1,-1,-1
25,-1,864.4359390148458,121.50382272751906,12.747427286063958,48.053081467651815,1,-1,-1,-1
25,-1,782.6056799849514,122.53059797255436,20.354762924521456,52.36553749680007,1,-1,-1,-1
25,-1,1076.6887704584058,114.45002356018146,11.751011332590984,41.378610765759234,1,-1,-1,-1
26,-1,560.3248291015625,245.44696044921872,40.357177734375,107.8656005859375,1,-1,-1,-1
26,-1,648.6600341796875,298.9598083496094,48.560302734375,87.409423828125,1,-1,-1,-1
26,-1,780.7240285852866,124.69277994508218,21.588384919947092,51.338762251764805,1,-1,-1,-1
26,-1,863.2224995293699,122.89592326627042,13.87824744853734,47.48835508288242,1,-1,-1,-1
26,-1,904.3432327102214,121.86914802123512,16.19128868996023,52.87892511931772,1,-1,-1,-1
26,-1,1073.036472665721,112.37611304600932,18.165105018296718,36.97663089706144,1,-1,-1,-1
27,-1,568.1485595703125,243.63467407226562,51.5416259765625,111.07537841796875,1,-1,-1,-1
27,-1,660.4221801757812,293.0497131347656,42.0460205078125,91.45404052734375,1,-1,-1,-1
27,-1,778.2235477021217,123.55775882059238,20.289835451078076,52.689782311021744,1,-1,-1,-1
27,-1,862.6292631786063,122.74714678503818,12.985494688689922,46.7452940502911,1,-1,-1,-1
27,-1,902.0996433233862,123.0818152267499,17.84484647470901,52.69488049992462,1,-1,-1,-1
27,-1,1067.7957528698796,112.83864253311538,21.59320654454024,41.341927600186736,1,-1,-1,-1
28,-1,579.6887817382812,238.41595458984375,40.881591796875,108.54632568359375,1,-1,-1,-1
28,-1,668.4705200195312,293.5771789550781,41.9173583984375,89.713623046875,1,-1,-1,-1
28,-1,773.4450654370974,122.32427969624223,24.415435326130545,54.93247560938831,1,-1,-1,-1
28,-1,861.5965071176191,120.78411682868928,14.393386689226444,49.02851795043537,1,-1,-1,-1
28,-1,899.8913199682154,124.63452399757165,18.504329931383236,51.85214987428242,1,-1,-1,-1
28,-1,1069.1296611370797,112.7451870520689,20.82132320493441,41.85549191820151,1,-1,-1,-1
29,-1,591.0062255859375,232.64324951171875,47.1190185546875,109.13604736328125,1,-1,-1,-1
29,-1,672.060546875,288.5735778808594,43.297607421875,83.21160888671875,1,-1,-1,-1
29,-1,775.670804851039,123.0363861189744,21.588384919947092,55.035153133891846,1,-1,-1,-1
29,-1,861.8187408649228,122.83103106996734,13.158634617872387,48.25843651665891,1,-1,-1,-1
29,-1,898.5994476913825,122.36062976013201,16.487086416850822,55.2133858179357,1,-1,-1,-1
29,-1,1067.4102277900768,111.87509296679394,15.011916977384887,41.70142262279707,1,-1,-1,-1
30,-1,600.9984741210938,233.28152465820312,44.9879150390625,107.81524658203125,1,-1,-1,-1
30,-1,674.838623046875,284.9752197265625,45.51220703125,87.37286376953125,1,-1,-1,-1
30,-1,893.4047361028388,122.59544459350059,18.504329931383122,54.93247560938831,1,-1,-1,-1
30,-1,859.9941403933971,123.10883221601824,15.677279525199548,47.48835508288239,1,-1,-1,-1
30,-1,775.4396327902712,123.6222198385359,21.074375755186292,54.67578179812948,1,-1,-1,-1
30,-1,1065.5490178084683,112.13108684008428,10.739118690062163,42.22639948121215,1,-1,-1,-1
30,-1,1036.0144836304894,118.92267362607389,9.988359632702325,37.85702687080099,1,-1,-1,-1
30,-1,523.0714821807546,300.9486903566389,25.705337290042678,100.65860633088948,1,-1,-1,-1
31,-1,607.3531494140625,228.5556640625,44.3704833984375,108.53686523437499,1,-1,-1,-1
31,-1,680.1614379882812,282.8146667480469,45.1136474609375,88.5115966796875,1,-1,-1,-1
31,-1,523.7057495117188,292.2863464355469,37.496337890625,113.8433837890625,1,-1,-1,-1
31,-1,775.8563409002631,121.08523245225523,19.875021037411525,56.13038006192951,1,-1,-1,-1
31,-1,890.8194564451554,122.88047990474108,18.7613345137634,56.472638476941256,1,-1,-1,-1
31,-1,858.6938836476152,122.62378609348227,15.934284107579948,49.54190557295301,1,-1,-1,-1
31,-1,1035.0369330342114,120.57942825874669,12.567053786243068,37.6613833210811,1,-1,-1,-1
31,-1,1064.3013322326897,112.80829336901127,10.967610577084965,40.62864382516628,1,-1,-1,-1
32,-1,615.206787109375,226.37753295898438,35.9794921875,99.5662841796875,1,-1,-1,-1
32,-1,684.45263671875,279.15802001953125,44.45654296875,83.11444091796875,1,-1,-1,-1
32,-1,771.8109755848647,124.28439386858281,23.49756181762954,56.325956299079074,1,-1,-1,-1
32,-1,890.4391086062919,122.21230401699972,17.329451840501598,57.792778077700895,1,-1,-1,-1
32,-1,857.2488025388903,123.67912579562157,14.979695658738784,48.405118694521065,1,-1,-1,-1
32,-1,527.2557197723867,287.46977374083554,32.13167161255311,112.98414996324331,1,-1,-1,-1
33,-1,623.3834838867188,224.44036865234375,43.0306396484375,100.1397705078125,1,-1,-1,-1
33,-1,693.4910888671875,272.4545593261719,42.7523193359375,82.44329833984375,1,-1,-1,-1
33,-1,526.5439453125,284.7176208496094,49.35302734375,115.802490234375,1,-1,-1,-1
33,-1,887.4464177474756,122.45479238581136,17.916890885942358,58.379506789149666,1,-1,-1,-1
33,-1,854.8435507255148,125.97516465450379,18.79804945410356,48.698483050245464,1,-1,-1,-1
33,-1,769.6648891366082,125.09507158733068,23.791281340349745,56.91268501052782,1,-1,-1,-1
34,-1,629.9381713867188,219.75340270996094,37.062255859375,103.96101379394531,1,-1,-1,-1
34,-1,529.3321533203125,278.9757080078125,51.81005859375,112.30432128906249,1,-1,-1,-1
34,-1,701.6824951171875,272.8095397949219,37.90771484375,81.93572998046875,1,-1,-1,-1
34,-1,767.371296123975,125.07143142289553,22.183553426512,55.39182242953568,1,-1,-1,-1
34,-1,886.9460597156614,124.80122741104414,16.23186836086246,54.04080237027871,1,-1,-1,-1
34,-1,853.2695918748348,124.52444708894116,17.93055225909217,51.09997731105888,1,-1,-1,-1
34,-1,520.9921532022431,103.14733148518165,10.282134916017082,34.579997412992626,1,-1,-1,-1
35,-1,641.5949096679688,214.6880645751953,41.793701171875,101.37455749511719,1,-1,-1,-1
35,-1,545.0303344726562,272.494384765625,48.6766357421875,115.2889404296875,1,-1,-1,-1
35,-1,705.9243774414062,267.75262451171875,40.77050781250001,84.8212890625,1,-1,-1,-1
35,-1,763.079345703125,125.91313171386719,25.2281494140625,54.658050537109375,1,-1,-1,-1
35,-1,851.2162419769573,126.29538890060844,17.75668023718598,49.47189816988244,1,-1,-1,-1
35,-1,884.7821989581983,125.97776416163322,19.364996439819546,55.159321303058896,1,-1,-1,-1
35,-1,524.3868970252457,101.15450998753903,14.806274279064622,39.44173962353221,1,-1,-1,-1
35,-1,1029.8953299849807,118.16712229095172,12.899405621912335,40.898394780083116,1,-1,-1,-1
35,-1,1059.4330993800843,111.63084915258227,14.39498888242374,43.51290403543089,1,-1,-1,-1
36,-1,555.529296875,269.08941650390625,46.9200439453125,111.97027587890625,1,-1,-1,-1
36,-1,649.1276855468751,214.52520751953125,42.95703125,100.33343505859375,1,-1,-1,-1
36,-1,711.4922485351562,263.3591003417969,37.391357421875,81.216064453125,1,-1,-1,-1
36,-1,880.1951904296875,123.50381469726562,25.42578125,58.158935546875,1,-1,-1,-1
36,-1,847.9613376966508,127.76031464230645,19.314283766763435,47.916178101647134,1,-1,-1,-1
36,-1,762.2931435698769,126.51573858771823,24.610135767327773,57.25049851105891,1,-1,-1,-1
36,-1,1060.751665021202,110.69097979952663,14.688764165738439,43.43286803781822,1,-1,-1,-1
36,-1,1027.8488332899472,119.49493953692223,14.101213599109041,40.204749467439825,1,-1,-1,-1
36,-1,531.3923770370403,99.67402051917,10.282134916017023,39.92235830605166,1,-1,-1,-1
37,-1,656.1362915039062,212.40188598632812,40.46533203125001,97.18585205078125,1,-1,-1,-1
37,-1,564.067626953125,263.99081420898443,39.984619140625,109.7332763671875,1,-1,-1,-1
37,-1,708.9852905273438,262.5433044433594,45.477294921875,81.4478759765625,1,-1,-1,-1
37,-1,762.8641226049095,124.57693488679746,22.18355342651188,59.98529063100937,1,-1,-1,-1
37,-1,877.2987945489895,125.11734291050026,20.830897729773497,56.74284248879265,1,-1,-1,-1
37,-1,847.5403692207418,127.2789750053114,16.502399500210114,51.33876225176479,1,-1,-1,-1
37,-1,1059.1786684097615,111.08620154895041,15.570090015683002,43.4328680378182,1,-1,-1,-1
37,-1,1026.5696119618217,119.00976531260643,14.394988882423856,40.20474946743984,1,-1,-1,-1
37,-1,536.6222413481453,98.98276348110579,10.496346060100697,40.65717517616711,1,-1,-1,-1
38,-1,661.0130004882812,206.385009765625,36.385498046875,101.838623046875,1,-1,-1,-1
38,-1,564.90185546875,261.23193359375,46.5684814453125,109.713134765625,1,-1,-1,-1
38,-1,715.1663818359375,258.92559814453125,45.709716796875,80.28973388671875,1,-1,-1,-1
38,-1,762.3322675341915,125.25303378377778,22.763263010828496,57.57275481090765,1,-1,-1,-1
38,-1,877.6853520122656,124.27594703347549,16.974256138607412,57.78595565082362,1,-1,-1,-1
38,-1,844.6931358555361,128.3352910254755,16.974256138607295,51.33876225176478,1,-1,-1,-1
38,-1,1028.1225805200722,118.86977429717967,12.3385618992205,40.20474946743981,1,-1,-1,-1
38,-1,537.7236063519163,98.59793672078561,17.62651699888636,40.791680116599515,1,-1,-1,-1
39,-1,669.7755126953125,206.85617065429688,43.8232421875,95.47406005859376,1,-1,-1,-1
39,-1,721.63330078125,252.91720581054688,40.9581298828125,79.490234375,1,-1,-1,-1
39,-1,566.8649291992188,260.3088073730469,50.423095703125,105.99633789062501,1,-1,-1,-1
39,-1,759.4590908837279,124.12941642287622,22.887955261039927,60.25039645395792,1,-1,-1,-1
39,-1,873.3979552918238,124.23599004698903,18.897395763258913,58.88858022996548,1,-1,-1,-1
39,-1,842.4062262400791,130.12484806998557,17.53678326830426,48.46983142004853,1,-1,-1,-1
39,-1,1026.1433824597575,119.91388447713591,14.394988882423856,36.4630665790467,1,-1,-1,-1
39,-1,537.8964203560275,96.29064908146998,20.050163086233326,44.93687782628994,1,-1,-1,-1
40,-1,676.059814453125,205.3078155517578,34.9473876953125,93.70149230957031,1,-1,-1,-1
40,-1,728.9226074218749,250.98196411132812,39.0836181640625,81.56671142578125,1,-1,-1,-1
40,-1,575.30908203125,254.81817626953125,50.023681640625,103.375244140625,1,-1,-1,-1
40,-1,757.1989458381103,127.59590647978567,24.629605811447504,58.39784206138241,1,-1,-1,-1
40,-1,840.9396055970317,131.44631364866802,17.99032076662244,47.060532064117716,1,-1,-1,-1
40,-1,871.7801554826702,126.0985259141092,17.776150281305597,57.756107533235344,1,-1,-1,-1
40,-1,548.0071304752532,97.0367380608646,16.04013046898657,45.60451143970912,1,-1,-1,-1
41,-1,588.5457763671874,251.30126953125,41.7647705078125,102.72955322265625,1,-1,-1,-1
41,-1,684.8717041015625,197.6237335205078,36.4930419921875,99.74955749511719,1,-1,-1,-1
41,-1,753.7269897460938,127.97364807128906,25.530029296875,57.886627197265625,1,-1,-1,-1
41,-1,735.210205078125,250.48373413085938,39.538818359375,73.981201171875,1,-1,-1,-1
41,-1,869.556686395249,125.19978354093118,17.19594296653789,59.739650620235395,1,-1,-1,-1
41,-1,840.3983483215544,128.9335117046959,17.19594296653777,50.77870302720009,1,-1,-1,-1
41,-1,549.9615146099055,101.29140432016312,18.72817431131683,39.617818818280114,1,-1,-1,-1
42,-1,690.9663696289062,198.4618682861328,39.312255859375,91.22801208496094,1,-1,-1,-1
42,-1,596.1734619140625,247.75534057617188,40.277099609375,105.96905517578125,1,-1,-1,-1
42,-1,740.29736328125,244.89208984375,37.0972900390625,77.57073974609375,1,-1,-1,-1
42,-1,749.7132568359375,128.0703582763672,28.2703857421875,57.471038818359375,1,-1,-1,-1
42,-1,837.9043847563922,129.0598262127714,17.06898358450443,49.20771929037078,1,-1,-1,-1
42,-1,864.6716544684558,125.96012735983466,22.11209237083523,57.731891135946796,1,-1,-1,-1
42,-1,556.3429000020594,95.91157346804454,11.995824068686645,45.19365998529733,1,-1,-1,-1
43,-1,696.9091796875,196.86773681640625,39.4041748046875,96.08172607421875,1,-1,-1,-1
43,-1,748.2574462890625,129.38812255859375,26.8778076171875,57.30395507812499,1,-1,-1,-1
43,-1,740.3414306640625,243.65130615234375,42.5015869140625,78.47723388671875,1,-1,-1,-1
43,-1,603.0247802734375,242.63546752929688,40.9677734375,102.03192138671875,1,-1,-1,-1
43,-1,861.858969888574,126.5272275698419,19.418124002068723,60.23748104207065,1,-1,-1,-1
43,-1,833.9882507326637,130.40615627330857,17.133638825354833,49.5133840383687,1,-1,-1,-1
43,-1,559.2995072533851,96.17711248644437,15.8638652989977,44.606729336137604,1,-1,-1,-1
44,-1,701.7718505859375,192.4823455810547,34.713134765625,95.72431945800781,1,-1,-1,-1
44,-1,748.6271362304688,127.55839538574219,27.807861328125,60.75836181640625,1,-1,-1,-1
44,-1,603.2817993164062,240.26846313476562,43.47900390625,105.99176025390625,1,-1,-1,-1
44,-1,750.8524169921875,242.09848022460938,35.192626953125,78.99621582031251,1,-1,-1,-1
44,-1,833.0773531366758,131.0668157668577,15.99139623699771,49.28521176169418,1,-1,-1,-1
44,-1,857.063317416244,127.64423161674006,21.47529073703987,58.64027510534911,1,-1,-1,-1
44,-1,565.0799905486006,95.94899790645495,12.749847295861148,45.60451143970912,1,-1,-1,-1
45,-1,707.412841796875,191.95086669921875,34.341796875,91.6055908203125,1,-1,-1,-1
45,-1,751.598388671875,236.53579711914062,38.5811767578125,76.7730712890625,1,-1,-1,-1
45,-1,605.361328125,239.45098876953125,48.2166748046875,97.031494140625,1,-1,-1,-1
45,-1,749.1426862655094,129.0304130208175,22.616403249468338,58.672871144873994,1,-1,-1,-1
45,-1,855.4691534902826,129.61714173226622,19.679208022264525,56.91268501052782,1,-1,-1,-1
45,-1,831.090433104492,131.08396351088808,15.567134704179429,48.1117543387967,1,-1,-1,-1
45,-1,571.3154444890145,94.92692730955541,9.596659254949316,44.166531349267835,1,-1,-1,-1
46,-1,713.05078125,190.47689819335938,33.1171875,94.6676025390625,1,-1,-1,-1
46,-1,614.7478637695312,238.17608642578125,44.464111328125,97.95684814453125,1,-1,-1,-1
46,-1,746.7041625976562,126.57180786132812,25.955078125,61.2064208984375,1,-1,-1,-1
46,-1,760.5550537109375,234.929931640625,33.5955810546875,77.9996337890625,1,-1,-1,-1
46,-1,572.4667849173882,95.17721004408202,13.706911060283819,45.63445533490202,1,-1,-1,-1
46,-1,854.0011493038287,132.85048705266527,17.56976781363646,56.19260886465892,1,-1,-1,-1
46,-1,827.0857603127258,130.98362297078293,15.887556001692657,50.59201661901184,1,-1,-1,-1
47,-1,720.9838256835938,187.95651245117188,35.54296875,89.8162841796875,1,-1,-1,-1
47,-1,624.461669921875,232.27252197265625,42.34228515624999,99.322265625,1,-1,-1,-1
47,-1,765.3226928710938,234.49105834960938,34.6595458984375,77.46466064453125,1,-1,-1,-1
47,-1,745.6785278320312,128.41213989257812,25.4007568359375,58.58984375,1,-1,-1,-1
47,-1,850.9068312261289,135.51919258581486,20.26664706770529,52.21885531893789,1,-1,-1,-1
47,-1,825.9406717948978,131.7054559613981,15.860854226899868,49.871940473142914,1,-1,-1,-1
47,-1,574.7164803338857,96.08194190996893,20.975555228674697,48.069620166179874,1,-1,-1,-1
48,-1,726.4242553710936,184.49520874023438,38.478271484375,93.117431640625,1,-1,-1,-1
48,-1,630.9818115234375,231.26698303222656,42.0308837890625,94.87443542480469,1,-1,-1,-1
48,-1,740.9535522460938,129.61593627929688,26.2635498046875,50.1025390625,1,-1,-1,-1
48,-1,769.6624755859375,229.425537109375,34.365966796875,71.6588134765625,1,-1,-1,-1
48,-1,846.5208497834064,131.31958488701346,21.14780563586649,57.499413721976524,1,-1,-1,-1
48,-1,822.1663969781221,128.88497869148296,16.67674179001203,53.39231274183539,1,-1,-1,-1
48,-1,579.5083974026742,96.6316724705506,17.685995276453674,47.658768711768104,1,-1,-1,-1
49,-1,731.3451538085938,185.693115234375,35.6849365234375,90.680419921875,1,-1,-1,-1
49,-1,770.437255859375,226.73733520507812,39.6143798828125,72.80017089843749,1,-1,-1,-1
49,-1,635.7954711914062,226.79193115234375,39.3311767578125,97.1224365234375,1,-1,-1,-1
49,-1,737.8069458007811,130.30776977539062,27.8922119140625,42.408599853515625,1,-1,-1,-1
49,-1,843.685434589471,134.34129528389212,22.322683726748014,56.91268501052778,1,-1,-1,-1
49,-1,817.2506775446379,130.2341943037509,20.26664706770529,52.218855318937905,1,-1,-1,-1
49,-1,587.1534511967683,95.8011628468162,12.044786615905684,47.24791725735628,1,-1,-1,-1
50,-1,735.85888671875,181.2681884765625,35.1578369140625,90.7796630859375,1,-1,-1,-1
50,-1,634.1280517578125,226.91073608398438,41.456787109375,95.91503906250001,1,-1,-1,-1
50,-1,776.2890014648438,227.21885681152344,34.1185302734375,71.15959167480469,1,-1,-1,-1
50,-1,736.5520853388972,134.2773040219953,27.10230141465212,34.848129528470615,1,-1,-1,-1
50,-1,816.9244274651068,131.7881519128188,17.445159531270345,52.27219429270597,1,-1,-1,-1
50,-1,842.4691253501813,133.96616000834823,18.379721649016773,56.00592245647065,1,-1,-1,-1
50,-1,590.3250106476115,96.0768023636265,14.652042255324218,46.73435293934154,1,-1,-1,-1
51,-1,741.891845703125,179.6483612060547,29.0623779296875,88.96046447753906,1,-1,-1,-1
51,-1,635.4966430664062,225.37652587890625,47.43212890625,89.23846435546875,1,-1,-1,-1
51,-1,774.6806640625,223.21559143066406,37.90625,67.21910095214844,1,-1,-1,-1
51,-1,837.6792998373281,132.40861882712514,22.616403249468338,59.03957658952951,1,-1,-1,-1
51,-1,814.2918828407189,130.61176214831337,17.99032076662244,54.16239417561184,1,-1,-1,-1
51,-1,736.1624897971013,132.92200644964277,26.985481149933833,34.14027689742358,1,-1,-1,-1
51,-1,594.1074337155388,95.37916595075676,13.252529447310893,46.79141564134319,1,-1,-1,-1
52,-1,746.5325927734375,180.56056213378906,30.7520751953125,87.85563659667969,1,-1,-1,-1
52,-1,647.0317993164062,219.89372253417966,37.8070068359375,92.79737854003906,1,-1,-1,-1
52,-1,783.2618408203125,219.5756683349609,34.21337890625,71.78157043457031,1,-1,-1,-1
52,-1,836.0585839863717,134.72903048223603,21.441525158586813,59.84632856777149,1,-1,-1,-1
52,-1,814.9107783505052,130.62192950209484,14.685976136018343,54.85913452045721,1,-1,-1,-1
52,-1,735.9002267387264,130.32856514637047,24.672439908510828,64.24679390363704,1,-1,-1,-1
53,-1,753.1675415039062,178.56326293945312,31.3624267578125,82.8343505859375,1,-1,-1,-1
53,-1,656.2890625,219.7987823486328,36.475830078125,91.71220397949219,1,-1,-1,-1
53,-1,732.6232299804688,133.41078186035156,27.8984375,60.796661376953125,1,-1,-1,-1
53,-1,789.8919677734375,219.82814025878906,29.8486328125,69.61534118652344,1,-1,-1,-1
53,-1,833.4840187932394,134.7273495585515,19.189675484397323,60.693825595419696,1,-1,-1,-1
53,-1,811.5529610967853,132.2174545151319,17.133638825354833,53.39231274183536,1,-1,-1,-1
53,-1,601.2905088374708,98.19348710852012,19.095393415460205,44.606729336137604,1,-1,-1,-1
54,-1,760.1190795898438,176.6622314453125,30.358764648437504,83.00234985351562,1,-1,-1,-1
54,-1,661.196044921875,217.69931030273438,35.3541259765625,88.95452880859375,1,-1,-1,-1
54,-1,793.8427124023436,217.10263061523438,29.6544189453125,68.11846923828125,1,-1,-1,-1
54,-1,730.5540161132812,132.60987854003906,27.815185546875,61.7984619140625,1,-1,-1,-1
54,-1,830.6174409082989,133.01492637854142,20.56036659042573,60.113023436611854,1,-1,-1,-1
54,-1,808.3748625059293,133.57498560310614,21.494928708172388,54.88580400734125,1,-1,-1,-1
54,-1,605.5690445133066,98.45210047383462,15.080464543491681,44.16653134926782,1,-1,-1,-1
55,-1,765.3184204101562,177.0247802734375,28.0213623046875,78.19296264648438,1,-1,-1,-1
55,-1,791.3051147460938,213.81600952148438,36.7950439453125,70.8934326171875,1,-1,-1,-1
55,-1,726.035888671875,131.802734375,28.4669189453125,63.330352783203125,1,-1,-1,-1
55,-1,665.5917358398439,211.27868652343753,35.3699951171875,90.3564453125,1,-1,-1,-1
55,-1,826.4088426364701,133.64788793518838,22.183553426512,60.795902666563514,1,-1,-1,-1
55,-1,808.5537874395214,133.91809194703976,20.28983545107796,52.14937428731897,1,-1,-1,-1
55,-1,617.4216983941822,97.28204262676685,8.56844576334752,47.59029346936612,1,-1,-1,-1
56,-1,722.0712890625,131.840087890625,30.5936279296875,64.05462646484375,1,-1,-1,-1
56,-1,665.6622924804688,209.9844970703125,43.358154296875,90.19830322265625,1,-1,-1,-1
56,-1,797.1445922851562,212.79821777343747,33.0550537109375,69.9769287109375,1,-1,-1,-1
56,-1,770.40576171875,175.43597412109375,26.85546875,79.50369262695312,1,-1,-1,-1
56,-1,822.0262961634097,132.37602053184705,22.84485176713962,61.15017014876869,1,-1,-1,-1
56,-1,805.3495543733977,135.34226012861564,19.875021037411525,51.56693452843931,1,-1,-1,-1
56,-1,618.1084999602414,99.3961399686596,19.53605634043237,42.454650289218705,1,-1,-1,-1
57,-1,775.9049682617188,170.92759704589844,25.8189697265625,82.83445739746094,1,-1,-1,-1
57,-1,798.3059692382812,209.71560668945312,34.0692138671875,68.5692138671875,1,-1,-1,-1
57,-1,670.9406127929688,205.31932067871094,38.46740722656251,92.33772277832031,1,-1,-1,-1
57,-1,720.7060546875,135.64259338378906,27.760498046875,63.368194580078125,1,-1,-1,-1
57,-1,804.7781813512893,135.30141451832128,16.735182108485986,48.473342963294186,1,-1,-1,-1
57,-1,820.0789192790479,135.54019945902715,22.95110689163809,49.90605260752948,1,-1,-1,-1
57,-1,621.2589397617163,97.98516976125265,16.794153696161185,45.878412409316965,1,-1,-1,-1
58,-1,677.5010375976564,204.34640502929688,35.7838134765625,88.47222900390624,1,-1,-1,-1
58,-1,801.981201171875,205.68753051757812,33.1505126953125,71.2862548828125,1,-1,-1,-1
58,-1,781.1327514648438,172.0587158203125,25.7032470703125,79.49404907226562,1,-1,-1,-1
58,-1,817.308814101466,136.87676666181346,24.378720385790622,44.59138207010427,1,-1,-1,-1
58,-1,721.262530171906,135.70330923891598,24.672439908510945,67.18043746088077,1,-1,-1,-1
58,-1,800.9473687775767,134.7460386181626,17.452404198849674,51.09997731105888,1,-1,-1,-1
58,-1,630.7213123922977,97.0216948142103,9.870849519376492,45.193659985297295,1,-1,-1,-1
59,-1,785.4901733398438,171.86215209960938,30.927978515625,78.84466552734375,1,-1,-1,-1
59,-1,685.0858764648438,202.27859497070312,33.333984375,89.10345458984375,1,-1,-1,-1
59,-1,807.8681640625,206.5771484375,33.2447509765625,69.71124267578124,1,-1,-1,-1
59,-1,717.7699515372411,135.71135331404642,30.03424768150875,63.10362221252404,1,-1,-1,-1
59,-1,815.9299465246017,136.95785091064033,23.850025244893853,45.79417592857419,1,-1,-1,-1
59,-1,636.2476361822044,96.36837891845538,18.165105018296718,46.56316483333662,1,-1,-1,-1
60,-1,690.3316650390625,200.29843139648438,34.8126220703125,88.81402587890625,1,-1,-1,-1
60,-1,813.1159057617188,203.3917694091797,31.03564453125,65.59059143066406,1,-1,-1,-1
60,-1,794.9524519551331,165.58509780555937,22.616403249468338,82.82653643284713,1,-1,-1,-1
60,-1,715.9092648408297,135.92270183787303,28.09916767358184,60.92199787209421,1,-1,-1,-1
60,-1,811.1722967098024,138.43259688129265,22.844851767139737,38.78928703466672,1,-1,-1,-1
61,-1,695.7340698242188,198.46585083007812,35.619384765625,86.60614013671875,1,-1,-1,-1
61,-1,813.4701538085938,202.07806396484375,33.7772216796875,64.2855224609375,1,-1,-1,-1
61,-1,715.0347290039062,140.87211608886722,28.5106201171875,45.83892822265625,1,-1,-1,-1
61,-1,801.14795885548,166.96183851748847,21.631219017010412,82.14201960282367,1,-1,-1,-1
62,-1,695.7869873046875,197.51083374023438,38.9710693359375,86.87738037109375,1,-1,-1,-1
62,-1,819.6775512695312,202.3302001953125,32.0106201171875,64.994140625,1,-1,-1,-1
62,-1,712.1226196289062,142.21121215820312,28.8433837890625,38.6861572265625,1,-1,-1,-1
62,-1,805.2324832109797,166.17585787265804,21.588384919946975,70.07741047365889,1,-1,-1,-1
62,-1,1017.6831679347304,120.30144504058096,10.28213491601714,37.6613833210811,1,-1,-1,-1
63,-1,699.08447265625,193.61920166015625,39.2747802734375,86.74609375000001,1,-1,-1,-1
63,-1,707.2536010742188,137.54318237304688,29.6971435546875,41.791168212890625,1,-1,-1,-1
63,-1,820.47998046875,196.89398193359375,32.674560546875,63.963531494140625,1,-1,-1,-1
63,-1,809.4619472133642,163.12479241486608,23.30174880248254,72.55878398249423,1,-1,-1,-1
63,-1,791.3026121208867,145.5532804450108,18.79804945410356,46.938296915899215,1,-1,-1,-1
63,-1,1016.9077253151021,120.78482184226318,13.98370348578321,37.38748235147327,1,-1,-1,-1
64,-1,707.9015502929688,189.4397430419922,33.259033203125,87.40815734863281,1,-1,-1,-1
64,-1,824.84716796875,196.28460693359375,32.0106201171875,64.110107421875,1,-1,-1,-1
64,-1,703.8560791015625,139.38833618164062,31.6456298828125,39.32708740234375,1,-1,-1,-1
64,-1,797.751001699881,139.0002213877713,21.588384919947092,65.97030949351775,1,-1,-1,-1
64,-1,1019.328521075707,118.13776627640353,12.795545673265638,38.80263736111387,1,-1,-1,-1
64,-1,1051.0888933718486,110.37723880418073,12.795545673265755,44.96540917729076,1,-1,-1,-1
64,-1,785.5716280155056,151.84909633566969,19.741699038752753,39.03088816912041,1,-1,-1,-1
65,-1,712.2880249023438,187.49026489257812,36.0224609375,88.457275390625,1,-1,-1,-1
65,-1,830.7081298828125,197.1796875,27.9063720703125,58.13922119140625,1,-1,-1,-1
65,-1,704.5346113176525,140.83373007339253,25.847317999392352,45.178110781553016,1,-1,-1,-1
65,-1,795.8813828836868,139.07354393904632,20.266647067705406,66.30034439370766,1,-1,-1,-1
65,-1,784.4263214975925,148.75456767795055,12.923658999696176,46.938296915899215,1,-1,-1,-1
66,-1,719.9722290039062,186.248291015625,35.0029296875,85.1455078125,1,-1,-1,-1
66,-1,700.6796875,140.59365844726562,30.1605224609375,62.00384521484375,1,-1,-1,-1
66,-1,834.3274733692023,193.77638540268273,28.784513226595926,64.8335226150858,1,-1,-1,-1
66,-1,789.8935875096756,136.86982926872966,25.186449073271508,68.02385998358834,1,-1,-1,-1
66,-1,1017.6809779775527,117.4591279866433,12.59561527212086,39.801234646142525,1,-1,-1,-1
66,-1,1051.6120232004089,110.78279185245165,10.025081543116663,41.85549191820151,1,-1,-1,-1
67,-1,727.7131958007812,185.1725311279297,33.0184326171875,81.43568420410156,1,-1,-1,-1
67,-1,700.4571533203125,141.09213256835938,27.9876708984375,67.9273681640625,1,-1,-1,-1
67,-1,783.1995849609375,140.83773803710935,27.38427734375,66.21075439453125,1,-1,-1,-1
67,-1,836.1937255859375,191.79632568359375,29.3797607421875,62.502777099609375,1,-1,-1,-1
67,-1,1019.5724696366202,118.05599021584551,10.575910199331723,38.44395751996072,1,-1,-1,-1
67,-1,1050.712649667986,111.30628775050889,12.044786615905684,45.780590634457035,1,-1,-1,-1
68,-1,728.9696044921875,183.59669494628903,33.81469726562499,84.32572937011719,1,-1,-1,-1
68,-1,696.9742431640625,145.50885009765625,29.6031494140625,64.27230834960938,1,-1,-1,-1
68,-1,779.3804931640625,141.1057891845703,29.49462890625,66.20840454101562,1,-1,-1,-1
68,-1,839.5046386718749,193.08749389648438,28.4822998046875,60.54449462890625,1,-1,-1,-1
68,-1,1018.8722705263026,116.69998571736772,12.681299729754352,41.769897865199034,1,-1,-1,-1
68,-1,1051.0896265964893,110.53721390119084,10.28213491601714,46.220788621326804,1,-1,-1,-1
68,-1,832.4395041332082,159.79516100992512,16.040130468986682,40.263442532355796,1,-1,-1,-1
69,-1,731.7972412109375,181.20199584960938,37.6527099609375,83.97781372070312,1,-1,-1,-1
69,-1,691.5199584960939,144.34939575195312,28.454345703125,65.98373413085938,1,-1,-1,-1
69,-1,841.9227294921875,189.3499298095703,27.6400146484375,61.14924621582031,1,-1,-1,-1
69,-1,775.5553588867188,141.98406982421875,32.1976318359375,65.88619995117188,1,-1,-1,-1
69,-1,835.6237018693566,154.6958874303798,15.863865298997817,51.06296647689437,1,-1,-1,-1
69,-1,1019.8537627175083,115.59804854812762,12.338561899220382,42.55247206407865,1,-1,-1,-1
69,-1,1048.643740482356,111.48953400400968,12.926112465850013,45.19365998529733,1,-1,-1,-1
70,-1,684.4285278320314,143.52706909179688,33.1187744140625,68.01614379882812,1,-1,-1,-1
70,-1,741.0263061523438,174.2892303466797,33.68994140625,87.33174133300781,1,-1,-1,-1
70,-1,773.4307250976562,143.45867919921875,31.0078125,66.81970214843749,1,-1,-1,-1
70,-1,843.1048583984375,183.622314453125,30.4466552734375,66.16290283203125,1,-1,-1,-1
70,-1,1018.2903910939351,115.07180146731862,12.795545673265638,43.82415513725802,1,-1,-1,-1
70,-1,1048.2228282938959,111.64803934722035,15.76594020455939,43.13940271323835,1,-1,-1,-1
71,-1,682.0667114257812,145.74160766601562,32.0177001953125,67.64083862304686,1,-1,-1,-1
71,-1,747.3150634765625,174.95001220703125,31.7806396484375,83.69049072265625,1,-1,-1,-1
71,-1,846.7086181640625,163.34091186523438,29.166015625,84.5478515625,1,-1,-1,-1
71,-1,774.6209259400378,142.79613357514341,26.434757044833113,68.940623595227,1,-1,-1,-1
71,-1,1018.3478516648265,114.48426629171072,13.086353529476318,44.19765645945054,1,-1,-1,-1
71,-1,1049.1942564128776,112.3055085789209,13.709513221356149,43.57515425579632,1,-1,-1,-1
71,-1,706.1804688391018,101.0375198923231,11.23861258262321,28.186320709646306,1,-1,-1,-1
71,-1,0,479.6690730257693,20.275084787521113,177.69325403310074,1,-1,-1,-1
72,-1,679.9719848632812,147.05599975585938,32.464599609375,68.35174560546875,1,-1,-1,-1
72,-1,0.22912216186523438,476.451416015625,51.319091796875,182.133544921875,1,-1,-1,-1
72,-1,752.145263671875,174.87403869628906,35.1109619140625,83.79219055175781,1,-1,-1,-1
72,-1,852.4429321289062,183.3715057373047,25.301513671875,58.28498840332031,1,-1,-1,-1
72,-1,773.1420901325946,141.7128765362634,23.987094355496623,69.07397102964714,1,-1,-1,-1
72,-1,1018.5116329783831,114.42662098629381,13.481021334333462,45.42191079330387,1,-1,-1,-1
72,-1,1051.4144647096375,109.17685240214313,9.825151141971768,44.28065675327112,1,-1,-1,-1
73,-1,0,441.04107666015625,75.49327087402344,240.6505126953125,1,-1,-1,-1
73,-1,679.51025390625,146.43133544921875,30.128173828125,69.3123779296875,1,-1,-1,-1
73,-1,852.3474121093751,182.5875244140625,29.3975830078125,59.17315673828125,1,-1,-1,-1
73,-1,755.5259399414061,175.18798828125,34.2276611328125,79.47128295898438,1,-1,-1,-1
73,-1,714.0754541532714,98.01291790096765,19.875021037411525,49.45634096920008,1,-1,-1,-1
73,-1,1019.3447705456647,114.62979091529492,10.539188288917503,42.62583839522359,1,-1,-1,-1
73,-1,1051.2193887853175,110.77805853018435,10.79624166181798,45.96400646231941,1,-1,-1,-1
74,-1,5.4627532958984375,499.653564453125,72.36087799072266,188.0396728515625,1,-1,-1,-1
74,-1,675.23486328125,148.51354980468747,30.8031005859375,66.53652954101564,1,-1,-1,-1
74,-1,755.625732421875,176.39404296875,35.42333984375,76.2725830078125,1,-1,-1,-1
74,-1,855.3444213867188,182.39810180664062,27.91552734375,59.101593017578125,1,-1,-1,-1
74,-1,721.6132898837438,96.42498957561173,14.879212664123845,51.06855823991337,1,-1,-1,-1
74,-1,1052.2170143375474,110.30782046155755,8.568445763347404,42.79702650122852,1,-1,-1,-1
74,-1,1018.628706945225,113.73158258165584,13.709513221356032,45.53603619730713,1,-1,-1,-1
75,-1,762.2265625,174.69140625,31.9454345703125,77.04745483398438,1,-1,-1,-1
75,-1,670.99560546875,151.1541290283203,29.6981201171875,67.56454467773436,1,-1,-1,-1
75,-1,856.9539184570312,178.46739196777344,28.117919921875,54.84910583496094,1,-1,-1,-1
75,-1,14.105080617006422,512.7047119140625,81.09813593572795,195.893798828125,1,-1,-1,-1
75,-1,728.0467612755375,98.55864686049001,18.504329931383122,48.77182413917654,1,-1,-1,-1
75,-1,1018.2916174416665,114.24418345926385,15.57603529577714,47.60503408800006,1,-1,-1,-1
75,-1,1052.0819889387762,110.5062602041398,9.90823910088882,48.1816705628377,1,-1,-1,-1
76,-1,33.672645568847656,532.2152099609375,82.91557312011719,184.9862060546875,1,-1,-1,-1
76,-1,664.3390502929688,151.79945373535156,31.529296875,67.31204223632812,1,-1,-1,-1
76,-1,764.3824462890625,171.11465454101562,34.518310546875,78.5775146484375,1,-1,-1,-1
76,-1,859.485107421875,176.7465362548828,28.0826416015625,60.21653747558594,1,-1,-1,-1
76,-1,729.8920346835757,98.0143434946827,18.396117475644036,49.177130156953616,1,-1,-1,-1
76,-1,1018.4907999357541,113.97916587929365,14.135252030917622,47.702266592264756,1,-1,-1,-1
76,-1,755.895017582832,150.4186332765999,18.50784284883069,50.84286748345949,1,-1,-1,-1
76,-1,1052.4877223179185,110.74543875335198,11.163460765961354,41.08514544117938,1,-1,-1,-1
77,-1,656.7482299804688,151.4588623046875,33.61083984375,67.5396728515625,1,-1,-1,-1
77,-1,772.4349975585938,167.49893188476562,30.152587890625,80.87576293945312,1,-1,-1,-1
77,-1,43.02257537841797,540.2963256835938,80.03028869628906,178.22607421875,1,-1,-1,-1
77,-1,862.0957641601562,178.52622985839844,26.4638671875,55.20771789550781,1,-1,-1,-1
77,-1,738.6983497153766,98.11312479902146,14.338150385428538,47.555906085845265,1,-1,-1,-1
77,-1,1018.4081476632813,115.02577200118496,14.777763486868503,44.70750546091182,1,-1,-1,-1
77,-1,1049.3111299629616,110.56859040603554,13.367137001274084,45.19365998529733,1,-1,-1,-1
78,-1,652.927001953125,153.0799560546875,34.3834228515625,68.86776733398438,1,-1,-1,-1
78,-1,59.31837463378906,550.105224609375,97.18147277832031,168.57324218750003,1,-1,-1,-1
78,-1,750.813232421875,146.5656280517578,25.897216796875,71.80117797851562,1,-1,-1,-1
78,-1,776.7064819335938,168.6416473388672,26.088134765625,75.94673156738281,1,-1,-1,-1
78,-1,867.2073538079414,177.72772392680744,24.298615061412256,55.38363442917657,1,-1,-1,-1
78,-1,1018.9521056952501,115.55181065915579,18.204491251939398,46.41879753597064,1,-1,-1,-1
78,-1,1051.018139285002,111.78052973111713,10.053643028994454,46.106663217323494,1,-1,-1,-1
79,-1,651.1154174804688,151.2517852783203,33.33642578125,73.78598022460938,1,-1,-1,-1
79,-1,81.64024353027342,557.6389107696735,87.11268615722656,161.3505911834516,1,-1,-1,-1
79,-1,747.4990234375,151.6712188720703,26.015625,71.00277709960938,1,-1,-1,-1
79,-1,780.2946166992188,166.16983032226562,28.3111572265625,76.52865600585938,1,-1,-1,-1
79,-1,866.81014444199,175.98859318474965,27.19706274613581,56.52348210944631,1,-1,-1,-1
79,-1,1018.6953291104508,115.14790943645475,16.654147481449368,44.24296807031151,1,-1,-1,-1
79,-1,742.4874032585819,99.78426183569648,25,39.64772858730123,1,-1,-1,-1
79,-1,1049.9765436595785,107.39846633777476,14.30638234716053,47.79077594944111,1,-1,-1,-1
80,-1,650.1948852539062,149.68963623046875,31.2532958984375,76.6168212890625,1,-1,-1,-1
80,-1,742.1544799804688,151.607177734375,28.79248046875,70.77273559570312,1,-1,-1,-1
80,-1,95.17799377441406,564.6096801757812,82.31732177734375,152.83349609375,1,-1,-1,-1
80,-1,783.3264770507812,165.473876953125,26.9957275390625,75.83383178710939,1,-1,-1,-1
80,-1,870.6775136437484,173.7571072445594,25,56.23922580999436,1,-1,-1,-1
80,-1,748.8666970879343,99.8467575405104,25,38.443197902387595,1,-1,-1,-1
80,-1,1020.5735345294335,115.4986614376759,16.540783109627906,46.93139987691725,1,-1,-1,-1
80,-1,1051.15771206928,110.76733610107738,13.375632012493323,50.0985495618627,1,-1,-1,-1
81,-1,644.1063842773438,150.51776123046875,34.46240234375,76.85089111328125,1,-1,-1,-1
81,-1,108.65302276611328,568.9473876953125,85.61894989013672,148.0885009765625,1,-1,-1,-1
81,-1,872.5675659179688,174.01438903808594,24.35567636915619,54.077911376953125,1,-1,-1,-1
81,-1,784.517131529715,165.57743298547356,28.901364846932353,75.28817183855712,1,-1,-1,-1
81,-1,738.326557354707,153.71696755885156,25,70.90495635480548,1,-1,-1,-1
81,-1,754.8917468715323,101.48705850443226,25,43.888187060339796,1,-1,-1,-1
81,-1,1018.4370746662294,118.9425874488856,18.910753045356962,40.895810669862044,1,-1,-1,-1
81,-1,1049.3836851269705,110.96291707427831,12.05371581642701,45.384375255578696,1,-1,-1,-1
82,-1,122.0257568359375,583.1962890625,85.59329223632812,134.928955078125,1,-1,-1,-1
82,-1,738.9842529296875,152.83282470703125,25.818359375,72.13204956054688,1,-1,-1,-1
82,-1,639.8831787109375,153.42425537109375,34.303955078125,75.73898315429688,1,-1,-1,-1
82,-1,787.3319091796875,162.6637725830078,27.5245361328125,73.12669372558594,1,-1,-1,-1
82,-1,875.3075561523438,172.7442626953125,25.9862060546875,53.793701171875,1,-1,-1,-1
82,-1,1019.2576936092579,119.5285073314572,20.483693048471814,42.010982238276306,1,-1,-1,-1
82,-1,1051.06132228978,113.33458046299327,13.745636124632302,43.08818691105273,1,-1,-1,-1
82,-1,759.273996129669,100.54482743285686,25,48.94382951156075,1,-1,-1,-1
83,-1,736.0439453125,153.514892578125,25.4307861328125,75.66082763671875,1,-1,-1,-1
83,-1,634.3818969726562,154.04031372070312,32.0289306640625,74.4715576171875,1,-1,-1,-1
83,-1,135.6069793701172,593.541259765625,80.564208984375,123.5966796875,1,-1,-1,-1
83,-1,789.7652587890625,158.83787536621094,27.2891845703125,78.12712097167969,1,-1,-1,-1
83,-1,878.6233258506466,174.17857163310924,25,52.633746086839835,1,-1,-1,-1
83,-1,1020.0347434795899,118.25733454965139,16.93495146827725,46.67878205189781,1,-1,-1,-1
83,-1,1048.4543172079632,112.42248679316435,12,44.73383279973522,1,-1,-1,-1
84,-1,625.8209228515625,154.74786376953125,35.9244384765625,75.37945556640625,1,-1,-1,-1
84,-1,150.57473754882812,602.5360107421875,81.55630493164062,116.1859130859375,1,-1,-1,-1
84,-1,732.1902172530854,154.4973486984411,25,73.83443666720567,1,-1,-1,-1
84,-1,793.813893919389,157.6959524529771,28.544300447162406,73.83443666720564,1,-1,-1,-1
84,-1,882.9829163309203,173.96387360837483,25,50.09935237553596,1,-1,-1,-1
84,-1,1021.2479547099866,118.03951277617195,17.613945914254522,44.91464856896795,1,-1,-1,-1
84,-1,1049.9419632976512,111.43654297312526,12.054740887628187,41.78741219565236,1,-1,-1,-1
84,-1,775.6366959581303,100.87300014744699,11.10470570929832,46.01536289412089,1,-1,-1,-1
85,-1,620.7420654296875,158.49713134765625,37.06103515625,75.8262939453125,1,-1,-1,-1
85,-1,163.2666015625,617.2686767578125,88.30157470703125,100.0648193359375,1,-1,-1,-1
85,-1,796.017578125,157.2432861328125,25.6259765625,71.86618041992188,1,-1,-1,-1
85,-1,883.912353515625,168.51171875,27.176513671875,54.49853515625,1,-1,-1,-1
85,-1,727.8784790039062,154.80770874023438,26.124755859375,75.99490356445312,1,-1,-1,-1
85,-1,772.3125106830197,100.1384117726535,25,47.634382315025505,1,-1,-1,-1
85,-1,1020.7244671272537,120.53759158437195,25,54.11501321929769,1,-1,-1,-1
86,-1,618.5291748046875,159.7483673095703,34.0479736328125,74.52622985839844,1,-1,-1,-1
86,-1,797.4234619140625,161.3667449951172,26.7994384765625,68.2940673828125,1,-1,-1,-1
86,-1,186.85906982421875,633.3723754882812,88.19769287109375,85.74755859375,1,-1,-1,-1
86,-1,724.621826171875,158.21218872070312,27.0238037109375,74.89001464843749,1,-1,-1,-1
86,-1,888.2919690117631,170.43538444840968,25,51.58346960193886,1,-1,-1,-1
86,-1,0,332.9837148222112,30.85570284275127,120.23851968084594,1,-1,-1,-1
86,-1,777.6665803791435,101.75511242100738,25,46.96910525504294,1,-1,-1,-1
86,-1,1020.2367271983546,123.41450281822246,25,40.59286072371593,1,-1,-1,-1
87,-1,617.5750122070312,161.2265625,31.828857421875,76.308349609375,1,-1,-1,-1
87,-1,799.11474609375,161.0179901123047,25.1749267578125,69.02792358398438,1,-1,-1,-1
87,-1,719.8357543945312,157.0181121826172,28.4844970703125,78.73774719238281,1,-1,-1,-1
87,-1,886.8956298828125,168.09945678710938,26.463623046875,52.8582763671875,1,-1,-1,-1
87,-1,190.00352931345495,651.465087890625,103.19306492482632,68.359130859375,1,-1,-1,-1
87,-1,0,332.9842658415735,76.86605557129134,124.34923830241333,1,-1,-1,-1
87,-1,784.1093685900656,101.80956594130369,14.341310135883408,46.11767777347289,1,-1,-1,-1
87,-1,1018.6416889110823,121.94400411164924,25,46.13895185361418,1,-1,-1,-1
88,-1,718.19677734375,162.53428649902344,28.002685546875,75.00617980957031,1,-1,-1,-1
88,-1,610.9667358398438,161.4115447998047,35.3021240234375,77.12922668457031,1,-1,-1,-1
88,-1,797.981689453125,158.97467041015625,27.506103515625,66.22354125976562,1,-1,-1,-1
88,-1,888.0164184570312,167.85171508789062,26.728271484375,51.063079833984375,1,-1,-1,-1
88,-1,215.49131774902344,669.062255859375,95.36274719238281,50.937744140625,1,-1,-1,-1
88,-1,13.097603029605366,331.9565861861817,70.96811653832795,125.37691795780516,1,-1,-1,-1
88,-1,1020.1607988499976,122.16154599341334,25,50.98193040832204,1,-1,-1,-1
89,-1,716.4058837890625,165.90570068359375,27.46728515625,73.34576416015625,1,-1,-1,-1
89,-1,608.9493408203125,166.30325317382812,33.74365234375,75.176513671875,1,-1,-1,-1
89,-1,800.7518310546875,158.7081298828125,25.3321533203125,66.13156127929688,1,-1,-1,-1
89,-1,52.18149329709031,335.0396251523573,45.25503083603522,124.34923830241321,1,-1,-1,-1
89,-1,234.2301400693229,685.4783876409765,78.16778053496985,32.88574897253911,1,-1,-1,-1
89,-1,891.4727380202927,166.26323862838427,25,51.6867181850446,1,-1,-1,-1
89,-1,1018.3906344771684,121.98584966010783,18.937866464402884,44.94053458801225,1,-1,-1,-1
89,-1,1051.1373619051988,111.73625405231543,12.230705424926557,47.70004109780261,1,-1,-1,-1
90,-1,601.133544921875,165.93002319335938,34.1732177734375,76.09295654296875,1,-1,-1,-1
90,-1,714.7799682617188,167.44192504882812,25.8302001953125,71.89547729492186,1,-1,-1,-1
90,-1,60.17451477050781,323.8764953613281,83.70133972167969,133.75958251953125,1,-1,-1,-1
90,-1,802.689828625664,158.73032321076,25,66.45068691176786,1,-1,-1,-1
90,-1,893.7188841021626,166.62134228153243,25,48.59206480423022,1,-1,-1,-1
90,-1,1021.1178488407966,120.97564912645817,17.206294553491457,41.681729965444504,1,-1,-1,-1
91,-1,593.1944580078125,168.07652282714844,40.4466552734375,74.60188293457031,1,-1,-1,-1
91,-1,710.9651489257812,163.91595458984375,27.3292236328125,78.13128662109375,1,-1,-1,-1
91,-1,894.5204845771003,163.37270804596054,25,51.65179443359375,1,-1,-1,-1
91,-1,83.03709279191716,325.05493164062494,63.94944895612972,138.0426025390625,1,-1,-1,-1
91,-1,804.7841929034004,155.4062692629098,25,66.74716819372773,1,-1,-1,-1
91,-1,804.5318846894436,101.55259436679601,12.318814242227354,43.0752370617031,1,-1,-1,-1
91,-1,1019.2384043706834,121.81443330898041,18.237532330381804,41.4758463415725,1,-1,-1,-1
91,-1,1050.700010980484,111.91707796346914,10.865498952392615,46.61036956732386,1,-1,-1,-1
92,-1,589.7098999023438,172.9751739501953,38.7669677734375,73.50514221191406,1,-1,-1,-1
92,-1,708.0543823242188,166.70016479492188,27.11328125,76.90817260742188,1,-1,-1,-1
92,-1,122.35112762451172,326.768798828125,45.46263885498047,140.05859375,1,-1,-1,-1
92,-1,894.9932250976564,164.637939453125,25.8599853515625,50.77935791015625,1,-1,-1,-1
92,-1,806.3540105697697,154.05073565876285,25,67.22026076406296,1,-1,-1,-1
92,-1,802.8008078229768,103.3879160838807,15.809104461106353,36.420355817418276,1,-1,-1,-1
92,-1,1020.6240400587718,122.61365596013303,16.14595218254255,42.563548364934526,1,-1,-1,-1
92,-1,1050.4869025427117,112.96006767117856,10.960213497043473,44.31874623565368,1,-1,-1,-1
93,-1,587.4429321289062,169.33212280273438,37.40002441406249,80.69497680664062,1,-1,-1,-1
93,-1,701.7040405273438,165.7639617919922,32.101318359375,82.75337219238281,1,-1,-1,-1
93,-1,135.45945739746094,327.99383544921875,72.18710327148438,127.48406982421875,1,-1,-1,-1
93,-1,895.9125366210938,163.31398010253906,26.583251953125,51.534637451171875,1,-1,-1,-1
93,-1,805.7109412554868,150.86311116593387,25,67.09106592202586,1,-1,-1,-1
93,-1,808.8625810722328,103.12148754188776,15.71706383457539,34.2344027001984,1,-1,-1,-1
93,-1,1019.8285940067096,122.508279723801,15.758341350535495,38.53863316160198,1,-1,-1,-1
93,-1,1049.26380400358,112.36653415495829,11.000255152105755,45.637855059791896,1,-1,-1,-1
94,-1,587.059326171875,167.39454650878906,35.7060546875,83.57511901855469,1,-1,-1,-1
94,-1,167.37904357910156,325.8282165527344,46.81134033203125,127.90679931640625,1,-1,-1,-1
94,-1,699.5133056640625,170.1434326171875,31.490478515625,81.24588012695312,1,-1,-1,-1
94,-1,895.3302612304688,159.52664184570312,28.500732421875,50.878692626953125,1,-1,-1,-1
94,-1,806.978142940223,148.59003897874118,25,70.15638001556029,1,-1,-1,-1
94,-1,813.2633541381584,105.08458973233493,25,32.85759219797488,1,-1,-1,-1
94,-1,1020.4361439181737,121.92410573379708,17.26439914833464,41.893430052417926,1,-1,-1,-1
94,-1,1051.6764852342085,110.83466836698055,16.44228490317509,47.23278878458886,1,-1,-1,-1
95,-1,190.95704650878906,322.72467041015625,52.257781982421875,131.6180419921875,1,-1,-1,-1
95,-1,696.3760375976562,171.11514282226562,31.559814453125,83.0216064453125,1,-1,-1,-1
95,-1,583.9120483398438,173.04661560058594,35.4384765625,81.43156433105469,1,-1,-1,-1
95,-1,808.1962910432618,147.8463356737358,25,69.70488285528467,1,-1,-1,-1
95,-1,899.3974934740456,161.78731224479273,25,48.96342990810237,1,-1,-1,-1
95,-1,819.7503260607131,105.42386355303776,13.51092888933464,31.44735936491584,1,-1,-1,-1
95,-1,1020.8013170305301,121.89527690723429,16.31443886315989,40.66597625841695,1,-1,-1,-1
95,-1,1051.4615052646575,111.86433609682479,9.973734952133835,45.27478690103754,1,-1,-1,-1
96,-1,201.5888671875,319.8984680175781,77.31607055664062,129,1,-1,-1,-1
96,-1,695.9484252929688,168.72613525390625,29.0374755859375,85.6163330078125,1,-1,-1,-1
96,-1,580.20263671875,177.31051635742188,34.1727294921875,79.96548461914062,1,-1,-1,-1
96,-1,810.2231379779266,147.44915217502793,25,66.83095093328318,1,-1,-1,-1
96,-1,901.5319990525537,159.92796044057874,25,51.02446046358546,1,-1,-1,-1
96,-1,824.6776260890836,107.21665200823564,13.296889340651287,32.1726028384856,1,-1,-1,-1
96,-1,1023.238237328365,121.60965854124245,14.797246038730133,41.76794052715661,1,-1,-1,-1
96,-1,1050.6356474140127,111.73210503819855,10.02053276832005,45.436746114001565,1,-1,-1,-1
97,-1,691.9744262695312,169.77688598632812,28.68408203125,87.16452026367188,1,-1,-1,-1
97,-1,571.3823852539062,173.5709991455078,37.368408203125,82.16160583496094,1,-1,-1,-1
97,-1,238.2449493408203,304.68023681640625,44.65824890136719,136.0626220703125,1,-1,-1,-1
97,-1,902.5549926757812,159.5683135986328,25.4453125,47.992462158203125,1,-1,-1,-1
97,-1,814.6813222285386,145.01338691520814,25,67.78248968834961,1,-1,-1,-1
97,-1,829.5419489325184,107.37126140376274,14.811842476143255,35.98082689408144,1,-1,-1,-1
97,-1,1019.0019074253184,121.63393152393914,17.046642765434935,42.13970717324854,1,-1,-1,-1
97,-1,1051.4436811398389,112.20032413598521,9.281992849355483,45.3812231096523,1,-1,-1,-1
98,-1,246.8711700439453,312.4068908691406,65.73332214355469,126.07293701171875,1,-1,-1,-1
98,-1,564.3987426757812,176.58567810058594,41.375732421875,82.98628234863281,1,-1,-1,-1
98,-1,685.7964477539062,175.56011962890625,30.6473388671875,81.76431274414062,1,-1,-1,-1
98,-1,816.676513671875,145.34117126464844,25.1729736328125,67.70016479492188,1,-1,-1,-1
98,-1,906.7166137695312,160.24288940429688,25.01025390625,48.7125244140625,1,-1,-1,-1
98,-1,833.4272542632608,107.51870487508079,17.642282612541543,35.03875693936668,1,-1,-1,-1
98,-1,1019.4634482561513,121.7717585453316,18.050927389992626,42.16528377449214,1,-1,-1,-1
98,-1,1051.5591494562038,111.67584552890396,10.044799421751469,46.61936304644547,1,-1,-1,-1
99,-1,562.6832275390625,177.04501342773438,38.748046875,86.3218994140625,1,-1,-1,-1
99,-1,681.4736328125,176.45787048339844,31.9166259765625,84.28465270996094,1,-1,-1,-1
99,-1,271.47125244140625,302.76934814453125,51.23736572265625,120.5164794921875,1,-1,-1,-1
99,-1,817.0014841097711,145.64462189921068,25,67.10119086347632,1,-1,-1,-1
99,-1,906.1208296178824,158.72724401724693,25,49.3763479938788,1,-1,-1,-1
99,-1,840.1053550656957,110.63744515544822,13.70795764144125,41.03279498128304,1,-1,-1,-1
99,-1,1018.0601225783867,120.51571061390523,18.864601502688537,43.69232798932917,1,-1,-1,-1
99,-1,1051.521702794449,111.01737844231202,10.43778456040687,46.351860997375226,1,-1,-1,-1
