1,1012,1063.79,126.88,15.59,28.13,1,-1,-1,-1
1,1011,376.18,98.33,15.14,41.07,1,-1,-1,-1
1,1010,891.27,113.80,14.69,43.64,1,-1,-1,-1
1,1009,823.35,110.50,16.15,49.87,1,-1,-1,-1
1,1008,935.33,110.50,16.15,47.67,1,-1,-1,-1
1,1007,23.26,363.49,43.01,128.48,1,-1,-1,-1
1,1006,284.53,345.24,50.72,153.39,1,-1,-1,-1
1,1005,395.68,430.27,43.51,112.23,1,-1,-1,-1
2,1011,382.25,96.30,19.81,45.29,1,-1,-1,-1
2,1010,891.89,110.76,15.86,46.68,1,-1,-1,-1
2,1009,822.28,110.46,17.83,50.86,1,-1,-1,-1
2,1008,937.28,111.54,16.30,48.71,1,-1,-1,-1
2,1007,27.18,357.90,49.12,136.74,1,-1,-1,-1
2,1006,295.08,341.02,58.12,160.03,1,-1,-1,-1
2,1005,409.37,426.71,38.12,103.87,1,-1,-1,-1
3,1011,386.79,96.20,19.90,44.77,1,-1,-1,-1
3,1010,889.47,108.92,17.69,49.47,1,-1,-1,-1
3,1009,818.98,109.11,20.15,54.26,1,-1,-1,-1
3,1008,937.69,108.95,17.47,50.63,1,-1,-1,-1
3,1007,41.56,355.01,56.99,142.80,1,-1,-1,-1
3,1006,308.35,343.43,56.06,149.80,1,-1,-1,-1
3,1005,419.14,429.60,28.59,91.37,1,-1,-1,-1
4,1011,392.84,99.57,16.00,39.64,1,-1,-1,-1
4,1010,890.08,109.82,17.43,48.16,1,-1,-1,-1
4,1009,814.72,109.01,22.64,55.87,1,-1,-1,-1
4,1008,935.52,110.51,17.04,49.01,1,-1,-1,-1
4,1007,45.42,356.43,60.47,141.64,1,-1,-1,-1
4,1006,323.39,349.07,57.18,124.58,1,-1,-1,-1
5,1011,396.42,98.13,16.05,40.62,1,-1,-1,-1
5,1010,887.09,108.17,19.34,49.86,1,-1,-1,-1
5,1009,813.12,110.83,23.66,55.42,1,-1,-1,-1
5,1008,935.67,112.14,16.69,47.65,1,-1,-1,-1
5,1007,64.31,354.15,55.68,137.93,1,-1,-1,-1
5,1006,335.76,357.03,57.53,114.57,1,-1,-1,-1
6,1011,401.14,98.65,16.08,39.41,1,-1,-1,-1
6,1010,888.99,109.23,17.96,48.41,1,-1,-1,-1
6,1009,812.20,111.17,21.36,52.58,1,-1,-1,-1
6,1008,933.80,112.47,16.75,48.08,1,-1,-1,-1
6,1007,81.30,350.28,61.09,141.99,1,-1,-1,-1
6,1006,347.05,359.61,54.81,109.01,1,-1,-1,-1
7,1011,407.54,99.11,13.85,37.78,1,-1,-1,-1
7,1010,887.96,109.14,18.65,48.89,1,-1,-1,-1
7,1009,811.63,112.03,21.29,52.73,1,-1,-1,-1
7,1007,90.98,349.94,67.70,143.25,1,-1,-1,-1
7,1006,359.47,359.09,50.35,103.59,1,-1,-1,-1
8,1011,413.43,98.10,15.91,39.71,1,-1,-1,-1
8,1009,810.89,113.01,19.60,52.28,1,-1,-1,-1
8,1007,113.83,350.09,62.03,139.99,1,-1,-1,-1
8,1006,372.27,353.65,53.21,107.24,1,-1,-1,-1
9,1011,416.31,97.74,17.35,41.14,1,-1,-1,-1
9,1009,809.06,113.30,19.25,52.79,1,-1,-1,-1
9,1007,133.68,346.29,61.65,142.29,1,-1,-1,-1
9,1006,381.61,348.41,52.65,106.77,1,-1,-1,-1
10,1011,420.58,97.30,15.95,40.91,1,-1,-1,-1
10,1009,807.70,112.63,18.83,52.24,1,-1,-1,-1
10,1007,149.51,345.04,58.87,140.92,1,-1,-1,-1
10,1006,397.13,344.95,44.69,100.64,1,-1,-1,-1
11,1013,528.44,363.50,53.78,115.98,1,-1,-1,-1
11,1011,423.70,96.62,16.13,41.64,1,-1,-1,-1
11,1007,168.81,342.90,54.97,138.84,1,-1,-1,-1
11,1006,409.10,341.38,38.28,97.08,1,-1,-1,-1
12,1013,532.09,360.67,55.89,115.59,1,-1,-1,-1
12,1011,428.50,96.51,16.34,41.82,1,-1,-1,-1
12,1007,183.20,341.50,55.56,138.90,1,-1,-1,-1
13,1013,541.36,355.68,55.42,112.16,1,-1,-1,-1
13,1011,432.69,96.53,15.38,41.63,1,-1,-1,-1
13,1007,202.06,339.67,53.60,135.34,1,-1,-1,-1
14,1013,553.93,348.45,55.29,110.76,1,-1,-1,-1
14,1011,437.37,95.92,14.77,41.60,1,-1,-1,-1
14,1007,222.26,344.40,52.32,138.35,1,-1,-1,-1
15,1013,566.38,345.59,54.98,110.28,1,-1,-1,-1
15,1011,442.77,95.31,16.49,42.77,1,-1,-1,-1
15,1007,243.89,339.42,53.70,135.09,1,-1,-1,-1
16,1013,573.18,340.95,54.53,110.02,1,-1,-1,-1
16,1011,446.27,95.00,16.20,43.06,1,-1,-1,-1
16,1007,260.13,341.26,51.58,132.52,1,-1,-1,-1
17,1014,1084.81,114.12,9.64,34.92,1,-1,-1,-1
17,1013,583.08,334.54,53.24,107.37,1,-1,-1,-1
17,1011,450.62,94.41,14.85,42.51,1,-1,-1,-1
17,1007,280.01,341.67,50.35,131.14,1,-1,-1,-1
18,1013,588.85,329.55,54.23,107.70,1,-1,-1,-1
18,1007,295.27,329.48,61.26,141.41,1,-1,-1,-1
19,1013,596.08,326.63,53.05,107.14,1,-1,-1,-1
19,1007,312.43,337.10,62.69,133.53,1,-1,-1,-1
20,1013,604.64,320.28,52.98,105.24,1,-1,-1,-1
20,1007,335.26,346.83,55.30,125.55,1,-1,-1,-1
21,1014,1083.57,115.49,11.90,42.29,1,-1,-1,-1
21,1013,614.88,316.02,51.49,103.41,1,-1,-1,-1
21,1007,354.69,349.78,56.84,120.32,1,-1,-1,-1
22,1014,1083.11,114.41,12.55,43.49,1,-1,-1,-1
22,1013,625.34,312.87,51.73,102.55,1,-1,-1,-1
22,1007,374.29,345.87,52.32,115.69,1,-1,-1,-1
23,1017,533.56,248.88,47.15,129.40,1,-1,-1,-1
23,1016,911.11,118.32,18.24,56.06,1,-1,-1,-1
23,1014,1078.81,113.10,14.07,44.47,1,-1,-1,-1
23,1013,633.75,307.55,49.36,99.22,1,-1,-1,-1
23,1007,394.12,341.67,49.55,111.96,1,-1,-1,-1
24,1018,863.44,122.18,14.58,45.07,1,-1,-1,-1
24,1017,542.26,247.70,49.47,129.38,1,-1,-1,-1
24,1016,908.20,120.03,17.95,54.26,1,-1,-1,-1
24,1014,1077.98,114.04,14.32,44.39,1,-1,-1,-1
24,1013,639.59,303.91,50.05,97.65,1,-1,-1,-1
24,1007,405.04,334.20,49.39,113.25,1,-1,-1,-1
25,1018,863.74,123.27,13.70,44.66,1,-1,-1,-1
25,1017,550.94,242.69,48.53,122.96,1,-1,-1,-1
25,1016,906.31,120.82,17.15,53.90,1,-1,-1,-1
25,1014,1076.38,113.77,13.64,43.65,1,-1,-1,-1
25,1013,644.27,301.03,50.23,97.11,1,-1,-1,-1
26,1019,780.96,123.60,21.27,53.16,1,-1,-1,-1
26,1018,863.28,124.07,13.66,45.14,1,-1,-1,-1
26,1017,558.42,240.67,45.92,118.00,1,-1,-1,-1
26,1016,904.13,121.59,16.80,53.34,1,-1,-1,-1
26,1014,1074.67,111.44,15.09,42.03,1,-1,-1,-1
26,1013,649.37,296.14,49.79,94.44,1,-1,-1,-1
27,1019,778.40,123.72,20.94,52.92,1,-1,-1,-1
27,1018,862.60,124.14,13.28,44.85,1,-1,-1,-1
27,1017,568.37,239.04,48.34,118.22,1,-1,-1,-1
27,1016,902.24,122.47,17.18,53.47,1,-1,-1,-1
27,1014,1070.90,111.63,17.21,42.88,1,-1,-1,-1
27,1013,657.65,291.93,47.62,93.42,1,-1,-1,-1
28,1019,774.79,122.47,22.57,55.17,1,-1,-1,-1
28,1018,861.91,122.82,13.64,46.18,1,-1,-1,-1
28,1017,577.33,235.64,46.19,115.34,1,-1,-1,-1
28,1016,900.21,123.63,17.63,53.32,1,-1,-1,-1
28,1014,1069.93,111.73,18.49,43.37,1,-1,-1,-1
28,1013,666.19,290.77,45.97,92.19,1,-1,-1,-1
29,1019,774.61,122.83,22.42,55.40,1,-1,-1,-1
29,1018,861.60,123.62,13.41,46.34,1,-1,-1,-1
29,1017,589.37,230.71,46.79,114.51,1,-1,-1,-1
29,1016,898.22,123.36,17.34,53.81,1,-1,-1,-1
29,1014,1067.15,111.32,17.68,43.20,1,-1,-1,-1
29,1013,672.05,286.15,45.12,89.48,1,-1,-1,-1
30,1019,774.43,123.32,22.09,55.29,1,-1,-1,-1
30,1018,860.75,123.53,14.09,46.97,1,-1,-1,-1
30,1017,599.73,229.61,46.48,113.12,1,-1,-1,-1
30,1016,894.46,123.02,17.78,54.54,1,-1,-1,-1
30,1014,1064.25,111.65,15.82,42.89,1,-1,-1,-1
30,1013,676.36,283.45,45.14,88.76,1,-1,-1,-1
31,1019,774.55,122.12,21.49,55.44,1,-1,-1,-1
31,1018,859.49,123.40,14.69,48.07,1,-1,-1,-1
31,1017,607.37,226.61,46.06,112.26,1,-1,-1,-1
31,1016,891.39,123.23,18.19,55.52,1,-1,-1,-1
31,1014,1062.77,111.92,14.53,42.31,1,-1,-1,-1
31,1013,681.14,281.56,45.06,88.54,1,-1,-1,-1
32,1019,772.62,123.49,22.29,56.37,1,-1,-1,-1
32,1018,857.82,123.80,14.78,48.19,1,-1,-1,-1
32,1017,613.68,222.99,43.05,108.27,1,-1,-1,-1
32,1016,889.76,123.07,18.04,56.31,1,-1,-1,-1
32,1013,685.42,277.61,44.78,86.84,1,-1,-1,-1
33,1021,529.26,278.60,42.28,127.13,1,-1,-1,-1
33,1019,770.43,124.52,22.92,57.13,1,-1,-1,-1
33,1018,856.29,125.21,16.03,48.98,1,-1,-1,-1
33,1017,622.95,221.09,43.03,106.01,1,-1,-1,-1
33,1016,887.38,123.08,18.11,57.15,1,-1,-1,-1
33,1013,692.51,272.01,44.09,85.37,1,-1,-1,-1
34,1021,531.64,272.35,47.05,127.24,1,-1,-1,-1
34,1019,767.75,124.62,22.81,56.88,1,-1,-1,-1
34,1018,854.30,125.14,16.69,50.06,1,-1,-1,-1
34,1017,629.30,218.77,41.28,105.01,1,-1,-1,-1
34,1016,885.97,123.77,17.59,56.27,1,-1,-1,-1
34,1013,699.56,270.56,42.23,84.04,1,-1,-1,-1
35,1021,542.61,267.34,48.57,126.39,1,-1,-1,-1
35,1019,764.51,124.97,23.65,56.75,1,-1,-1,-1
35,1018,852.09,125.86,17.07,50.21,1,-1,-1,-1
35,1017,640.33,214.13,41.39,103.98,1,-1,-1,-1
35,1016,884.76,125.01,18.16,56.28,1,-1,-1,-1
35,1013,705.65,267.62,41.68,83.90,1,-1,-1,-1
36,1021,553.12,263.53,48.63,123.57,1,-1,-1,-1
36,1019,762.56,126.02,24.10,57.37,1,-1,-1,-1
36,1018,849.36,126.73,17.79,49.92,1,-1,-1,-1
36,1017,649.35,212.39,41.81,103.00,1,-1,-1,-1
36,1016,882.36,124.01,20.38,57.86,1,-1,-1,-1
36,1013,710.84,263.11,40.32,82.73,1,-1,-1,-1
37,1022,536.09,99.60,11.46,39.29,1,-1,-1,-1
37,1021,561.27,259.62,46.11,119.50,1,-1,-1,-1
37,1019,761.75,125.66,23.73,58.28,1,-1,-1,-1
37,1018,847.43,127.54,17.52,50.44,1,-1,-1,-1
37,1017,656.51,210.15,41.35,101.21,1,-1,-1,-1
37,1016,878.36,124.49,20.63,57.92,1,-1,-1,-1
37,1013,712.66,261.20,41.55,82.16,1,-1,-1,-1
38,1023,1027.41,119.00,13.23,39.97,1,-1,-1,-1
38,1022,539.45,97.33,14.34,43.15,1,-1,-1,-1
38,1021,565.95,256.64,46.66,117.84,1,-1,-1,-1
38,1019,761.37,125.29,23.57,58.34,1,-1,-1,-1
38,1018,845.00,128.40,17.45,50.87,1,-1,-1,-1
38,1017,661.35,206.81,39.90,100.93,1,-1,-1,-1
38,1016,876.43,124.44,19.69,57.93,1,-1,-1,-1
38,1013,717.05,258.12,42.52,81.43,1,-1,-1,-1
39,1023,1026.63,118.94,13.53,38.70,1,-1,-1,-1
39,1022,540.34,95.20,17.06,46.92,1,-1,-1,-1
39,1021,569.28,254.67,48.21,115.67,1,-1,-1,-1
39,1019,759.41,124.88,23.53,59.15,1,-1,-1,-1
39,1018,842.75,129.25,17.53,50.39,1,-1,-1,-1
39,1017,670.38,204.64,40.91,99.34,1,-1,-1,-1
39,1016,873.46,124.51,19.57,58.41,1,-1,-1,-1
39,1013,721.67,253.14,41.93,80.57,1,-1,-1,-1
40,1022,546.65,95.65,17.10,47.44,1,-1,-1,-1
40,1021,575.63,250.46,49.09,113.05,1,-1,-1,-1
40,1019,757.58,126.48,23.97,59.32,1,-1,-1,-1
40,1018,841.07,130.23,17.71,49.63,1,-1,-1,-1
40,1017,675.74,203.04,39.11,97.35,1,-1,-1,-1
40,1016,871.18,125.49,19.14,58.37,1,-1,-1,-1
40,1013,727.77,250.75,41.00,80.44,1,-1,-1,-1
41,1022,550.56,97.62,17.87,45.81,1,-1,-1,-1
41,1021,585.01,247.42,47.09,110.28,1,-1,-1,-1
41,1019,754.74,127.18,24.53,59.31,1,-1,-1,-1
41,1018,839.96,129.76,17.64,50.10,1,-1,-1,-1
41,1017,683.89,199.00,38.29,97.57,1,-1,-1,-1
41,1016,868.90,125.68,18.68,58.81,1,-1,-1,-1
41,1013,734.31,248.21,40.41,78.29,1,-1,-1,-1
42,1022,554.79,96.50,16.20,45.31,1,-1,-1,-1
42,1021,593.38,245.29,45.25,109.08,1,-1,-1,-1
42,1019,751.48,127.36,25.72,59.27,1,-1,-1,-1
42,1018,837.93,129.25,17.53,49.99,1,-1,-1,-1
42,1017,691.41,196.43,38.42,95.47,1,-1,-1,-1
42,1016,865.92,125.61,19.70,58.90,1,-1,-1,-1
42,1013,739.55,244.81,39.31,77.64,1,-1,-1,-1
43,1022,559.10,95.79,16.31,45.69,1,-1,-1,-1
43,1021,601.27,240.67,44.08,107.16,1,-1,-1,-1
43,1019,748.88,128.31,26.18,59.10,1,-1,-1,-1
43,1018,834.66,130.01,17.47,49.99,1,-1,-1,-1
43,1017,697.85,195.82,38.58,95.40,1,-1,-1,-1
43,1016,862.31,126.50,19.72,59.50,1,-1,-1,-1
43,1013,742.57,243.08,39.99,77.59,1,-1,-1,-1
44,1022,563.83,95.81,15.38,45.66,1,-1,-1,-1
44,1021,604.72,238.53,44.05,107.16,1,-1,-1,-1
44,1019,748.32,128.09,26.81,60.01,1,-1,-1,-1
44,1018,832.68,130.71,17.11,49.87,1,-1,-1,-1
44,1017,702.24,192.88,37.38,94.99,1,-1,-1,-1
44,1016,858.26,127.09,20.28,59.59,1,-1,-1,-1
44,1013,748.92,241.80,38.51,77.43,1,-1,-1,-1
45,1022,569.20,95.09,13.69,44.77,1,-1,-1,-1
45,1021,608.04,235.66,45.32,104.58,1,-1,-1,-1
45,1019,747.44,128.53,25.78,59.83,1,-1,-1,-1
45,1018,830.68,130.76,16.71,49.43,1,-1,-1,-1
45,1017,707.49,190.81,36.38,93.58,1,-1,-1,-1
45,1016,855.34,128.32,20.19,59.07,1,-1,-1,-1
45,1013,752.53,237.27,38.33,76.86,1,-1,-1,-1
46,1022,572.79,95.06,13.79,45.30,1,-1,-1,-1
46,1021,614.36,234.59,45.14,102.90,1,-1,-1,-1
46,1019,746.37,127.49,25.98,60.53,1,-1,-1,-1
46,1018,827.46,131.26,16.52,49.79,1,-1,-1,-1
46,1017,712.85,190.09,35.32,93.29,1,-1,-1,-1
46,1016,852.99,130.90,19.53,58.42,1,-1,-1,-1
46,1013,758.69,235.07,36.85,76.60,1,-1,-1,-1
47,1022,576.75,95.46,16.11,47.58,1,-1,-1,-1
47,1021,622.59,231.03,44.40,101.96,1,-1,-1,-1
47,1019,745.23,127.69,25.94,60.28,1,-1,-1,-1
47,1018,825.60,131.70,16.37,49.86,1,-1,-1,-1
47,1017,720.56,187.29,35.20,91.87,1,-1,-1,-1
47,1016,850.81,132.98,19.78,56.81,1,-1,-1,-1
47,1013,764.45,234.02,36.05,76.31,1,-1,-1,-1
48,1022,580.26,95.93,16.75,48.26,1,-1,-1,-1
48,1021,629.86,228.52,43.73,99.98,1,-1,-1,-1
48,1019,741.88,127.05,26.15,57.53,1,-1,-1,-1
48,1018,822.65,130.61,16.51,50.93,1,-1,-1,-1
48,1017,727.39,184.85,35.94,91.95,1,-1,-1,-1
48,1016,847.30,132.17,20.22,57.24,1,-1,-1,-1
48,1013,769.39,229.26,35.35,74.55,1,-1,-1,-1
49,1022,585.35,95.66,15.51,48.01,1,-1,-1,-1
49,1021,635.11,225.61,42.48,99.03,1,-1,-1,-1
49,1019,738.82,126.46,26.85,52.93,1,-1,-1,-1
49,1018,819.03,130.55,17.59,51.62,1,-1,-1,-1
49,1017,732.27,184.45,35.71,91.19,1,-1,-1,-1
49,1016,844.36,133.65,20.86,57.41,1,-1,-1,-1
49,1013,772.71,226.31,36.27,73.67,1,-1,-1,-1
50,1022,589.90,95.56,15.37,47.95,1,-1,-1,-1
50,1021,636.32,224.65,42.17,98.10,1,-1,-1,-1
50,1019,736.56,128.35,27.29,47.26,1,-1,-1,-1
50,1018,816.80,131.54,17.60,51.94,1,-1,-1,-1
50,1017,736.77,181.61,35.39,90.65,1,-1,-1,-1
50,1016,841.68,133.78,20.24,57.14,1,-1,-1,-1
50,1013,776.39,225.55,35.45,72.49,1,-1,-1,-1
51,1022,593.70,95.14,14.86,47.79,1,-1,-1,-1
51,1021,638.64,222.30,43.59,95.55,1,-1,-1,-1
51,1019,735.52,128.85,27.39,43.30,1,-1,-1,-1
51,1018,814.41,131.42,17.77,52.72,1,-1,-1,-1
51,1017,741.06,179.42,33.48,89.54,1,-1,-1,-1
51,1016,838.52,133.31,20.97,57.96,1,-1,-1,-1
51,1013,777.39,222.17,35.86,70.54,1,-1,-1,-1
52,1021,644.87,219.12,41.93,94.53,1,-1,-1,-1
52,1019,734.37,134.34,27.22,47.92,1,-1,-1,-1
52,1018,813.34,131.48,16.99,53.23,1,-1,-1,-1
52,1017,746.19,179.29,32.54,88.47,1,-1,-1,-1
52,1016,836.02,134.72,21.18,58.69,1,-1,-1,-1
52,1013,782.48,219.86,35.19,70.34,1,-1,-1,-1
53,1021,653.21,218.02,40.33,93.43,1,-1,-1,-1
53,1019,732.62,136.48,27.72,51.36,1,-1,-1,-1
53,1018,811.43,132.07,17.07,53.41,1,-1,-1,-1
53,1017,752.60,177.20,31.99,86.33,1,-1,-1,-1
53,1016,832.99,135.33,20.72,59.32,1,-1,-1,-1
53,1013,787.91,218.96,33.49,69.54,1,-1,-1,-1
54,1021,659.47,216.02,38.83,91.84,1,-1,-1,-1
54,1019,730.58,136.27,28.00,54.20,1,-1,-1,-1
54,1018,809.52,133.32,18.33,54.20,1,-1,-1,-1
54,1017,759.31,175.68,31.31,84.78,1,-1,-1,-1
54,1016,830.42,134.10,20.74,59.71,1,-1,-1,-1
54,1013,792.67,216.78,32.19,68.53,1,-1,-1,-1
55,1022,613.48,97.69,13.94,46.44,1,-1,-1,-1
55,1021,664.78,211.71,37.74,91.01,1,-1,-1,-1
55,1019,726.96,135.36,28.36,56.81,1,-1,-1,-1
55,1018,808.56,133.41,18.92,53.84,1,-1,-1,-1
55,1017,764.72,174.81,30.16,82.30,1,-1,-1,-1
55,1016,827.07,134.06,21.21,60.26,1,-1,-1,-1
55,1013,794.21,214.51,33.18,68.77,1,-1,-1,-1
56,1022,619.13,98.03,15.60,45.49,1,-1,-1,-1
56,1021,668.33,209.31,39.16,90.70,1,-1,-1,-1
56,1019,723.39,134.58,29.17,59.10,1,-1,-1,-1
56,1018,805.96,134.33,19.24,53.40,1,-1,-1,-1
56,1017,769.87,174.27,28.99,80.75,1,-1,-1,-1
56,1016,823.06,133.13,21.73,60.78,1,-1,-1,-1
56,1013,797.59,212.95,32.90,68.56,1,-1,-1,-1
57,1022,622.33,97.97,16.01,45.89,1,-1,-1,-1
57,1021,671.73,206.02,38.88,90.86,1,-1,-1,-1
57,1019,720.54,136.34,28.95,60.42,1,-1,-1,-1
57,1018,804.01,134.09,18.61,52.23,1,-1,-1,-1
57,1017,775.24,172.18,27.86,80.36,1,-1,-1,-1
57,1016,820.28,132.74,22.17,57.72,1,-1,-1,-1
57,1013,799.71,210.16,32.96,68.07,1,-1,-1,-1
58,1022,628.25,97.30,14.35,45.59,1,-1,-1,-1
58,1021,676.70,203.52,37.90,89.85,1,-1,-1,-1
58,1019,719.35,137.66,27.97,62.14,1,-1,-1,-1
58,1018,801.05,134.36,18.34,52.04,1,-1,-1,-1
58,1017,780.69,171.63,26.99,79.22,1,-1,-1,-1
58,1016,817.71,133.10,22.92,53.78,1,-1,-1,-1
58,1013,802.59,207.18,32.79,68.41,1,-1,-1,-1
59,1022,635.87,96.66,15.47,46.27,1,-1,-1,-1
59,1021,683.11,201.71,36.51,89.17,1,-1,-1,-1
59,1019,717.94,136.78,28.66,62.73,1,-1,-1,-1
59,1017,786.61,171.36,27.77,78.43,1,-1,-1,-1
59,1016,815.74,134.05,23.25,51.58,1,-1,-1,-1
59,1013,807.50,206.39,32.68,68.27,1,-1,-1,-1
60,1021,689.35,199.88,35.89,88.65,1,-1,-1,-1
60,1019,715.75,136.04,28.62,62.49,1,-1,-1,-1
60,1017,793.11,168.34,26.12,78.41,1,-1,-1,-1
60,1016,811.64,134.49,23.30,47.89,1,-1,-1,-1
60,1013,812.28,203.29,31.99,67.03,1,-1,-1,-1
61,1021,695.36,197.74,35.65,87.70,1,-1,-1,-1
61,1019,714.44,136.34,28.87,57.69,1,-1,-1,-1
61,1017,799.56,168.09,24.63,78.19,1,-1,-1,-1
61,1013,814.82,201.32,32.21,65.77,1,-1,-1,-1
62,1021,698.12,196.59,36.40,87.20,1,-1,-1,-1
62,1019,712.04,136.91,29.28,51.91,1,-1,-1,-1
62,1017,804.74,165.08,23.49,75.01,1,-1,-1,-1
62,1013,819.37,201.23,31.90,65.05,1,-1,-1,-1
63,1021,701.05,193.74,37.04,86.83,1,-1,-1,-1
63,1019,708.21,135.38,29.53,49.05,1,-1,-1,-1
63,1017,809.82,163.08,23.10,73.29,1,-1,-1,-1
63,1013,821.64,197.59,31.85,64.25,1,-1,-1,-1
64,1021,706.52,190.29,35.88,86.52,1,-1,-1,-1
64,1019,704.93,136.11,30.23,46.18,1,-1,-1,-1
64,1013,825.12,196.09,31.64,63.71,1,-1,-1,-1
65,1021,712.05,188.02,35.79,86.70,1,-1,-1,-1
65,1019,703.02,138.92,29.08,45.93,1,-1,-1,-1
65,1013,829.41,195.15,30.37,61.69,1,-1,-1,-1
66,1021,718.88,185.79,35.42,85.91,1,-1,-1,-1
66,1019,700.70,143.36,29.78,50.03,1,-1,-1,-1
66,1013,833.68,194.39,29.69,61.89,1,-1,-1,-1
67,1028,784.50,137.99,25.51,70.70,1,-1,-1,-1
67,1021,726.08,183.78,34.60,84.29,1,-1,-1,-1
67,1019,699.22,146.00,29.71,54.26,1,-1,-1,-1
67,1013,836.62,192.35,29.34,61.47,1,-1,-1,-1
68,1028,780.15,138.58,27.43,71.20,1,-1,-1,-1
68,1027,1050.84,112.04,10.88,43.66,1,-1,-1,-1
68,1025,1018.95,117.19,12.35,40.26,1,-1,-1,-1
68,1021,729.70,182.96,34.23,83.88,1,-1,-1,-1
68,1019,696.87,148.12,29.90,56.95,1,-1,-1,-1
68,1013,839.67,192.24,28.83,60.63,1,-1,-1,-1
69,1028,776.41,139.20,29.57,71.47,1,-1,-1,-1
69,1027,1049.47,111.66,11.71,45.03,1,-1,-1,-1
69,1025,1019.58,116.28,12.47,41.28,1,-1,-1,-1
69,1021,733.54,181.10,35.00,83.62,1,-1,-1,-1
69,1019,692.18,147.97,29.71,59.32,1,-1,-1,-1
69,1013,842.20,190.07,28.23,60.15,1,-1,-1,-1
70,1028,773.33,140.91,30.44,71.25,1,-1,-1,-1
70,1027,1049.16,110.75,13.22,45.73,1,-1,-1,-1
70,1025,1018.77,115.62,12.72,42.49,1,-1,-1,-1
70,1021,739.99,176.69,34.52,84.18,1,-1,-1,-1
70,1019,686.74,147.08,30.83,62.01,1,-1,-1,-1
70,1013,844.43,186.55,28.61,61.26,1,-1,-1,-1
71,1028,772.34,141.97,29.40,70.74,1,-1,-1,-1
71,1027,1049.18,111.31,13.44,45.42,1,-1,-1,-1
71,1025,1018.52,114.86,12.97,43.45,1,-1,-1,-1
71,1021,746.12,174.76,33.62,83.60,1,-1,-1,-1
71,1019,682.83,147.65,31.31,63.77,1,-1,-1,-1
71,1013,847.03,175.53,28.91,66.39,1,-1,-1,-1
72,1028,770.87,141.88,27.84,69.99,1,-1,-1,-1
72,1027,1050.03,110.07,12.24,44.29,1,-1,-1,-1
72,1025,1018.56,114.61,13.27,44.53,1,-1,-1,-1
72,1021,752.25,174.18,33.87,83.31,1,-1,-1,-1
72,1019,680.10,148.50,31.78,65.28,1,-1,-1,-1
72,1013,851.05,178.41,27.73,63.74,1,-1,-1,-1
73,1027,1050.55,111.03,11.79,44.42,1,-1,-1,-1
73,1025,1018.59,114.25,12.49,43.86,1,-1,-1,-1
73,1021,756.36,173.50,33.80,81.88,1,-1,-1,-1
73,1019,678.34,148.32,31.49,66.53,1,-1,-1,-1
73,1013,853.41,179.80,27.93,61.92,1,-1,-1,-1
74,1030,8.25,466.56,69.57,242.95,1,-1,-1,-1
74,1027,1051.13,110.68,10.70,43.06,1,-1,-1,-1
74,1025,1018.80,113.89,12.96,44.85,1,-1,-1,-1
74,1021,757.99,173.79,34.07,79.94,1,-1,-1,-1
74,1019,675.15,148.76,31.43,66.78,1,-1,-1,-1
74,1013,855.84,180.59,27.67,60.61,1,-1,-1,-1
75,1030,16.14,490.90,75.80,234.49,1,-1,-1,-1
75,1027,1051.63,111.76,10.46,44.07,1,-1,-1,-1
75,1025,1018.90,114.18,13.89,46.46,1,-1,-1,-1
75,1021,762.05,173.35,33.32,78.74,1,-1,-1,-1
75,1019,671.03,150.82,31.08,67.20,1,-1,-1,-1
75,1013,857.77,177.75,27.53,58.45,1,-1,-1,-1
76,1032,731.02,98.21,17.83,49.03,1,-1,-1,-1
76,1030,32.32,512.74,79.69,222.81,1,-1,-1,-1
76,1027,1052.40,110.67,10.58,42.97,1,-1,-1,-1
76,1025,1018.66,114.06,14.10,47.26,1,-1,-1,-1
76,1021,765.45,171.38,33.47,78.32,1,-1,-1,-1
76,1019,665.59,151.81,31.32,67.48,1,-1,-1,-1
76,1013,860.08,177.04,27.43,58.38,1,-1,-1,-1
77,1032,737.63,98.82,16.11,46.61,1,-1,-1,-1
77,1030,42.95,526.37,80.82,211.49,1,-1,-1,-1
77,1027,1050.90,110.78,11.41,44.03,1,-1,-1,-1
77,1025,1018.61,114.02,14.39,46.94,1,-1,-1,-1
77,1021,771.01,168.93,32.42,78.45,1,-1,-1,-1
77,1019,658.98,151.88,32.05,67.79,1,-1,-1,-1
77,1013,862.27,177.08,26.90,56.95,1,-1,-1,-1
78,1030,60.44,536.91,87.34,201.52,1,-1,-1,-1
78,1027,1050.72,112.03,11.00,44.28,1,-1,-1,-1
78,1025,1019.54,114.58,15.62,47.52,1,-1,-1,-1
78,1021,775.15,167.84,30.52,77.25,1,-1,-1,-1
78,1019,654.11,153.13,32.80,68.39,1,-1,-1,-1
78,1013,866.06,176.95,25.93,55.92,1,-1,-1,-1
79,1030,78.82,546.19,88.14,191.07,1,-1,-1,-1
79,1027,1050.81,109.35,12.01,45.89,1,-1,-1,-1
79,1025,1019.21,114.15,16.04,47.02,1,-1,-1,-1
79,1021,779.69,166.21,29.73,76.49,1,-1,-1,-1
79,1019,650.87,153.23,33.11,70.09,1,-1,-1,-1
79,1013,867.85,176.20,25.99,55.51,1,-1,-1,-1
80,1033,742.78,150.13,28.42,75.27,1,-1,-1,-1
80,1030,93.20,554.21,86.95,180.60,1,-1,-1,-1
80,1027,1051.28,110.91,12.48,47.43,1,-1,-1,-1
80,1025,1020.23,114.81,16.33,47.45,1,-1,-1,-1
80,1021,783.11,165.24,28.78,75.71,1,-1,-1,-1
80,1019,648.73,152.51,32.79,71.96,1,-1,-1,-1
80,1013,870.54,174.54,25.45,55.08,1,-1,-1,-1
81,1033,737.81,152.17,27.61,74.57,1,-1,-1,-1
81,1032,755.63,99.91,22.85,44.08,1,-1,-1,-1
81,1030,107.82,560.46,87.05,171.83,1,-1,-1,-1
81,1027,1049.96,110.60,12.37,46.91,1,-1,-1,-1
81,1025,1019.59,116.22,17.18,45.85,1,-1,-1,-1
81,1021,785.55,165.04,28.60,75.03,1,-1,-1,-1
81,1019,644.72,152.34,33.40,73.60,1,-1,-1,-1
81,1013,872.67,173.80,24.87,54.18,1,-1,-1,-1
82,1033,737.13,152.31,27.41,74.72,1,-1,-1,-1
82,1032,760.01,100.88,23.94,46.35,1,-1,-1,-1
82,1030,121.65,571.29,86.96,161.11,1,-1,-1,-1
82,1027,1050.93,111.68,12.77,45.93,1,-1,-1,-1
82,1025,1020.04,117.56,18.24,45.15,1,-1,-1,-1
82,1021,787.93,162.80,28.09,73.93,1,-1,-1,-1
82,1019,640.42,153.67,33.79,74.50,1,-1,-1,-1
82,1013,875.62,172.82,24.88,53.48,1,-1,-1,-1
83,1033,734.92,153.45,27.20,75.84,1,-1,-1,-1
83,1030,134.44,581.75,85.24,149.84,1,-1,-1,-1
83,1027,1049.14,111.99,12.57,45.62,1,-1,-1,-1
83,1025,1019.83,118.28,18.04,45.87,1,-1,-1,-1
83,1021,790.31,160.70,27.68,74.41,1,-1,-1,-1
83,1019,634.76,154.15,33.45,74.76,1,-1,-1,-1
83,1013,878.64,173.39,24.62,52.64,1,-1,-1,-1
84,1033,731.61,154.02,26.79,75.81,1,-1,-1,-1
84,1030,149.18,591.95,84.16,139.48,1,-1,-1,-1
84,1027,1049.52,110.93,12.42,44.55,1,-1,-1,-1
84,1025,1020.72,117.89,18.06,45.95,1,-1,-1,-1
84,1021,794.08,158.24,27.69,73.70,1,-1,-1,-1
84,1019,627.91,154.85,34.25,75.27,1,-1,-1,-1
84,1013,882.63,173.17,24.42,51.33,1,-1,-1,-1
85,1033,727.84,154.66,26.91,76.69,1,-1,-1,-1
85,1030,164.02,604.53,85.40,126.38,1,-1,-1,-1
85,1025,1022.06,120.78,20.29,49.37,1,-1,-1,-1
85,1021,796.24,156.86,26.91,72.59,1,-1,-1,-1
85,1019,622.20,157.56,35.14,75.78,1,-1,-1,-1
85,1013,885.09,170.54,24.89,51.67,1,-1,-1,-1
86,1033,724.56,156.77,27.22,77.01,1,-1,-1,-1
86,1032,778.93,101.34,22.57,47.19,1,-1,-1,-1
86,1030,184.53,619.45,86.27,112.44,1,-1,-1,-1
86,1025,1021.88,121.09,21.80,46.97,1,-1,-1,-1
86,1021,798.21,158.68,26.65,70.80,1,-1,-1,-1
86,1019,618.01,159.06,34.99,75.73,1,-1,-1,-1
86,1013,888.30,170.29,24.64,51.06,1,-1,-1,-1
87,1033,720.43,157.23,27.95,78.61,1,-1,-1,-1
87,1032,782.50,101.81,20.10,46.37,1,-1,-1,-1
87,1030,196.15,636.87,91.69,95.55,1,-1,-1,-1
87,1025,1020.45,121.45,22.88,47.25,1,-1,-1,-1
87,1021,799.66,159.69,26.01,69.67,1,-1,-1,-1
87,1019,615.57,160.95,34.28,76.11,1,-1,-1,-1
87,1013,888.79,169.03,24.86,51.02,1,-1,-1,-1
88,1033,717.77,160.23,28.22,78.34,1,-1,-1,-1
88,1030,214.15,654.36,93.99,78.57,1,-1,-1,-1
88,1025,1020.69,122.59,23.72,48.82,1,-1,-1,-1
88,1021,799.90,158.41,26.16,68.09,1,-1,-1,-1
88,1019,611.25,161.78,34.68,76.69,1,-1,-1,-1
88,1013,889.61,168.09,25.08,50.51,1,-1,-1,-1
89,1034,43.68,331.38,58.50,130.95,1,-1,-1,-1
89,1033,715.60,163.35,28.21,77.51,1,-1,-1,-1
89,1030,228.26,670.91,92.36,61.48,1,-1,-1,-1
89,1025,1018.27,121.48,22.59,48.16,1,-1,-1,-1
89,1021,801.25,158.07,25.69,66.91,1,-1,-1,-1
89,1019,608.09,164.82,34.56,76.56,1,-1,-1,-1
89,1013,891.73,166.97,24.80,50.27,1,-1,-1,-1
90,1034,64.30,321.28,70.83,142.09,1,-1,-1,-1
90,1033,713.55,165.43,27.68,76.31,1,-1,-1,-1
90,1025,1019.03,119.80,21.29,46.83,1,-1,-1,-1
90,1021,802.97,158.31,25.25,66.11,1,-1,-1,-1
90,1019,601.96,165.86,34.58,76.70,1,-1,-1,-1
90,1013,893.99,166.26,24.57,49.27,1,-1,-1,-1
91,1034,81.82,322.19,69.59,142.37,1,-1,-1,-1
91,1033,710.69,165.08,27.81,77.38,1,-1,-1,-1
91,1025,1018.50,119.97,20.59,45.69,1,-1,-1,-1
91,1021,804.99,156.43,24.93,65.61,1,-1,-1,-1
91,1019,595.79,167.28,36.27,76.44,1,-1,-1,-1
91,1013,895.30,164.67,24.43,49.36,1,-1,-1,-1
92,1034,111.92,326.41,61.66,138.62,1,-1,-1,-1
92,1033,707.75,166.35,27.80,77.75,1,-1,-1,-1
92,1025,1018.95,121.01,19.49,45.10,1,-1,-1,-1
92,1021,806.75,155.06,24.71,65.37,1,-1,-1,-1
92,1019,590.69,170.86,37.07,75.92,1,-1,-1,-1
92,1013,896.21,164.76,24.55,49.24,1,-1,-1,-1
93,1035,1049.50,112.94,10.84,44.40,1,-1,-1,-1
93,1034,136.58,324.16,65.65,137.67,1,-1,-1,-1
93,1033,703.43,166.90,29.33,80.24,1,-1,-1,-1
93,1025,1018.72,120.62,18.58,43.59,1,-1,-1,-1
93,1021,806.93,152.48,24.54,65.18,1,-1,-1,-1
93,1019,587.02,171.23,37.32,77.47,1,-1,-1,-1
93,1013,897.19,164.11,24.85,49.40,1,-1,-1,-1
94,1036,815.28,102.04,19.51,38.13,1,-1,-1,-1
94,1035,1051.97,110.56,13.19,48.08,1,-1,-1,-1
94,1034,161.36,324.12,59.60,133.09,1,-1,-1,-1
94,1033,700.12,169.38,30.20,81.35,1,-1,-1,-1
94,1025,1019.51,121.06,18.30,43.31,1,-1,-1,-1
94,1021,807.77,150.70,24.45,65.86,1,-1,-1,-1
94,1019,585.19,170.35,37.07,79.27,1,-1,-1,-1
94,1013,897.41,161.19,25.59,49.41,1,-1,-1,-1
95,1036,819.24,103.87,16.81,34.44,1,-1,-1,-1
95,1035,1051.23,111.36,11.99,46.21,1,-1,-1,-1
95,1034,187.29,322.94,57.40,132.08,1,-1,-1,-1
95,1033,696.77,171.07,30.85,82.60,1,-1,-1,-1
95,1025,1019.92,121.02,17.83,42.75,1,-1,-1,-1
95,1021,808.83,149.38,24.39,66.26,1,-1,-1,-1
95,1019,582.60,172.95,36.78,80.09,1,-1,-1,-1
95,1013,899.30,161.32,25.18,48.81,1,-1,-1,-1
96,1036,824.10,106.39,15.24,32.61,1,-1,-1,-1
96,1035,1050.54,111.81,11.25,45.18,1,-1,-1,-1
96,1034,207.84,318.66,63.91,133.86,1,-1,-1,-1
96,1033,694.75,170.44,30.62,83.97,1,-1,-1,-1
96,1025,1021.50,121.16,17.06,42.58,1,-1,-1,-1
96,1021,810.53,148.02,24.32,65.81,1,-1,-1,-1
96,1019,579.13,176.26,36.21,80.30,1,-1,-1,-1
96,1013,901.43,160.70,24.91,48.91,1,-1,-1,-1
97,1036,829.29,107.99,15.13,33.43,1,-1,-1,-1
97,1035,1050.84,112.55,10.51,44.29,1,-1,-1,-1
97,1034,232.15,310.04,58.27,132.83,1,-1,-1,-1
97,1033,691.44,170.91,30.34,85.36,1,-1,-1,-1
97,1025,1019.84,121.32,17.11,42.60,1,-1,-1,-1
97,1021,814.09,146.21,24.29,65.75,1,-1,-1,-1
97,1019,572.83,175.30,36.66,81.11,1,-1,-1,-1
97,1013,902.98,159.64,24.81,48.20,1,-1,-1,-1
98,1036,834.10,107.97,16.02,34.37,1,-1,-1,-1
98,1035,1051.26,112.63,10.30,44.49,1,-1,-1,-1
98,1034,250.84,309.13,60.60,131.70,1,-1,-1,-1
98,1033,686.65,173.53,30.63,84.98,1,-1,-1,-1
98,1025,1019.71,121.46,17.42,42.64,1,-1,-1,-1
98,1021,816.72,145.80,24.31,65.71,1,-1,-1,-1
98,1019,566.70,176.85,38.06,82.02,1,-1,-1,-1
98,1013,906.20,160.01,24.62,47.87,1,-1,-1,-1
99,1036,839.28,111.59,15.47,35.85,1,-1,-1,-1
99,1035,1051.49,112.02,10.29,44.75,1,-1,-1,-1
99,1034,270.29,302.13,57.78,128.10,1,-1,-1,-1
99,1033,682.28,175.57,31.21,85.46,1,-1,-1,-1
99,1025,1018.83,120.95,17.88,43.13,1,-1,-1,-1
99,1021,817.80,145.80,24.29,65.52,1,-1,-1,-1
99,1019,562.64,178.22,38.41,83.48,1,-1,-1,-1
99,1013,906.96,159.38,24.49,47.81,1,-1,-1,-1
