8,855,68.94,368.41,21.39,59.12,1,-1,-1,-1
9,855,80.46,365.31,23.16,60.46,1,-1,-1,-1
10,856,51.35,362.33,24.93,58.89,1,-1,-1,-1
10,855,95.57,365.09,22.66,59.99,1,-1,-1,-1
11,856,56.41,360.15,28.90,61.77,1,-1,-1,-1
11,855,111.31,361.41,23.36,61.73,1,-1,-1,-1
12,856,65.49,361.03,26.05,59.84,1,-1,-1,-1
12,855,125.39,358.22,23.36,62.34,1,-1,-1,-1
13,856,74.34,361.18,26.66,59.45,1,-1,-1,-1
13,855,140.41,350.35,24.76,66.91,1,-1,-1,-1
14,857,20.18,363.25,24.56,61.50,1,-1,-1,-1
14,856,81.04,359.83,28.20,58.03,1,-1,-1,-1
14,855,158.79,352.98,24.22,64.13,1,-1,-1,-1
15,857,27.09,363.10,23.43,61.33,1,-1,-1,-1
15,856,88.13,358.43,26.59,56.98,1,-1,-1,-1
15,855,172.09,352.92,25.41,61.90,1,-1,-1,-1
16,857,33.28,361.26,27.68,64.42,1,-1,-1,-1
16,856,96.11,358.67,25.38,56.33,1,-1,-1,-1
16,855,190.01,352.06,23.70,61.38,1,-1,-1,-1
17,856,103.79,358.34,27.62,57.06,1,-1,-1,-1
17,855,204.34,349.09,25.21,60.28,1,-1,-1,-1
18,858,24.14,392.73,29.02,66.14,1,-1,-1,-1
18,856,111.29,358.84,27.10,57.94,1,-1,-1,-1
19,858,31.02,392.94,29.08,64.97,1,-1,-1,-1
19,856,121.49,355.69,25.81,59.88,1,-1,-1,-1
20,858,41.72,392.95,23.97,61.94,1,-1,-1,-1
20,856,129.07,356.09,27.25,60.21,1,-1,-1,-1
21,858,50.22,390.55,27.88,66.16,1,-1,-1,-1
21,856,134.72,355.72,27.57,60.26,1,-1,-1,-1
21,855,272.76,343.52,24.61,57.68,1,-1,-1,-1
22,858,59.27,389.38,27.47,67.03,1,-1,-1,-1
22,856,144.45,353.96,24.90,60.59,1,-1,-1,-1
22,855,291.02,343.91,23.81,57.57,1,-1,-1,-1
23,858,69.81,385.41,28.55,69.58,1,-1,-1,-1
23,856,151.26,354.22,27.57,60.99,1,-1,-1,-1
23,855,307.10,341.54,24.33,57.16,1,-1,-1,-1
24,858,76.27,386.65,30.64,68.57,1,-1,-1,-1
24,856,158.72,353.15,28.36,61.31,1,-1,-1,-1
24,855,322.44,338.83,24.28,57.39,1,-1,-1,-1
25,858,84.24,385.67,27.90,67.58,1,-1,-1,-1
25,856,169.05,351.03,26.23,61.00,1,-1,-1,-1
25,855,338.54,334.43,25.33,58.89,1,-1,-1,-1
26,860,66.04,380.42,25.27,58.28,1,-1,-1,-1
26,858,95.22,385.43,28.17,67.14,1,-1,-1,-1
26,856,178.02,352.05,26.92,59.15,1,-1,-1,-1
26,855,353.89,333.70,26.46,59.13,1,-1,-1,-1
27,861,37.63,368.82,27.73,65.11,1,-1,-1,-1
27,860,74.99,379.33,29.97,61.56,1,-1,-1,-1
27,858,103.41,386.88,29.08,66.25,1,-1,-1,-1
27,856,184.17,351.13,28.58,59.05,1,-1,-1,-1
27,855,371.85,330.98,25.67,59.41,1,-1,-1,-1
28,861,45.40,367.06,27.55,66.30,1,-1,-1,-1
28,860,85.85,377.82,27.18,60.41,1,-1,-1,-1
28,858,113.42,385.30,26.30,65.71,1,-1,-1,-1
28,856,192.24,349.25,26.28,59.14,1,-1,-1,-1
28,855,387.68,328.58,26.09,58.13,1,-1,-1,-1
29,861,54.59,365.18,24.47,65.21,1,-1,-1,-1
29,860,97.48,377.93,24.09,59.12,1,-1,-1,-1
29,858,122.73,383.98,29.17,68.15,1,-1,-1,-1
29,856,202.91,350.01,26.25,58.07,1,-1,-1,-1
29,855,404.41,327.81,24.38,58.27,1,-1,-1,-1
30,861,60.51,360.09,29.50,73.07,1,-1,-1,-1
30,860,107.20,376.97,27.56,61.36,1,-1,-1,-1
30,858,127.67,380.62,30.72,70.66,1,-1,-1,-1
30,856,209.35,349.67,28.41,58.50,1,-1,-1,-1
30,855,419.67,325.92,26.79,57.99,1,-1,-1,-1
31,861,64.24,359.27,32.83,76.50,1,-1,-1,-1
31,860,116.45,375.00,25.17,60.41,1,-1,-1,-1
31,858,138.85,381.19,28.04,69.96,1,-1,-1,-1
31,856,216.88,348.42,28.04,58.50,1,-1,-1,-1
31,855,438.95,324.61,25.93,58.83,1,-1,-1,-1
32,862,22.05,392.72,29.27,61.69,1,-1,-1,-1
32,861,72.18,361.80,29.25,73.96,1,-1,-1,-1
32,860,127.39,375.64,25.09,60.32,1,-1,-1,-1
32,858,147.95,383.02,30.05,67.64,1,-1,-1,-1
32,856,225.70,347.79,27.65,58.65,1,-1,-1,-1
32,855,452.86,322.12,26.74,58.41,1,-1,-1,-1
33,862,30.47,391.80,29.76,60.78,1,-1,-1,-1
33,861,82.54,361.26,28.91,72.81,1,-1,-1,-1
33,860,135.24,374.27,26.45,61.95,1,-1,-1,-1
33,858,155.53,381.91,29.82,66.36,1,-1,-1,-1
33,856,232.48,347.98,28.22,58.13,1,-1,-1,-1
33,855,468.85,320.97,25.26,59.25,1,-1,-1,-1
34,862,38.69,391.89,28.26,58.70,1,-1,-1,-1
34,861,89.38,360.12,30.75,72.67,1,-1,-1,-1
34,860,145.73,372.33,24.60,60.32,1,-1,-1,-1
34,858,167.60,383.68,28.79,64.05,1,-1,-1,-1
34,856,241.56,343.88,26.35,58.50,1,-1,-1,-1
34,855,484.03,318.79,25.92,58.54,1,-1,-1,-1
35,865,21.79,362.04,28.33,65.91,1,-1,-1,-1
35,862,48.43,390.91,24.43,55.36,1,-1,-1,-1
35,861,96.56,361.84,26.77,69.72,1,-1,-1,-1
35,860,156.32,372.24,23.53,58.43,1,-1,-1,-1
35,858,175.25,382.83,30.46,64.39,1,-1,-1,-1
35,856,250.29,344.98,26.24,58.17,1,-1,-1,-1
35,855,499.63,318.70,25.86,57.37,1,-1,-1,-1
36,862,58.03,389.60,26.03,56.83,1,-1,-1,-1
36,861,106.32,360.78,25.16,69.46,1,-1,-1,-1
36,860,165.35,370.34,23.82,58.58,1,-1,-1,-1
36,858,185.55,380.78,27.54,64.29,1,-1,-1,-1
36,856,259.18,346.10,28.79,58.26,1,-1,-1,-1
36,855,515.94,315.47,26.25,57.21,1,-1,-1,-1
37,867,1218.83,296.37,13.26,41.52,1,-1,-1,-1
37,866,1229.79,295.87,21.34,62.64,1,-1,-1,-1
37,862,64.47,387.62,27.28,60.72,1,-1,-1,-1
37,861,110.43,360.95,28.99,70.06,1,-1,-1,-1
37,860,175.68,369.76,24.49,58.93,1,-1,-1,-1
37,858,195.83,379.01,28.15,64.97,1,-1,-1,-1
37,856,266.24,344.92,28.59,59.23,1,-1,-1,-1
37,855,529.29,313.90,26.11,57.04,1,-1,-1,-1
38,867,1216.07,296.75,13.40,41.78,1,-1,-1,-1
38,866,1221.48,295.29,23.80,65.75,1,-1,-1,-1
38,862,74.78,386.80,25.38,61.52,1,-1,-1,-1
38,861,117.63,362.61,30.55,68.16,1,-1,-1,-1
38,860,185.44,367.72,24.40,57.74,1,-1,-1,-1
38,858,204.29,378.61,28.83,64.25,1,-1,-1,-1
38,856,275.06,344.57,27.83,57.74,1,-1,-1,-1
38,855,545.03,312.28,24.79,57.94,1,-1,-1,-1
39,870,16.65,362.61,21.37,59.26,1,-1,-1,-1
39,869,111.47,362.45,21.66,53.32,1,-1,-1,-1
39,866,1215.79,295.29,25.62,66.07,1,-1,-1,-1
39,865,48.45,361.59,28.58,66.47,1,-1,-1,-1
39,862,84.64,386.54,25.75,60.27,1,-1,-1,-1
39,861,126.75,360.78,28.00,68.05,1,-1,-1,-1
39,860,196.44,367.54,22.56,55.60,1,-1,-1,-1
39,858,214.66,374.83,27.34,65.74,1,-1,-1,-1
39,856,282.33,345.07,30.16,57.86,1,-1,-1,-1
39,855,559.82,311.70,25.71,56.17,1,-1,-1,-1
40,870,22.93,360.52,22.84,61.37,1,-1,-1,-1
40,869,119.25,360.87,21.18,54.37,1,-1,-1,-1
40,866,1210.06,296.42,23.97,65.54,1,-1,-1,-1
40,865,56.05,362.64,25.51,63.62,1,-1,-1,-1
40,862,92.74,384.51,25.64,59.98,1,-1,-1,-1
40,861,134.69,360.58,28.99,68.11,1,-1,-1,-1
40,860,208.47,365.80,21.30,54.44,1,-1,-1,-1
40,858,224.51,373.91,28.91,65.83,1,-1,-1,-1
40,856,291.78,341.39,29.02,58.39,1,-1,-1,-1
40,855,576.26,309.40,24.89,56.79,1,-1,-1,-1
41,870,29.51,360.43,21.21,56.59,1,-1,-1,-1
41,866,1204.91,297.22,23.37,65.11,1,-1,-1,-1
41,865,64.37,363.42,25.09,62.95,1,-1,-1,-1
41,862,102.02,384.14,26.07,62.14,1,-1,-1,-1
41,861,138.93,358.77,28.90,68.54,1,-1,-1,-1
41,860,215.88,364.28,24.60,57.23,1,-1,-1,-1
41,858,233.07,373.42,28.32,65.23,1,-1,-1,-1
41,856,300.54,339.57,26.57,59.17,1,-1,-1,-1
41,855,589.16,306.63,25.87,56.72,1,-1,-1,-1
42,870,34.44,361.30,21.80,55.88,1,-1,-1,-1
42,866,1196.90,297.53,24.16,65.89,1,-1,-1,-1
42,865,69.69,362.95,24.06,60.42,1,-1,-1,-1
42,862,111.35,381.93,26.45,62.04,1,-1,-1,-1
42,861,145.49,360.77,27.15,68.86,1,-1,-1,-1
42,860,227.47,363.18,22.21,55.80,1,-1,-1,-1
42,858,244.36,371.28,27.11,65.58,1,-1,-1,-1
42,856,309.21,339.26,28.40,58.76,1,-1,-1,-1
42,855,604.28,305.29,23.87,56.07,1,-1,-1,-1
43,875,167.22,352.87,18.79,54.98,1,-1,-1,-1
43,874,1210.46,295.83,14.69,50.29,1,-1,-1,-1
43,870,38.00,359.55,24.12,58.63,1,-1,-1,-1
43,866,1193.58,299.75,23.98,65.83,1,-1,-1,-1
43,865,76.74,363.29,24.76,62.32,1,-1,-1,-1
43,862,117.12,382.90,27.92,63.48,1,-1,-1,-1
43,861,154.55,361.24,26.84,65.17,1,-1,-1,-1
43,860,238.10,362.58,21.68,55.30,1,-1,-1,-1
43,858,253.12,371.96,28.89,65.19,1,-1,-1,-1
43,856,316.54,337.38,27.71,59.15,1,-1,-1,-1
43,855,615.84,303.56,24.64,55.63,1,-1,-1,-1
44,875,176.07,357.05,17.31,51.54,1,-1,-1,-1
44,874,1207.63,296.35,14.20,49.98,1,-1,-1,-1
44,873,224.31,346.33,21.48,62.14,1,-1,-1,-1
44,870,42.39,359.27,21.86,56.08,1,-1,-1,-1
44,869,146.77,357.43,19.84,56.53,1,-1,-1,-1
44,866,1186.64,299.93,22.89,65.56,1,-1,-1,-1
44,865,82.65,365.51,21.70,58.58,1,-1,-1,-1
44,862,125.21,381.58,26.33,62.16,1,-1,-1,-1
44,861,161.69,360.97,29.49,65.68,1,-1,-1,-1
44,860,245.93,362.42,21.73,54.99,1,-1,-1,-1
44,858,262.76,369.04,28.30,62.82,1,-1,-1,-1
44,856,326.29,337.13,26.15,59.42,1,-1,-1,-1
44,855,629.88,301.88,23.07,55.66,1,-1,-1,-1
45,874,1204.20,295.91,14.98,48.59,1,-1,-1,-1
45,873,231.47,344.39,25.11,64.94,1,-1,-1,-1
45,870,49.51,360.27,22.24,58.39,1,-1,-1,-1
45,869,153.43,356.34,19.44,54.70,1,-1,-1,-1
45,866,1180.06,300.80,24.44,64.89,1,-1,-1,-1
45,865,88.12,368.02,24.14,61.00,1,-1,-1,-1
45,862,134.38,379.74,26.77,61.31,1,-1,-1,-1
45,861,169.12,360.83,28.65,64.56,1,-1,-1,-1
45,858,273.52,369.63,29.07,63.14,1,-1,-1,-1
45,856,334.99,337.24,28.46,59.17,1,-1,-1,-1
45,855,643.11,300.94,23.20,54.28,1,-1,-1,-1
46,874,1197.35,296.72,15.25,46.90,1,-1,-1,-1
46,873,236.94,348.66,27.12,61.87,1,-1,-1,-1
46,870,55.17,364.73,23.37,55.98,1,-1,-1,-1
46,865,94.19,366.86,24.16,60.78,1,-1,-1,-1
46,862,141.99,381.21,26.93,60.02,1,-1,-1,-1
46,861,176.55,361.53,26.87,63.84,1,-1,-1,-1
46,858,280.47,369.47,30.06,64.04,1,-1,-1,-1
46,856,342.52,335.89,27.46,58.11,1,-1,-1,-1
46,855,657.74,300.38,21.05,51.87,1,-1,-1,-1
47,874,1194.61,298.32,14.09,45.63,1,-1,-1,-1
47,873,246.06,348.96,24.05,58.82,1,-1,-1,-1
47,870,61.76,363.25,21.59,54.79,1,-1,-1,-1
47,865,100.40,368.90,23.39,58.39,1,-1,-1,-1
47,862,151.31,380.92,24.74,59.14,1,-1,-1,-1
47,861,184.18,362.21,28.29,64.98,1,-1,-1,-1
47,858,291.56,367.31,27.69,64.28,1,-1,-1,-1
47,856,351.55,334.45,25.24,57.74,1,-1,-1,-1
47,855,670.04,298.24,22.18,51.29,1,-1,-1,-1
48,874,1191.23,299.81,13.97,47.14,1,-1,-1,-1
48,873,254.69,347.83,27.00,59.28,1,-1,-1,-1
48,870,68.32,360.47,24.09,57.34,1,-1,-1,-1
48,865,107.51,365.83,25.34,59.36,1,-1,-1,-1
48,862,161.69,381.29,25.15,59.87,1,-1,-1,-1
48,861,189.53,359.79,26.64,64.66,1,-1,-1,-1
48,860,288.12,355.30,20.04,55.53,1,-1,-1,-1
48,858,301.82,366.16,28.97,64.49,1,-1,-1,-1
48,856,360.83,333.98,26.69,58.42,1,-1,-1,-1
48,855,683.56,298.79,21.68,49.83,1,-1,-1,-1
49,874,1187.75,299.39,14.81,47.98,1,-1,-1,-1
49,873,257.04,347.50,29.02,59.27,1,-1,-1,-1
49,870,72.27,358.40,25.83,58.77,1,-1,-1,-1
49,865,110.13,364.56,26.76,59.94,1,-1,-1,-1
49,862,168.14,381.36,26.50,60.55,1,-1,-1,-1
49,861,198.16,358.49,25.43,64.43,1,-1,-1,-1
49,860,296.73,356.32,19.91,54.79,1,-1,-1,-1
49,858,310.70,365.24,29.91,64.62,1,-1,-1,-1
49,856,366.43,333.75,27.76,58.87,1,-1,-1,-1
49,855,695.34,297.86,20.85,48.57,1,-1,-1,-1
50,877,1224.17,306.60,26.62,61.61,1,-1,-1,-1
50,874,1183.58,299.94,15.37,48.40,1,-1,-1,-1
50,873,265.58,347.27,28.40,58.57,1,-1,-1,-1
50,870,79.21,359.50,24.81,58.02,1,-1,-1,-1
50,865,115.94,363.22,26.86,60.07,1,-1,-1,-1
50,862,176.59,381.09,27.49,61.00,1,-1,-1,-1
50,861,206.95,357.83,28.96,64.32,1,-1,-1,-1
50,860,306.41,353.91,19.82,54.26,1,-1,-1,-1
50,858,319.12,364.48,30.24,64.67,1,-1,-1,-1
50,856,374.94,330.24,27.73,59.09,1,-1,-1,-1
50,855,705.78,296.65,20.24,47.61,1,-1,-1,-1
51,878,1144.31,308.37,26.51,56.83,1,-1,-1,-1
51,877,1223.24,309.54,25.27,58.29,1,-1,-1,-1
51,874,1182.13,300.10,15.75,48.60,1,-1,-1,-1
51,873,274.59,345.78,29.19,58.36,1,-1,-1,-1
51,870,83.57,360.53,24.07,57.46,1,-1,-1,-1
51,865,121.95,361.78,26.94,60.17,1,-1,-1,-1
51,862,186.21,379.56,28.39,61.32,1,-1,-1,-1
51,861,212.27,357.17,31.56,64.23,1,-1,-1,-1
51,860,317.88,351.08,19.76,53.90,1,-1,-1,-1
51,858,328.16,363.26,31.67,64.82,1,-1,-1,-1
51,856,384.76,329.32,28.79,59.36,1,-1,-1,-1
51,855,716.72,294.34,20.84,48.33,1,-1,-1,-1
52,880,1166.46,301.18,14.15,47.35,1,-1,-1,-1
52,879,238.01,348.38,27.23,50.44,1,-1,-1,-1
52,878,1133.48,307.13,29.40,61.24,1,-1,-1,-1
52,877,1214.09,313.73,24.61,55.29,1,-1,-1,-1
52,874,1176.93,300.45,16.02,48.67,1,-1,-1,-1
52,873,279.56,344.15,29.73,58.13,1,-1,-1,-1
52,870,90.13,359.65,23.52,57.03,1,-1,-1,-1
52,865,130.61,365.69,29.49,60.83,1,-1,-1,-1
52,862,192.30,379.18,31.13,62.21,1,-1,-1,-1
52,861,220.16,356.92,29.95,63.80,1,-1,-1,-1
52,860,324.72,350.17,21.61,54.02,1,-1,-1,-1
52,858,338.95,363.37,30.90,64.75,1,-1,-1,-1
52,856,391.78,329.67,29.58,59.55,1,-1,-1,-1
52,855,728.03,293.32,20.23,47.44,1,-1,-1,-1
53,882,1225.77,295.53,16.82,55.19,1,-1,-1,-1
53,881,1192.99,292.92,16.91,45.65,1,-1,-1,-1
53,880,1158.37,300.46,14.74,50.51,1,-1,-1,-1
53,879,242.07,348.22,26.70,51.55,1,-1,-1,-1
53,878,1125.66,307.32,27.95,60.99,1,-1,-1,-1
53,877,1206.31,314.99,24.27,53.56,1,-1,-1,-1
53,874,1169.73,301.08,17.77,49.24,1,-1,-1,-1
53,873,287.32,344.60,28.28,57.50,1,-1,-1,-1
53,870,96.84,359.41,23.12,56.70,1,-1,-1,-1
53,865,136.33,365.26,29.50,61.57,1,-1,-1,-1
53,862,200.42,377.74,30.13,62.52,1,-1,-1,-1
53,861,228.87,356.94,28.77,63.47,1,-1,-1,-1
53,860,336.52,350.90,21.63,54.34,1,-1,-1,-1
53,858,350.28,363.05,30.16,65.48,1,-1,-1,-1
53,856,401.60,328.45,28.64,59.15,1,-1,-1,-1
53,855,739.61,292.57,19.78,46.76,1,-1,-1,-1
54,884,1252.24,297.81,18.62,55.32,1,-1,-1,-1
54,882,1221.38,298.26,17.28,56.55,1,-1,-1,-1
54,880,1148.99,298.89,17.33,52.69,1,-1,-1,-1
54,879,255.24,347.36,28.32,53.40,1,-1,-1,-1
54,878,1116.71,309.37,26.39,61.51,1,-1,-1,-1
54,877,1197.81,315.23,23.10,53.61,1,-1,-1,-1
54,874,1164.16,302.25,18.42,49.73,1,-1,-1,-1
54,873,297.05,345.78,27.54,55.62,1,-1,-1,-1
54,870,104.96,358.21,25.74,58.26,1,-1,-1,-1
54,865,140.57,358.14,29.72,64.05,1,-1,-1,-1
54,862,211.58,378.37,26.81,61.75,1,-1,-1,-1
54,861,236.56,352.23,31.08,66.09,1,-1,-1,-1
54,860,347.18,350.26,20.85,53.94,1,-1,-1,-1
54,858,358.65,363.44,31.47,63.84,1,-1,-1,-1
54,856,411.32,328.35,27.84,58.01,1,-1,-1,-1
54,855,750.44,291.60,19.72,47.03,1,-1,-1,-1
55,884,1245.11,296.31,21.93,57.81,1,-1,-1,-1
55,882,1217.27,297.71,18.28,59.32,1,-1,-1,-1
55,880,1143.58,299.52,17.56,52.05,1,-1,-1,-1
55,879,261.48,344.62,27.19,51.27,1,-1,-1,-1
55,878,1109.05,309.22,28.90,64.35,1,-1,-1,-1
55,877,1190.12,313.80,25.43,55.11,1,-1,-1,-1
55,874,1159.47,302.12,18.84,50.65,1,-1,-1,-1
55,873,303.02,346.17,29.32,54.78,1,-1,-1,-1
55,870,110.23,358.45,25.84,59.66,1,-1,-1,-1
55,865,148.76,356.54,31.20,65.14,1,-1,-1,-1
55,862,220.24,378.38,28.53,60.45,1,-1,-1,-1
55,861,244.88,349.91,29.66,66.53,1,-1,-1,-1
55,860,354.36,348.50,20.90,54.85,1,-1,-1,-1
55,858,369.45,360.95,28.56,64.20,1,-1,-1,-1
55,856,419.09,327.62,27.92,57.24,1,-1,-1,-1
55,855,760.43,291.38,19.40,47.74,1,-1,-1,-1
56,884,1239.44,294.23,23.40,60.18,1,-1,-1,-1
56,882,1210.90,296.68,19.02,60.52,1,-1,-1,-1
56,880,1138.23,299.32,17.55,52.17,1,-1,-1,-1
56,879,268.59,345.91,24.16,49.06,1,-1,-1,-1
56,878,1101.37,308.28,28.65,65.96,1,-1,-1,-1
56,877,1184.09,314.77,23.86,54.47,1,-1,-1,-1
56,874,1154.67,301.84,18.01,51.33,1,-1,-1,-1
56,873,309.75,346.02,27.08,53.62,1,-1,-1,-1
56,870,116.49,357.95,23.01,59.10,1,-1,-1,-1
56,865,155.08,358.64,30.84,64.90,1,-1,-1,-1
56,862,229.30,377.17,27.06,60.17,1,-1,-1,-1
56,861,252.80,352.55,29.27,65.11,1,-1,-1,-1
56,860,366.01,346.60,19.22,54.47,1,-1,-1,-1
56,858,379.08,357.24,28.39,65.24,1,-1,-1,-1
56,856,429.07,327.54,25.16,56.91,1,-1,-1,-1
56,855,768.08,291.50,20.05,47.19,1,-1,-1,-1
57,884,1233.93,292.94,22.06,60.01,1,-1,-1,-1
57,882,1205.21,295.25,22.86,62.93,1,-1,-1,-1
57,880,1131.53,298.70,18.63,53.18,1,-1,-1,-1
57,879,278.47,344.83,24.98,49.91,1,-1,-1,-1
57,878,1094.84,307.11,27.92,66.77,1,-1,-1,-1
57,877,1178.04,315.18,24.10,55.14,1,-1,-1,-1
57,874,1149.29,302.24,18.73,51.80,1,-1,-1,-1
57,873,318.09,343.77,25.08,53.52,1,-1,-1,-1
57,870,124.01,358.65,23.77,59.61,1,-1,-1,-1
57,865,164.97,359.32,26.88,63.83,1,-1,-1,-1
57,862,239.39,375.89,25.28,60.75,1,-1,-1,-1
57,861,260.88,351.46,30.16,65.48,1,-1,-1,-1
57,860,374.55,345.66,20.36,55.47,1,-1,-1,-1
57,858,387.26,355.66,28.76,66.05,1,-1,-1,-1
57,856,439.70,327.19,25.88,56.22,1,-1,-1,-1
57,855,776.48,291.54,19.55,46.96,1,-1,-1,-1
58,884,1228.09,293.35,21.28,59.73,1,-1,-1,-1
58,882,1199.15,296.87,23.28,61.89,1,-1,-1,-1
58,880,1125.11,298.80,18.10,52.31,1,-1,-1,-1
58,879,287.07,345.32,24.48,49.10,1,-1,-1,-1
58,878,1085.81,306.44,29.86,68.68,1,-1,-1,-1
58,877,1169.77,315.82,25.60,56.12,1,-1,-1,-1
58,874,1145.30,302.28,19.67,51.85,1,-1,-1,-1
58,873,325.05,342.79,27.28,53.74,1,-1,-1,-1
58,870,131.12,362.32,22.98,57.43,1,-1,-1,-1
58,865,173.71,357.18,26.77,64.44,1,-1,-1,-1
58,862,247.18,373.64,26.24,60.84,1,-1,-1,-1
58,861,268.40,350.61,29.20,65.34,1,-1,-1,-1
58,860,382.69,347.67,21.51,54.71,1,-1,-1,-1
58,858,399.71,356.38,25.57,64.91,1,-1,-1,-1
58,856,446.43,326.33,26.90,56.00,1,-1,-1,-1
58,855,783.50,292.69,19.73,45.37,1,-1,-1,-1
59,884,1220.94,293.25,23.35,61.12,1,-1,-1,-1
59,882,1193.14,297.53,22.31,61.82,1,-1,-1,-1
59,880,1119.10,298.38,18.96,52.16,1,-1,-1,-1
59,878,1076.39,306.30,30.53,69.49,1,-1,-1,-1
59,877,1163.05,316.42,25.82,56.37,1,-1,-1,-1
59,874,1141.17,301.32,19.57,51.71,1,-1,-1,-1
59,873,330.15,341.83,27.85,53.68,1,-1,-1,-1
59,870,138.03,361.66,22.38,56.54,1,-1,-1,-1
59,865,178.32,355.36,26.70,64.90,1,-1,-1,-1
59,862,253.90,372.58,26.95,60.89,1,-1,-1,-1
59,861,275.64,346.91,28.50,65.23,1,-1,-1,-1
59,860,393.06,343.21,21.71,57.19,1,-1,-1,-1
59,858,410.38,356.50,28.97,63.99,1,-1,-1,-1
59,856,454.34,325.20,26.41,55.77,1,-1,-1,-1
59,855,791.40,292.32,19.86,44.24,1,-1,-1,-1
60,884,1213.20,293.98,23.97,61.32,1,-1,-1,-1
60,882,1188.37,297.93,21.62,61.83,1,-1,-1,-1
60,880,1111.40,300.18,21.11,52.38,1,-1,-1,-1
60,878,1067.72,306.61,29.71,69.51,1,-1,-1,-1
60,877,1153.27,315.93,25.97,56.53,1,-1,-1,-1
60,874,1136.08,299.39,19.48,51.54,1,-1,-1,-1
60,873,337.98,341.08,26.65,53.41,1,-1,-1,-1
60,870,142.97,360.85,24.16,56.03,1,-1,-1,-1
60,865,185.96,354.82,24.86,64.73,1,-1,-1,-1
60,862,264.07,372.01,26.38,60.78,1,-1,-1,-1
60,861,286.22,346.74,29.42,65.32,1,-1,-1,-1
60,860,401.59,339.36,22.46,58.67,1,-1,-1,-1
60,858,413.34,356.69,31.48,63.43,1,-1,-1,-1
60,856,463.48,323.49,26.05,55.60,1,-1,-1,-1
60,855,798.12,291.00,19.96,44.34,1,-1,-1,-1
61,884,1204.54,293.46,24.37,61.31,1,-1,-1,-1
61,882,1182.20,298.04,21.12,61.87,1,-1,-1,-1
61,880,1105.36,299.71,20.95,51.93,1,-1,-1,-1
61,878,1058.05,307.49,31.69,70.34,1,-1,-1,-1
61,877,1145.12,315.83,27.91,57.15,1,-1,-1,-1
61,874,1129.29,301.15,20.89,51.60,1,-1,-1,-1
61,873,346.47,340.53,27.66,53.46,1,-1,-1,-1
61,870,149.25,357.82,25.49,56.81,1,-1,-1,-1
61,865,195.50,352.95,24.78,64.86,1,-1,-1,-1
61,862,272.51,371.69,28.62,61.03,1,-1,-1,-1
61,861,292.43,346.94,30.11,65.38,1,-1,-1,-1
61,860,410.47,337.13,22.96,59.53,1,-1,-1,-1
61,858,425.88,354.20,29.87,63.88,1,-1,-1,-1
61,856,470.41,323.51,28.49,55.65,1,-1,-1,-1
61,855,805.65,290.24,21.32,44.58,1,-1,-1,-1
62,886,263.15,342.71,22.15,59.87,1,-1,-1,-1
62,884,1197.37,294.13,24.63,61.22,1,-1,-1,-1
62,882,1176.63,298.60,20.76,61.91,1,-1,-1,-1
62,880,1099.82,300.72,20.81,51.56,1,-1,-1,-1
62,879,311.06,341.68,26.52,47.52,1,-1,-1,-1
62,878,1049.49,307.47,33.09,70.75,1,-1,-1,-1
62,877,1138.48,315.44,29.30,57.47,1,-1,-1,-1
62,874,1122.01,302.38,21.91,51.59,1,-1,-1,-1
62,873,351.64,340.21,28.39,53.48,1,-1,-1,-1
62,870,155.88,357.56,24.47,57.01,1,-1,-1,-1
62,865,200.54,352.04,27.17,65.37,1,-1,-1,-1
62,862,279.56,371.25,28.75,61.02,1,-1,-1,-1
62,861,303.36,348.80,28.53,65.20,1,-1,-1,-1
62,860,421.63,335.54,21.92,59.57,1,-1,-1,-1
62,858,435.19,352.27,30.23,64.47,1,-1,-1,-1
62,856,478.91,323.36,27.70,55.53,1,-1,-1,-1
62,855,813.33,289.75,21.26,44.62,1,-1,-1,-1
63,886,267.93,343.49,22.87,59.98,1,-1,-1,-1
63,884,1190.52,294.96,24.79,61.08,1,-1,-1,-1
63,882,1168.76,299.08,23.21,62.98,1,-1,-1,-1
63,880,1093.36,300.61,20.70,51.26,1,-1,-1,-1
63,879,311.44,341.63,26.80,47.26,1,-1,-1,-1
63,878,1040.92,307.10,31.87,70.47,1,-1,-1,-1
63,877,1133.10,314.96,27.75,57.10,1,-1,-1,-1
63,874,1117.87,303.64,21.35,50.69,1,-1,-1,-1
63,873,359.22,340.27,26.61,53.20,1,-1,-1,-1
63,870,161.85,356.88,23.70,57.17,1,-1,-1,-1
63,865,205.78,357.28,27.69,63.76,1,-1,-1,-1
63,862,288.82,370.89,27.90,60.91,1,-1,-1,-1
63,861,315.27,346.47,28.72,65.21,1,-1,-1,-1
63,860,428.16,334.54,23.17,59.96,1,-1,-1,-1
63,858,446.19,350.45,29.40,64.76,1,-1,-1,-1
63,856,488.16,322.84,26.68,55.40,1,-1,-1,-1
63,855,815.80,289.59,21.21,44.66,1,-1,-1,-1
64,887,19.08,399.26,42.78,79.82,1,-1,-1,-1
64,886,273.80,343.91,23.29,59.87,1,-1,-1,-1
64,884,1183.49,295.50,24.89,60.92,1,-1,-1,-1
64,882,1163.69,298.80,24.95,63.47,1,-1,-1,-1
64,880,1087.50,300.03,20.61,51.01,1,-1,-1,-1
64,879,311.22,341.69,26.99,47.06,1,-1,-1,-1
64,878,1030.31,307.02,34.80,71.01,1,-1,-1,-1
64,877,1123.70,317.14,28.90,57.32,1,-1,-1,-1
64,873,367.03,340.10,25.30,52.98,1,-1,-1,-1
64,870,166.34,356.74,25.35,57.60,1,-1,-1,-1
64,865,214.75,358.19,25.24,62.58,1,-1,-1,-1
64,862,298.13,370.38,30.33,61.15,1,-1,-1,-1
64,861,319.34,345.62,28.86,65.22,1,-1,-1,-1
64,860,436.83,331.42,24.09,60.22,1,-1,-1,-1
64,858,457.48,348.11,28.78,64.99,1,-1,-1,-1
64,856,495.70,322.90,27.96,55.44,1,-1,-1,-1
64,855,825.76,289.36,21.17,44.69,1,-1,-1,-1
65,887,28.50,401.57,38.00,75.26,1,-1,-1,-1
65,886,284.44,342.45,23.56,59.72,1,-1,-1,-1
65,884,1173.59,297.46,25.50,60.90,1,-1,-1,-1
65,882,1159.40,297.83,23.54,63.02,1,-1,-1,-1
65,880,1080.18,301.30,22.47,51.13,1,-1,-1,-1
65,879,310.83,341.79,27.13,46.92,1,-1,-1,-1
65,878,1022.52,308.33,36.90,71.25,1,-1,-1,-1
65,877,1116.51,319.05,27.44,57.01,1,-1,-1,-1
65,873,373.07,339.41,28.22,53.30,1,-1,-1,-1
65,870,174.61,355.88,24.04,57.57,1,-1,-1,-1
65,865,222.30,356.63,27.74,61.81,1,-1,-1,-1
65,862,305.16,369.27,32.12,61.29,1,-1,-1,-1
65,861,327.57,343.96,28.96,65.23,1,-1,-1,-1
65,860,446.15,329.81,24.78,60.40,1,-1,-1,-1
65,858,464.59,346.16,31.41,65.49,1,-1,-1,-1
65,856,504.82,320.93,27.70,55.39,1,-1,-1,-1
65,855,832.58,288.15,21.15,44.71,1,-1,-1,-1
66,887,39.96,402.15,34.50,72.40,1,-1,-1,-1
66,886,292.49,342.44,27.74,61.86,1,-1,-1,-1
66,884,1166.92,296.91,25.25,60.68,1,-1,-1,-1
66,882,1153.61,298.02,22.51,62.70,1,-1,-1,-1
66,880,1074.44,301.55,23.81,51.12,1,-1,-1,-1
66,879,310.43,341.89,27.23,46.81,1,-1,-1,-1
66,878,1013.13,308.10,34.47,70.78,1,-1,-1,-1
66,877,1108.49,320.28,26.37,56.79,1,-1,-1,-1
66,873,379.31,337.76,28.49,53.29,1,-1,-1,-1
66,870,180.75,355.14,26.34,57.92,1,-1,-1,-1
66,865,229.29,356.15,29.58,61.32,1,-1,-1,-1
66,862,314.59,366.82,29.57,61.05,1,-1,-1,-1
66,861,336.42,343.61,29.04,65.23,1,-1,-1,-1
66,860,452.51,329.14,27.23,60.75,1,-1,-1,-1
66,858,474.75,346.08,29.77,65.49,1,-1,-1,-1
66,856,512.83,320.23,27.51,55.36,1,-1,-1,-1
66,855,839.02,287.63,22.90,44.91,1,-1,-1,-1
67,889,334.71,344.81,25.91,43.14,1,-1,-1,-1
67,888,1246.57,299.53,20.62,57.74,1,-1,-1,-1
67,887,48.33,402.69,36.70,73.61,1,-1,-1,-1
67,886,296.69,341.69,28.93,61.86,1,-1,-1,-1
67,884,1159.61,298.15,24.53,60.38,1,-1,-1,-1
67,882,1148.20,300.43,21.75,62.46,1,-1,-1,-1
67,880,1067.26,301.90,24.80,51.78,1,-1,-1,-1
67,879,310.07,341.97,27.30,46.72,1,-1,-1,-1
67,878,1002.65,309.81,34.12,70.64,1,-1,-1,-1
67,877,1098.41,319.73,29.31,57.29,1,-1,-1,-1
67,873,386.34,336.49,28.68,53.27,1,-1,-1,-1
67,870,187.40,354.39,28.03,58.12,1,-1,-1,-1
67,865,235.08,355.88,29.24,60.88,1,-1,-1,-1
67,862,324.50,365.40,30.35,61.11,1,-1,-1,-1
67,861,345.04,343.22,30.58,65.37,1,-1,-1,-1
67,860,462.43,327.95,25.40,60.59,1,-1,-1,-1
67,858,485.70,344.62,30.94,65.71,1,-1,-1,-1
67,856,520.08,319.93,29.84,55.49,1,-1,-1,-1
67,855,845.65,287.05,22.77,44.91,1,-1,-1,-1
68,890,1113.39,297.78,18.17,47.93,1,-1,-1,-1
68,889,334.71,344.81,25.91,43.14,1,-1,-1,-1
68,888,1240.44,300.26,19.95,56.33,1,-1,-1,-1
68,887,57.46,404.14,33.32,71.49,1,-1,-1,-1
68,886,306.80,342.14,27.64,60.88,1,-1,-1,-1
68,882,1142.85,302.07,21.07,62.25,1,-1,-1,-1
68,880,1061.17,302.19,24.61,52.04,1,-1,-1,-1
68,879,309.75,342.04,27.35,46.65,1,-1,-1,-1
68,878,993.32,310.69,35.91,70.78,1,-1,-1,-1
68,877,1092.18,319.13,31.27,58.82,1,-1,-1,-1
68,873,394.72,335.26,28.82,53.25,1,-1,-1,-1
68,870,194.44,354.23,26.29,57.99,1,-1,-1,-1
68,865,244.07,355.49,28.99,60.56,1,-1,-1,-1
68,862,333.00,365.10,30.93,61.15,1,-1,-1,-1
68,861,353.64,340.85,29.19,65.24,1,-1,-1,-1
68,860,472.68,326.95,25.12,60.60,1,-1,-1,-1
68,858,492.71,343.70,31.81,65.87,1,-1,-1,-1
68,856,527.64,318.54,28.84,55.41,1,-1,-1,-1
68,855,851.92,286.34,22.68,44.92,1,-1,-1,-1
69,890,1102.43,305.87,15.08,45.87,1,-1,-1,-1
69,888,1236.22,302.09,20.45,54.14,1,-1,-1,-1
69,887,66.89,404.94,32.93,70.55,1,-1,-1,-1
69,886,316.01,342.13,26.94,59.99,1,-1,-1,-1
69,882,1138.13,302.77,21.17,62.05,1,-1,-1,-1
69,880,1055.20,303.84,23.10,52.25,1,-1,-1,-1
69,878,985.24,313.55,33.20,69.58,1,-1,-1,-1
69,877,1084.14,319.72,28.82,58.47,1,-1,-1,-1
69,873,401.18,333.37,27.53,52.94,1,-1,-1,-1
69,870,202.38,353.11,26.07,57.41,1,-1,-1,-1
69,865,251.48,355.23,28.78,59.65,1,-1,-1,-1
69,862,342.46,363.55,27.33,61.48,1,-1,-1,-1
69,861,363.25,340.81,26.67,66.12,1,-1,-1,-1
69,860,480.45,326.71,25.36,59.49,1,-1,-1,-1
69,858,504.55,342.48,28.89,65.78,1,-1,-1,-1
69,856,537.12,318.02,26.07,54.68,1,-1,-1,-1
69,855,858.75,287.34,21.74,44.75,1,-1,-1,-1
70,891,1158.99,300.32,22.62,58.11,1,-1,-1,-1
70,890,1094.22,308.57,16.21,49.50,1,-1,-1,-1
70,888,1231.57,302.19,19.10,53.15,1,-1,-1,-1
70,887,76.86,404.58,36.71,70.99,1,-1,-1,-1
70,886,322.17,342.59,29.76,62.06,1,-1,-1,-1
70,882,1130.22,302.56,23.82,62.99,1,-1,-1,-1
70,880,1049.23,305.76,22.51,52.61,1,-1,-1,-1
70,878,975.72,313.18,32.68,69.34,1,-1,-1,-1
70,877,1076.97,319.19,28.99,59.59,1,-1,-1,-1
70,873,409.21,333.34,24.95,52.12,1,-1,-1,-1
70,870,208.32,352.26,26.30,58.37,1,-1,-1,-1
70,865,260.06,356.97,26.25,58.38,1,-1,-1,-1
70,862,353.69,363.21,28.36,61.04,1,-1,-1,-1
70,861,372.62,338.38,28.69,66.40,1,-1,-1,-1
70,860,490.95,325.95,22.80,58.72,1,-1,-1,-1
70,858,515.25,342.56,30.53,65.07,1,-1,-1,-1
70,856,546.50,317.34,27.40,54.29,1,-1,-1,-1
70,855,865.65,287.38,19.78,44.66,1,-1,-1,-1
71,891,1154.32,299.00,25.02,60.26,1,-1,-1,-1
71,890,1088.70,307.96,17.93,51.96,1,-1,-1,-1
71,888,1225.86,303.38,18.39,52.02,1,-1,-1,-1
71,887,86.87,404.10,34.37,69.42,1,-1,-1,-1
71,886,329.85,341.61,28.72,62.28,1,-1,-1,-1
71,882,1123.94,302.48,24.89,63.32,1,-1,-1,-1
71,880,1043.04,306.39,23.42,52.16,1,-1,-1,-1
71,878,968.65,313.51,34.36,69.77,1,-1,-1,-1
71,877,1071.64,320.77,26.83,58.70,1,-1,-1,-1
71,873,416.92,332.69,26.37,52.42,1,-1,-1,-1
71,870,215.19,350.64,24.59,58.07,1,-1,-1,-1
71,865,268.27,351.60,27.38,60.90,1,-1,-1,-1
71,862,361.26,362.97,30.10,60.89,1,-1,-1,-1
71,861,380.41,339.53,27.53,65.18,1,-1,-1,-1
71,860,499.07,325.40,23.56,58.38,1,-1,-1,-1
71,858,526.08,342.67,29.05,64.94,1,-1,-1,-1
71,856,553.83,317.01,27.45,53.89,1,-1,-1,-1
71,855,873.34,287.20,20.23,43.83,1,-1,-1,-1
72,891,1149.51,299.50,25.77,59.54,1,-1,-1,-1
72,890,1081.63,306.90,18.05,52.53,1,-1,-1,-1
72,887,96.30,402.64,32.68,69.13,1,-1,-1,-1
72,886,340.71,341.44,25.93,60.96,1,-1,-1,-1
72,882,1115.81,304.06,24.22,62.94,1,-1,-1,-1
72,880,1036.36,305.78,22.23,52.05,1,-1,-1,-1
72,878,961.71,312.92,33.38,70.34,1,-1,-1,-1
72,877,1061.32,321.14,26.53,59.05,1,-1,-1,-1
72,873,422.76,333.49,26.55,51.24,1,-1,-1,-1
72,870,222.64,346.77,25.80,59.99,1,-1,-1,-1
72,865,275.71,351.25,28.42,60.53,1,-1,-1,-1
72,862,370.26,362.93,26.97,59.95,1,-1,-1,-1
72,861,390.17,338.94,23.58,65.26,1,-1,-1,-1
72,860,507.10,325.15,22.89,57.20,1,-1,-1,-1
72,858,537.52,340.91,27.03,64.71,1,-1,-1,-1
72,856,563.14,317.24,25.06,54.26,1,-1,-1,-1
72,855,878.68,287.82,19.45,43.23,1,-1,-1,-1
73,891,1145.08,299.55,26.26,59.53,1,-1,-1,-1
73,890,1076.22,308.01,17.89,52.02,1,-1,-1,-1
73,887,106.80,404.13,34.96,68.60,1,-1,-1,-1
73,886,349.05,340.93,28.95,61.04,1,-1,-1,-1
73,882,1109.07,304.36,24.80,62.63,1,-1,-1,-1
73,880,1030.96,306.19,20.50,49.93,1,-1,-1,-1
73,878,951.04,314.33,32.08,70.52,1,-1,-1,-1
73,877,1050.64,321.22,29.02,59.61,1,-1,-1,-1
73,873,431.19,334.72,24.44,49.53,1,-1,-1,-1
73,870,229.10,347.90,26.57,58.93,1,-1,-1,-1
73,865,284.12,353.92,26.77,59.39,1,-1,-1,-1
73,862,381.26,361.84,28.00,59.90,1,-1,-1,-1
73,861,399.97,337.75,25.61,64.97,1,-1,-1,-1
73,860,515.24,324.75,21.77,56.79,1,-1,-1,-1
73,858,544.47,341.03,28.57,64.68,1,-1,-1,-1
73,856,574.17,317.17,25.72,53.52,1,-1,-1,-1
73,855,884.24,286.50,17.76,42.84,1,-1,-1,-1
74,890,1071.37,308.12,18.90,53.45,1,-1,-1,-1
74,887,116.11,403.15,33.62,68.38,1,-1,-1,-1
74,886,356.10,340.35,29.01,60.90,1,-1,-1,-1
74,882,1101.95,305.83,25.90,62.93,1,-1,-1,-1
74,880,1024.41,308.36,20.12,49.85,1,-1,-1,-1
74,878,940.08,314.19,34.14,71.01,1,-1,-1,-1
74,877,1043.70,320.99,29.51,60.23,1,-1,-1,-1
74,873,440.23,334.39,24.91,48.50,1,-1,-1,-1
74,870,234.87,348.85,25.08,58.56,1,-1,-1,-1
74,865,292.34,349.07,26.45,61.46,1,-1,-1,-1
74,862,388.12,360.75,29.08,59.43,1,-1,-1,-1
74,861,408.04,336.92,26.18,64.69,1,-1,-1,-1
74,860,523.29,324.79,22.73,55.87,1,-1,-1,-1
74,858,554.00,338.80,26.99,64.22,1,-1,-1,-1
74,856,579.98,317.32,27.29,52.99,1,-1,-1,-1
74,855,890.51,287.50,17.24,41.29,1,-1,-1,-1
75,890,1065.43,307.66,19.96,54.57,1,-1,-1,-1
75,887,126.19,401.68,31.69,67.82,1,-1,-1,-1
75,886,365.70,338.62,26.29,60.71,1,-1,-1,-1
75,882,1091.02,305.41,22.99,61.25,1,-1,-1,-1
75,880,1018.30,308.58,19.13,50.02,1,-1,-1,-1
75,878,933.37,315.02,33.63,70.02,1,-1,-1,-1
75,877,1032.91,321.06,27.19,59.57,1,-1,-1,-1
75,873,445.72,334.44,25.83,48.88,1,-1,-1,-1
75,870,243.63,350.55,25.42,57.04,1,-1,-1,-1
75,865,300.25,347.71,28.69,62.51,1,-1,-1,-1
75,862,396.74,359.36,27.98,60.07,1,-1,-1,-1
75,861,415.20,335.88,24.02,64.33,1,-1,-1,-1
75,860,531.14,324.81,22.69,54.45,1,-1,-1,-1
75,858,564.80,338.61,26.78,63.72,1,-1,-1,-1
75,856,589.26,315.74,24.68,52.77,1,-1,-1,-1
75,855,896.99,287.22,16.27,40.82,1,-1,-1,-1
76,887,138.88,400.82,35.35,69.62,1,-1,-1,-1
76,886,375.89,339.55,28.06,59.78,1,-1,-1,-1
76,880,1009.71,310.98,20.66,49.04,1,-1,-1,-1
76,878,923.56,316.25,29.96,70.75,1,-1,-1,-1
76,877,1022.09,322.06,29.15,60.45,1,-1,-1,-1
76,873,452.65,333.78,23.76,48.83,1,-1,-1,-1
76,870,250.75,351.30,24.42,57.07,1,-1,-1,-1
76,865,308.04,348.77,28.80,61.39,1,-1,-1,-1
76,862,406.52,357.23,27.82,60.91,1,-1,-1,-1
76,861,425.66,334.77,25.10,64.03,1,-1,-1,-1
76,860,539.09,324.12,21.39,53.58,1,-1,-1,-1
76,858,572.46,338.86,27.01,63.72,1,-1,-1,-1
76,856,596.75,315.13,23.73,53.03,1,-1,-1,-1
76,855,902.43,285.32,18.71,42.55,1,-1,-1,-1
77,887,145.51,400.92,33.52,69.31,1,-1,-1,-1
77,886,381.96,336.96,28.89,60.02,1,-1,-1,-1
77,880,1001.00,309.50,21.39,49.72,1,-1,-1,-1
77,878,912.30,317.92,31.73,70.98,1,-1,-1,-1
77,873,461.52,330.56,25.59,50.43,1,-1,-1,-1
77,870,258.48,349.64,22.91,55.82,1,-1,-1,-1
77,865,315.13,349.47,28.19,61.34,1,-1,-1,-1
77,862,415.69,357.46,27.84,59.93,1,-1,-1,-1
77,861,433.22,333.16,25.90,64.22,1,-1,-1,-1
77,860,546.86,323.47,22.46,52.94,1,-1,-1,-1
77,858,584.19,336.78,25.77,62.84,1,-1,-1,-1
77,856,605.28,314.29,23.99,52.09,1,-1,-1,-1
78,887,155.43,399.40,31.48,69.45,1,-1,-1,-1
78,886,390.77,337.75,25.35,59.28,1,-1,-1,-1
78,878,904.30,317.90,32.92,71.39,1,-1,-1,-1
78,873,466.47,332.76,27.81,49.29,1,-1,-1,-1
78,870,266.36,349.35,23.90,55.25,1,-1,-1,-1
78,865,323.22,345.04,29.52,62.61,1,-1,-1,-1
78,862,424.18,356.86,26.35,59.76,1,-1,-1,-1
78,861,439.95,331.18,24.60,64.94,1,-1,-1,-1
78,860,554.21,321.86,21.24,51.97,1,-1,-1,-1
78,858,593.72,336.52,28.25,62.80,1,-1,-1,-1
78,856,614.73,311.81,23.25,52.45,1,-1,-1,-1
79,887,167.03,399.00,33.34,70.38,1,-1,-1,-1
79,886,400.74,336.54,27.73,59.74,1,-1,-1,-1
79,878,892.26,322.21,30.70,70.81,1,-1,-1,-1
79,873,473.97,331.95,26.67,48.81,1,-1,-1,-1
79,870,271.99,347.51,24.93,56.57,1,-1,-1,-1
79,865,327.46,344.66,28.84,61.85,1,-1,-1,-1
79,862,434.52,356.20,25.57,59.75,1,-1,-1,-1
79,861,448.40,330.03,24.85,65.83,1,-1,-1,-1
79,860,562.14,321.01,21.71,52.39,1,-1,-1,-1
79,858,602.36,336.50,27.59,62.55,1,-1,-1,-1
79,856,625.31,311.20,24.75,52.35,1,-1,-1,-1
80,887,176.19,397.88,32.07,70.43,1,-1,-1,-1
80,886,406.55,336.66,30.33,59.55,1,-1,-1,-1
80,873,482.50,331.81,25.10,48.13,1,-1,-1,-1
80,870,279.38,349.02,22.14,54.82,1,-1,-1,-1
80,865,334.50,339.42,28.75,64.39,1,-1,-1,-1
80,862,440.23,356.58,26.82,59.25,1,-1,-1,-1
80,861,457.95,329.62,25.97,66.36,1,-1,-1,-1
80,860,569.25,320.30,22.86,51.93,1,-1,-1,-1
80,858,613.36,335.16,27.06,62.10,1,-1,-1,-1
80,856,633.76,312.05,25.27,52.35,1,-1,-1,-1
81,887,185.61,396.07,31.15,70.50,1,-1,-1,-1
81,886,413.17,334.60,29.91,59.16,1,-1,-1,-1
81,873,489.07,331.66,26.37,47.68,1,-1,-1,-1
81,870,284.52,350.26,23.01,52.87,1,-1,-1,-1
81,865,344.65,344.74,28.26,62.08,1,-1,-1,-1
81,862,449.08,355.24,27.75,58.91,1,-1,-1,-1
81,861,464.63,330.11,26.80,66.73,1,-1,-1,-1
81,860,577.48,318.37,23.38,52.99,1,-1,-1,-1
81,858,621.20,335.38,28.41,62.16,1,-1,-1,-1
81,856,638.29,310.80,25.65,52.35,1,-1,-1,-1
82,887,197.75,394.45,35.74,69.87,1,-1,-1,-1
82,886,423.07,333.93,29.59,58.86,1,-1,-1,-1
82,873,495.11,330.59,27.30,47.36,1,-1,-1,-1
82,870,289.95,348.61,23.75,52.04,1,-1,-1,-1
82,865,350.16,347.21,27.88,60.37,1,-1,-1,-1
82,862,459.03,354.35,28.10,59.15,1,-1,-1,-1
82,861,469.08,330.28,27.41,66.98,1,-1,-1,-1
82,860,584.35,315.81,24.68,54.38,1,-1,-1,-1
82,858,629.91,335.38,28.86,62.76,1,-1,-1,-1
82,856,646.96,309.26,25.94,52.36,1,-1,-1,-1
83,887,205.65,394.56,37.18,71.30,1,-1,-1,-1
83,886,429.21,334.80,32.81,59.34,1,-1,-1,-1
83,873,501.57,328.92,26.88,47.09,1,-1,-1,-1
83,870,298.93,347.47,22.60,54.23,1,-1,-1,-1
83,865,360.00,343.29,26.86,61.16,1,-1,-1,-1
83,862,468.77,354.61,31.98,59.75,1,-1,-1,-1
83,861,480.60,327.58,27.86,67.17,1,-1,-1,-1
83,860,590.46,314.33,25.63,55.35,1,-1,-1,-1
83,858,638.18,335.32,29.19,63.19,1,-1,-1,-1
83,856,652.89,309.06,26.15,52.36,1,-1,-1,-1
84,887,214.48,391.55,35.85,72.57,1,-1,-1,-1
84,886,438.94,332.41,32.01,60.78,1,-1,-1,-1
84,873,510.82,328.35,28.77,48.27,1,-1,-1,-1
84,870,306.78,345.16,25.59,57.26,1,-1,-1,-1
84,865,371.49,342.48,28.02,62.53,1,-1,-1,-1
84,862,477.98,355.42,31.33,60.58,1,-1,-1,-1
84,861,484.48,326.56,28.20,67.30,1,-1,-1,-1
84,860,600.72,313.42,24.80,55.77,1,-1,-1,-1
84,858,640.80,335.24,29.43,63.51,1,-1,-1,-1
84,856,654.71,309.02,26.31,52.36,1,-1,-1,-1
85,887,227.18,391.62,36.33,72.25,1,-1,-1,-1
85,886,448.01,331.49,28.00,61.18,1,-1,-1,-1
85,873,517.08,325.86,28.27,48.81,1,-1,-1,-1
85,870,310.67,344.29,26.61,57.30,1,-1,-1,-1
85,865,374.52,336.96,29.86,65.19,1,-1,-1,-1
85,862,487.13,352.65,28.88,60.67,1,-1,-1,-1
86,894,22.78,371.01,31.55,64.33,1,-1,-1,-1
86,887,236.82,390.73,33.56,71.47,1,-1,-1,-1
86,886,455.39,330.58,29.85,61.99,1,-1,-1,-1
86,870,319.17,342.66,24.82,57.46,1,-1,-1,-1
86,865,381.94,344.05,28.30,61.14,1,-1,-1,-1
87,894,33.10,373.40,28.41,60.89,1,-1,-1,-1
87,887,246.58,388.71,32.46,71.49,1,-1,-1,-1
87,870,326.61,342.42,26.27,57.58,1,-1,-1,-1
87,865,390.51,346.06,26.33,59.31,1,-1,-1,-1
88,887,258.74,389.03,33.64,70.09,1,-1,-1,-1
88,870,330.17,342.67,26.67,57.12,1,-1,-1,-1
89,896,1116.51,309.32,21.10,54.24,1,-1,-1,-1
89,887,267.35,387.04,33.48,69.83,1,-1,-1,-1
90,897,1057.55,314.36,24.67,51.64,1,-1,-1,-1
90,896,1110.24,310.21,22.68,52.61,1,-1,-1,-1
91,897,1048.90,314.60,24.21,51.88,1,-1,-1,-1
91,896,1103.74,310.75,24.96,52.10,1,-1,-1,-1
92,902,1059.43,281.05,14.83,34.05,1,-1,-1,-1
92,901,936.31,307.88,26.88,65.12,1,-1,-1,-1
92,900,27.08,385.29,32.10,67.25,1,-1,-1,-1
92,899,967.28,314.58,25.09,61.35,1,-1,-1,-1
92,897,1043.28,313.72,23.23,52.97,1,-1,-1,-1
92,896,1097.04,310.94,22.92,51.28,1,-1,-1,-1
93,903,891.31,314.30,26.26,59.70,1,-1,-1,-1
93,902,1063.19,279.44,15.13,36.59,1,-1,-1,-1
93,901,928.06,308.25,28.17,66.43,1,-1,-1,-1
93,899,958.46,315.48,26.86,63.62,1,-1,-1,-1
93,897,1035.05,312.26,26.58,57.08,1,-1,-1,-1
93,896,1089.83,310.66,22.82,51.33,1,-1,-1,-1
94,905,842.77,332.35,30.03,65.72,1,-1,-1,-1
94,903,883.69,316.25,24.85,57.81,1,-1,-1,-1
94,902,1068.37,276.61,17.73,41.25,1,-1,-1,-1
94,901,920.27,309.57,27.64,65.97,1,-1,-1,-1
94,899,949.67,315.63,26.88,63.97,1,-1,-1,-1
94,897,1029.48,315.62,24.76,55.21,1,-1,-1,-1
94,896,1084.78,315.86,23.99,48.92,1,-1,-1,-1
95,905,834.56,333.51,32.06,67.35,1,-1,-1,-1
95,903,876.23,316.53,24.35,57.39,1,-1,-1,-1
95,902,1069.95,274.41,19.31,43.39,1,-1,-1,-1
95,901,912.33,309.06,27.70,66.81,1,-1,-1,-1
95,899,942.59,316.76,25.08,63.48,1,-1,-1,-1
95,897,1025.47,316.00,25.35,53.44,1,-1,-1,-1
95,896,1074.91,316.91,22.92,46.96,1,-1,-1,-1
96,906,703.62,334.00,34.09,71.79,1,-1,-1,-1
96,905,824.28,334.77,33.18,67.86,1,-1,-1,-1
96,903,867.02,317.75,24.04,57.18,1,-1,-1,-1
96,902,1073.28,272.64,20.25,44.41,1,-1,-1,-1
96,901,904.33,309.97,28.66,67.93,1,-1,-1,-1
96,899,933.36,315.84,27.33,66.29,1,-1,-1,-1
96,897,1020.17,316.41,25.76,52.20,1,-1,-1,-1
96,896,1065.82,315.88,22.19,45.62,1,-1,-1,-1
97,907,949.12,309.39,23.80,64.73,1,-1,-1,-1
97,906,693.65,332.62,39.12,75.91,1,-1,-1,-1
97,905,814.71,339.03,28.62,64.46,1,-1,-1,-1
97,903,860.28,318.83,22.67,57.17,1,-1,-1,-1
97,902,1079.70,275.08,19.50,42.87,1,-1,-1,-1
97,901,895.55,309.43,27.50,68.25,1,-1,-1,-1
97,899,925.07,316.45,28.75,66.82,1,-1,-1,-1
97,897,1014.12,317.28,25.39,52.31,1,-1,-1,-1
97,896,1061.40,312.82,20.49,41.47,1,-1,-1,-1
98,911,767.06,318.85,26.38,59.40,1,-1,-1,-1
98,909,610.03,342.47,25.01,51.81,1,-1,-1,-1
98,907,942.01,310.70,23.82,62.50,1,-1,-1,-1
98,906,684.06,332.54,35.35,74.07,1,-1,-1,-1
98,905,801.03,338.64,33.06,67.56,1,-1,-1,-1
98,903,850.82,320.26,26.64,59.93,1,-1,-1,-1
98,902,1083.95,275.75,17.79,40.84,1,-1,-1,-1
98,901,889.44,308.72,26.84,69.51,1,-1,-1,-1
98,899,917.18,317.04,27.49,67.21,1,-1,-1,-1
98,897,1005.13,313.96,24.44,47.59,1,-1,-1,-1
98,896,1054.99,312.91,18.39,38.83,1,-1,-1,-1
99,912,558.46,324.31,30.32,58.15,1,-1,-1,-1
99,911,777.47,317.02,21.24,54.17,1,-1,-1,-1
99,909,616.58,341.06,25.02,53.10,1,-1,-1,-1
99,907,934.54,311.85,20.37,58.31,1,-1,-1,-1
99,906,671.16,332.77,33.92,74.46,1,-1,-1,-1
99,905,793.07,340.53,34.75,67.88,1,-1,-1,-1
99,903,841.74,321.51,26.19,59.66,1,-1,-1,-1
99,902,1087.88,276.18,16.21,39.16,1,-1,-1,-1
99,901,881.53,310.12,28.08,69.86,1,-1,-1,-1
99,899,909.07,317.33,26.84,65.89,1,-1,-1,-1
99,897,1000.14,311.41,26.34,47.45,1,-1,-1,-1
99,896,1047.82,311.14,19.95,44.01,1,-1,-1,-1
