1,13,0.00,390.06,9.97,75.84,1,-1,-1,-1
1,12,775.16,256.34,12.11,38.51,1,-1,-1,-1
1,11,899.76,236.40,10.10,30.59,1,-1,-1,-1
1,10,1229.71,273.99,19.53,50.32,1,-1,-1,-1
1,9,1223.55,251.39,16.44,39.02,1,-1,-1,-1
1,8,1261.57,278.09,13.36,46.21,1,-1,-1,-1
1,7,5.77,389.00,16.44,79.08,1,-1,-1,-1
2,13,0.66,386.41,13.70,83.13,1,-1,-1,-1
2,12,775.16,256.34,12.11,38.51,1,-1,-1,-1
2,11,903.26,235.50,11.26,31.66,1,-1,-1,-1
2,10,1228.00,273.99,19.53,50.32,1,-1,-1,-1
2,9,1229.70,250.56,15.40,37.73,1,-1,-1,-1
2,8,1261.57,278.09,13.36,46.21,1,-1,-1,-1
2,7,10.96,384.21,22.51,86.62,1,-1,-1,-1
3,13,4.15,380.50,26.37,94.96,1,-1,-1,-1
3,12,775.16,256.34,12.11,38.51,1,-1,-1,-1
3,11,903.37,235.51,11.53,31.59,1,-1,-1,-1
3,10,1224.30,277.01,19.99,52.45,1,-1,-1,-1
3,9,1233.12,249.78,15.17,37.63,1,-1,-1,-1
3,8,1261.57,278.09,13.36,46.21,1,-1,-1,-1
3,7,14.72,381.77,27.56,89.43,1,-1,-1,-1
4,13,9.64,380.20,27.45,90.33,1,-1,-1,-1
4,12,775.16,256.34,12.11,38.51,1,-1,-1,-1
4,11,906.86,234.48,13.30,32.90,1,-1,-1,-1
4,10,1222.80,279.51,20.71,53.26,1,-1,-1,-1
4,9,1234.81,249.24,15.94,38.49,1,-1,-1,-1
4,8,1261.57,278.09,13.36,46.21,1,-1,-1,-1
4,7,24.82,382.31,33.57,91.52,1,-1,-1,-1
5,13,18.07,379.32,29.52,88.37,1,-1,-1,-1
5,12,775.16,256.34,12.11,38.51,1,-1,-1,-1
5,11,910.03,235.04,12.31,31.60,1,-1,-1,-1
5,10,1222.11,278.37,20.57,54.25,1,-1,-1,-1
5,9,1239.23,250.28,13.86,36.43,1,-1,-1,-1
5,8,1261.57,278.09,13.36,46.21,1,-1,-1,-1
5,7,43.26,389.47,33.57,84.70,1,-1,-1,-1
6,13,23.52,380.38,30.56,85.13,1,-1,-1,-1
6,12,775.38,254.49,11.67,32.52,1,-1,-1,-1
6,11,913.98,234.69,11.76,30.95,1,-1,-1,-1
6,10,1219.50,278.60,20.44,54.83,1,-1,-1,-1
6,9,1244.02,251.07,13.68,36.58,1,-1,-1,-1
6,8,1261.57,278.09,13.36,46.21,1,-1,-1,-1
6,7,58.53,388.76,35.23,82.37,1,-1,-1,-1
7,13,30.43,380.21,28.04,81.12,1,-1,-1,-1
7,12,775.52,254.56,11.39,29.20,1,-1,-1,-1
7,11,915.23,234.63,11.43,30.63,1,-1,-1,-1
7,10,1218.50,280.96,19.42,53.15,1,-1,-1,-1
7,9,1245.72,252.26,13.93,36.31,1,-1,-1,-1
7,8,1258.73,280.55,13.87,48.71,1,-1,-1,-1
7,7,77.25,388.33,35.17,80.07,1,-1,-1,-1
8,13,41.57,380.14,27.01,78.92,1,-1,-1,-1
8,12,775.59,255.05,11.25,27.25,1,-1,-1,-1
8,11,919.90,235.52,11.21,30.46,1,-1,-1,-1
8,10,1215.59,281.51,18.79,52.17,1,-1,-1,-1
8,9,1249.69,252.45,14.11,36.14,1,-1,-1,-1
8,8,1257.71,281.09,14.14,50.19,1,-1,-1,-1
8,7,100.46,386.14,34.13,77.24,1,-1,-1,-1
9,13,48.41,379.16,32.26,80.17,1,-1,-1,-1
9,11,923.68,235.50,11.05,30.10,1,-1,-1,-1
9,10,1214.73,281.75,18.39,51.60,1,-1,-1,-1
9,9,1250.92,252.53,14.24,36.03,1,-1,-1,-1
9,8,1254.58,281.05,14.27,51.10,1,-1,-1,-1
9,7,120.47,383.20,35.75,76.22,1,-1,-1,-1
10,13,55.37,378.78,32.12,78.99,1,-1,-1,-1
10,11,926.80,237.50,12.32,29.66,1,-1,-1,-1
10,10,1211.19,281.54,19.12,51.87,1,-1,-1,-1
10,9,1253.92,253.05,13.67,33.95,1,-1,-1,-1
10,8,1252.75,284.63,14.22,49.16,1,-1,-1,-1
10,7,143.05,378.85,36.57,75.39,1,-1,-1,-1
11,13,66.81,380.04,30.98,77.74,1,-1,-1,-1
11,11,928.21,238.19,14.32,29.60,1,-1,-1,-1
11,10,1207.94,281.98,18.97,51.63,1,-1,-1,-1
11,9,1258.25,253.18,12.94,32.23,1,-1,-1,-1
11,8,1250.20,285.82,14.19,47.83,1,-1,-1,-1
11,7,165.77,373.78,37.12,74.72,1,-1,-1,-1
12,14,6.03,394.40,24.31,77.35,1,-1,-1,-1
12,13,76.31,379.39,33.16,77.74,1,-1,-1,-1
12,11,934.23,238.60,14.90,29.24,1,-1,-1,-1
12,10,1205.03,282.66,18.34,51.21,1,-1,-1,-1
12,9,1262.63,254.83,11.84,29.37,1,-1,-1,-1
12,8,1246.47,284.42,15.41,48.92,1,-1,-1,-1
12,7,191.53,369.18,35.44,73.60,1,-1,-1,-1
13,16,14.99,369.81,27.46,75.28,1,-1,-1,-1
13,15,1266.04,247.81,10.44,32.54,1,-1,-1,-1
13,14,14.08,394.40,30.19,84.31,1,-1,-1,-1
13,13,84.37,378.34,32.25,76.93,1,-1,-1,-1
13,11,940.28,238.00,15.06,28.90,1,-1,-1,-1
13,10,1199.94,283.82,17.87,50.18,1,-1,-1,-1
13,9,1265.84,256.08,10.09,27.05,1,-1,-1,-1
13,8,1242.65,284.54,16.26,49.49,1,-1,-1,-1
13,7,214.95,364.29,38.15,73.83,1,-1,-1,-1
14,16,25.36,367.60,24.65,64.38,1,-1,-1,-1
14,14,20.98,395.35,31.43,84.66,1,-1,-1,-1
14,13,94.89,377.65,30.10,75.92,1,-1,-1,-1
14,11,947.34,240.51,14.78,28.75,1,-1,-1,-1
14,10,1193.60,284.37,17.82,50.66,1,-1,-1,-1
14,9,1269.49,256.73,9.30,25.42,1,-1,-1,-1
14,8,1239.16,284.69,16.86,49.78,1,-1,-1,-1
14,7,242.87,361.46,35.19,72.72,1,-1,-1,-1
15,16,34.01,369.25,27.66,66.11,1,-1,-1,-1
15,14,31.89,398.68,28.53,83.36,1,-1,-1,-1
15,13,104.85,377.26,33.49,76.40,1,-1,-1,-1
15,10,1188.35,285.64,19.22,51.67,1,-1,-1,-1
15,8,1235.54,284.94,15.97,49.46,1,-1,-1,-1
15,7,263.44,357.40,35.69,71.33,1,-1,-1,-1
16,18,26.16,382.76,28.40,73.19,1,-1,-1,-1
16,17,1248.55,246.29,12.78,35.17,1,-1,-1,-1
16,14,42.10,395.34,35.25,88.72,1,-1,-1,-1
16,13,113.86,376.55,33.03,75.98,1,-1,-1,-1
16,10,1183.46,285.38,19.45,51.99,1,-1,-1,-1
16,8,1231.71,284.68,15.32,49.24,1,-1,-1,-1
16,7,289.76,355.53,33.97,70.01,1,-1,-1,-1
17,18,41.63,384.35,26.35,70.00,1,-1,-1,-1
17,17,1244.25,245.81,13.55,37.30,1,-1,-1,-1
17,14,52.49,395.93,35.59,86.76,1,-1,-1,-1
17,13,124.34,375.80,31.88,75.49,1,-1,-1,-1
17,10,1177.92,284.58,18.55,50.47,1,-1,-1,-1
17,8,1229.22,285.71,15.26,50.53,1,-1,-1,-1
17,7,312.74,350.85,35.72,69.51,1,-1,-1,-1
18,20,1261.62,279.59,15.16,59.37,1,-1,-1,-1
18,19,19.05,377.87,24.86,72.26,1,-1,-1,-1
18,18,58.69,382.43,22.47,60.24,1,-1,-1,-1
18,17,1239.58,244.69,15.31,39.36,1,-1,-1,-1
18,14,63.99,395.05,33.12,84.36,1,-1,-1,-1
18,13,134.17,375.41,33.72,75.60,1,-1,-1,-1
18,10,1172.56,284.79,19.07,50.22,1,-1,-1,-1
18,8,1224.98,284.86,15.19,51.49,1,-1,-1,-1
18,7,337.54,346.80,34.94,69.05,1,-1,-1,-1
19,20,1257.48,280.36,15.51,57.85,1,-1,-1,-1
19,19,26.18,377.18,27.25,75.11,1,-1,-1,-1
19,17,1235.30,244.02,13.90,37.37,1,-1,-1,-1
19,14,73.78,394.05,35.10,83.88,1,-1,-1,-1
19,13,143.47,375.88,32.37,74.47,1,-1,-1,-1
19,10,1165.00,284.34,18.55,48.86,1,-1,-1,-1
19,8,1218.55,285.25,18.03,53.11,1,-1,-1,-1
19,7,364.25,342.25,32.80,67.90,1,-1,-1,-1
20,21,996.78,240.99,16.44,31.95,1,-1,-1,-1
20,20,1252.77,280.14,16.31,57.16,1,-1,-1,-1
20,19,35.83,381.74,24.76,71.15,1,-1,-1,-1
20,17,1231.63,244.26,12.55,35.54,1,-1,-1,-1
20,14,83.57,394.53,34.57,82.83,1,-1,-1,-1
20,13,155.88,374.26,31.76,74.25,1,-1,-1,-1
20,10,1157.23,284.32,19.18,46.86,1,-1,-1,-1
20,8,1215.14,285.37,19.14,53.72,1,-1,-1,-1
20,7,388.03,336.99,34.80,66.16,1,-1,-1,-1
21,23,0.92,375.60,23.93,85.30,1,-1,-1,-1
21,22,80.43,367.05,23.05,64.65,1,-1,-1,-1
21,21,1005.40,241.10,17.13,31.93,1,-1,-1,-1
21,20,1250.79,285.90,18.26,60.79,1,-1,-1,-1
21,19,44.03,382.41,23.25,68.87,1,-1,-1,-1
21,17,1227.95,244.78,12.27,33.20,1,-1,-1,-1
21,14,94.90,394.48,32.81,81.66,1,-1,-1,-1
21,13,163.46,373.39,36.10,74.75,1,-1,-1,-1
21,10,1149.78,285.70,19.51,45.52,1,-1,-1,-1
21,8,1209.29,285.06,18.32,52.78,1,-1,-1,-1
21,7,416.98,333.73,32.98,64.77,1,-1,-1,-1
22,26,32.75,365.42,25.16,62.31,1,-1,-1,-1
22,25,62.01,376.42,34.63,65.87,1,-1,-1,-1
22,24,1266.20,286.65,14.16,55.42,1,-1,-1,-1
22,23,1.41,376.52,28.54,94.41,1,-1,-1,-1
22,22,87.01,365.94,24.47,68.13,1,-1,-1,-1
22,21,1016.07,241.19,16.06,30.56,1,-1,-1,-1
22,20,1245.67,287.42,20.00,62.14,1,-1,-1,-1
22,19,51.21,381.11,26.76,70.63,1,-1,-1,-1
22,17,1224.18,245.48,12.08,31.65,1,-1,-1,-1
22,14,105.45,394.07,36.45,82.02,1,-1,-1,-1
22,13,173.88,372.24,34.05,74.37,1,-1,-1,-1
22,10,1142.58,286.46,18.94,45.14,1,-1,-1,-1
22,8,1203.30,284.82,18.74,51.89,1,-1,-1,-1
22,7,440.82,328.01,34.57,63.97,1,-1,-1,-1
23,26,40.30,365.14,23.73,62.31,1,-1,-1,-1
23,25,75.66,374.21,30.41,64.42,1,-1,-1,-1
23,24,1263.24,283.81,14.18,55.19,1,-1,-1,-1
23,23,6.21,380.58,26.54,91.42,1,-1,-1,-1
23,22,95.67,365.51,24.04,68.63,1,-1,-1,-1
23,21,1025.58,241.06,16.89,30.40,1,-1,-1,-1
23,20,1237.97,289.72,23.83,63.60,1,-1,-1,-1
23,19,62.07,384.19,23.78,66.37,1,-1,-1,-1
23,17,1223.02,245.99,11.96,30.61,1,-1,-1,-1
23,14,112.01,393.52,37.70,81.78,1,-1,-1,-1
23,13,186.11,371.93,32.54,74.07,1,-1,-1,-1
23,10,1135.00,288.38,18.49,44.15,1,-1,-1,-1
23,8,1198.46,285.63,19.04,51.25,1,-1,-1,-1
23,7,468.23,325.71,31.52,62.98,1,-1,-1,-1
24,29,775.75,258.34,12.98,32.06,1,-1,-1,-1
24,27,36.55,365.85,25.59,68.13,1,-1,-1,-1
24,26,49.60,364.67,21.97,60.27,1,-1,-1,-1
24,25,86.70,372.40,31.81,65.69,1,-1,-1,-1
24,24,1263.31,284.32,14.19,54.85,1,-1,-1,-1
24,23,13.98,384.37,24.21,87.57,1,-1,-1,-1
24,22,105.18,366.56,22.77,68.02,1,-1,-1,-1
24,21,1034.59,243.03,16.60,30.68,1,-1,-1,-1
24,20,1232.50,289.60,22.22,62.46,1,-1,-1,-1
24,19,73.80,382.63,24.33,64.56,1,-1,-1,-1
24,17,1217.49,246.18,11.88,29.89,1,-1,-1,-1
24,14,123.41,391.83,33.87,81.68,1,-1,-1,-1
24,13,196.42,371.05,33.97,74.54,1,-1,-1,-1
24,10,1126.36,290.72,19.05,46.55,1,-1,-1,-1
24,8,1192.27,286.06,18.78,50.73,1,-1,-1,-1
24,7,490.78,321.72,32.39,62.58,1,-1,-1,-1
25,30,1232.56,286.22,16.12,45.59,1,-1,-1,-1
25,29,772.50,258.70,14.73,34.09,1,-1,-1,-1
25,27,40.84,363.47,29.98,72.61,1,-1,-1,-1
25,26,59.54,363.42,25.50,63.07,1,-1,-1,-1
25,25,97.08,372.71,31.32,65.41,1,-1,-1,-1
25,24,1256.84,285.35,16.72,54.98,1,-1,-1,-1
25,23,19.93,383.93,28.91,89.22,1,-1,-1,-1
25,22,115.21,364.59,24.10,69.78,1,-1,-1,-1
25,21,1045.16,241.11,16.37,30.86,1,-1,-1,-1
25,20,1225.24,289.13,22.47,62.12,1,-1,-1,-1
25,19,79.90,382.33,29.22,67.63,1,-1,-1,-1
25,17,1213.52,245.57,11.82,29.40,1,-1,-1,-1
25,14,135.25,389.79,36.42,83.29,1,-1,-1,-1
25,13,205.91,369.68,30.31,73.78,1,-1,-1,-1
25,10,1118.47,292.64,19.29,49.65,1,-1,-1,-1
25,8,1186.06,287.76,19.54,50.43,1,-1,-1,-1
25,7,515.43,320.60,31.06,62.05,1,-1,-1,-1
26,33,205.50,372.18,32.22,71.75,1,-1,-1,-1
26,30,1226.47,287.20,16.43,48.47,1,-1,-1,-1
26,29,772.47,259.40,14.78,33.42,1,-1,-1,-1
26,27,50.50,363.74,26.32,69.11,1,-1,-1,-1
26,26,67.40,363.64,23.42,61.48,1,-1,-1,-1
26,25,108.63,374.03,28.05,64.37,1,-1,-1,-1
26,24,1251.95,285.29,17.17,55.55,1,-1,-1,-1
26,23,29.32,384.92,28.49,87.62,1,-1,-1,-1
26,22,123.78,365.17,24.32,69.80,1,-1,-1,-1
26,21,1056.62,242.12,16.27,30.14,1,-1,-1,-1
26,20,1217.14,289.90,23.91,62.37,1,-1,-1,-1
26,19,88.44,382.73,25.77,65.24,1,-1,-1,-1
26,17,1209.29,247.32,11.79,29.05,1,-1,-1,-1
26,14,143.40,391.77,36.99,81.23,1,-1,-1,-1
26,13,217.98,365.55,28.53,67.87,1,-1,-1,-1
26,10,1107.69,291.81,22.82,53.09,1,-1,-1,-1
26,8,1182.32,286.51,18.08,47.73,1,-1,-1,-1
26,7,536.29,317.27,32.53,61.98,1,-1,-1,-1
27,33,228.22,369.96,33.57,73.25,1,-1,-1,-1
27,30,1221.25,287.60,15.27,46.74,1,-1,-1,-1
27,29,768.28,259.09,16.16,34.77,1,-1,-1,-1
27,27,60.41,362.35,28.44,71.02,1,-1,-1,-1
27,26,75.33,362.69,22.03,60.54,1,-1,-1,-1
27,25,119.21,371.52,30.89,67.05,1,-1,-1,-1
27,24,1244.13,284.51,17.46,55.83,1,-1,-1,-1
27,23,33.89,379.67,28.21,84.99,1,-1,-1,-1
27,22,132.15,363.63,23.08,68.99,1,-1,-1,-1
27,21,1067.73,242.58,15.86,29.39,1,-1,-1,-1
27,20,1209.98,290.46,22.55,61.76,1,-1,-1,-1
27,19,99.29,380.57,28.10,67.32,1,-1,-1,-1
27,17,1205.95,243.91,11.82,29.64,1,-1,-1,-1
27,14,154.38,390.42,35.42,82.13,1,-1,-1,-1
27,10,1103.16,291.77,23.36,53.31,1,-1,-1,-1
27,8,1175.61,284.07,16.96,45.57,1,-1,-1,-1
27,7,559.90,313.40,31.40,61.64,1,-1,-1,-1
28,39,32.04,380.44,21.47,65.58,1,-1,-1,-1
28,38,1255.67,275.30,15.47,61.80,1,-1,-1,-1
28,36,823.63,233.07,10.22,29.52,1,-1,-1,-1
28,33,251.41,368.46,31.28,66.98,1,-1,-1,-1
28,30,1213.89,287.17,14.61,45.92,1,-1,-1,-1
28,29,762.17,256.23,18.13,37.21,1,-1,-1,-1
28,27,68.88,360.80,29.54,72.02,1,-1,-1,-1
28,26,83.81,361.56,24.47,63.46,1,-1,-1,-1
28,25,128.28,370.45,30.46,66.66,1,-1,-1,-1
28,24,1237.11,285.37,20.90,60.38,1,-1,-1,-1
28,23,44.35,374.52,24.45,80.98,1,-1,-1,-1
28,22,142.29,365.04,24.70,68.50,1,-1,-1,-1
28,21,1079.43,243.42,14.73,28.10,1,-1,-1,-1
28,20,1203.59,290.08,21.56,61.30,1,-1,-1,-1
28,19,105.83,377.18,30.52,68.31,1,-1,-1,-1
28,17,1201.11,244.21,11.84,30.07,1,-1,-1,-1
28,14,165.56,390.41,36.15,82.32,1,-1,-1,-1
28,10,1097.42,291.20,21.59,53.13,1,-1,-1,-1
28,8,1170.16,285.06,16.14,43.01,1,-1,-1,-1
28,7,582.11,310.86,31.20,61.48,1,-1,-1,-1
29,39,39.24,377.88,25.05,69.27,1,-1,-1,-1
29,38,1250.24,276.37,16.06,60.74,1,-1,-1,-1
29,36,825.92,233.54,9.85,28.67,1,-1,-1,-1
29,33,277.59,370.18,33.66,68.98,1,-1,-1,-1
29,30,1209.16,288.52,15.53,47.37,1,-1,-1,-1
29,29,760.52,254.39,17.46,33.61,1,-1,-1,-1
29,27,77.71,361.33,26.81,70.33,1,-1,-1,-1
29,26,93.64,361.09,23.16,62.84,1,-1,-1,-1
29,25,140.76,369.48,29.92,66.28,1,-1,-1,-1
29,24,1231.94,286.79,19.09,60.23,1,-1,-1,-1
29,23,54.60,372.58,22.76,79.16,1,-1,-1,-1
29,22,150.97,361.42,24.54,69.54,1,-1,-1,-1
29,20,1198.07,290.15,23.28,62.48,1,-1,-1,-1
29,19,114.82,377.11,28.59,67.81,1,-1,-1,-1
29,17,1196.41,244.41,11.85,30.39,1,-1,-1,-1
29,14,174.84,389.68,36.66,82.41,1,-1,-1,-1
29,10,1089.02,291.60,22.53,53.35,1,-1,-1,-1
29,8,1163.60,284.73,15.50,41.06,1,-1,-1,-1
29,7,601.81,308.14,31.06,61.37,1,-1,-1,-1
30,41,13.62,381.65,27.73,75.55,1,-1,-1,-1
30,40,72.41,382.23,31.01,81.36,1,-1,-1,-1
30,39,47.56,375.55,23.61,68.42,1,-1,-1,-1
30,38,1242.35,276.47,18.81,62.86,1,-1,-1,-1
30,36,826.05,233.60,10.02,28.57,1,-1,-1,-1
30,33,303.18,367.12,35.51,69.04,1,-1,-1,-1
30,30,1202.64,288.02,15.81,47.54,1,-1,-1,-1
30,27,85.61,359.81,28.37,71.32,1,-1,-1,-1
30,26,102.57,360.26,23.57,63.17,1,-1,-1,-1
30,25,151.80,368.59,31.37,65.87,1,-1,-1,-1
30,24,1223.62,287.76,18.70,59.52,1,-1,-1,-1
30,23,64.74,373.05,26.76,79.84,1,-1,-1,-1
30,22,157.77,359.13,23.54,69.85,1,-1,-1,-1
30,20,1188.11,289.26,21.82,62.57,1,-1,-1,-1
30,19,127.13,376.19,28.97,67.99,1,-1,-1,-1
30,17,1194.83,244.45,11.86,30.62,1,-1,-1,-1
30,14,184.88,387.68,34.10,82.00,1,-1,-1,-1
30,13,257.85,366.49,29.81,69.81,1,-1,-1,-1
30,10,1084.28,291.85,20.82,53.15,1,-1,-1,-1
30,8,1157.69,286.02,15.88,39.51,1,-1,-1,-1
30,7,623.91,307.05,30.95,61.29,1,-1,-1,-1
31,41,19.73,382.25,30.96,75.06,1,-1,-1,-1
31,40,80.95,378.51,35.62,85.98,1,-1,-1,-1
31,39,58.09,376.42,21.44,66.02,1,-1,-1,-1
31,38,1238.00,277.02,18.90,61.34,1,-1,-1,-1
31,36,825.97,233.65,10.12,28.47,1,-1,-1,-1
31,33,327.90,365.48,36.68,71.23,1,-1,-1,-1
31,30,1194.93,288.85,14.98,47.76,1,-1,-1,-1
31,27,96.41,358.73,28.96,70.51,1,-1,-1,-1
31,26,112.15,359.03,25.15,63.47,1,-1,-1,-1
31,25,163.32,361.82,33.26,68.40,1,-1,-1,-1
31,24,1215.10,287.51,21.13,60.81,1,-1,-1,-1
31,23,71.19,371.68,28.28,79.37,1,-1,-1,-1
31,22,164.89,365.42,22.48,69.05,1,-1,-1,-1
31,20,1178.32,286.80,22.42,59.57,1,-1,-1,-1
31,19,135.82,376.06,30.89,67.69,1,-1,-1,-1
31,17,1190.36,244.80,11.99,30.61,1,-1,-1,-1
31,14,197.56,386.78,35.50,82.18,1,-1,-1,-1
31,13,269.19,365.42,27.69,70.82,1,-1,-1,-1
31,10,1077.12,292.32,20.81,53.19,1,-1,-1,-1
31,8,1150.62,286.94,16.17,37.39,1,-1,-1,-1
31,7,642.67,303.75,30.88,61.23,1,-1,-1,-1
32,44,1245.62,289.48,19.85,66.64,1,-1,-1,-1
32,41,30.09,383.19,27.25,70.79,1,-1,-1,-1
32,40,90.49,380.64,32.33,82.88,1,-1,-1,-1
32,39,65.63,374.55,24.71,68.71,1,-1,-1,-1
32,38,1233.89,278.45,18.24,61.42,1,-1,-1,-1
32,36,831.00,232.78,10.12,27.67,1,-1,-1,-1
32,33,354.00,363.26,34.57,71.20,1,-1,-1,-1
32,30,1189.21,288.14,15.79,49.01,1,-1,-1,-1
32,27,102.68,358.72,28.62,70.67,1,-1,-1,-1
32,26,119.88,358.31,24.32,62.94,1,-1,-1,-1
32,25,171.83,363.54,32.43,68.06,1,-1,-1,-1
32,24,1210.20,287.17,20.32,60.52,1,-1,-1,-1
32,23,79.95,371.68,26.53,78.59,1,-1,-1,-1
32,22,169.66,359.76,21.81,68.38,1,-1,-1,-1
32,21,1120.63,245.11,16.37,33.40,1,-1,-1,-1
32,20,1170.28,285.61,22.87,51.78,1,-1,-1,-1
32,19,145.20,376.46,28.50,67.14,1,-1,-1,-1
32,17,1184.30,245.36,12.79,30.71,1,-1,-1,-1
32,14,205.93,386.24,35.38,82.12,1,-1,-1,-1
32,13,281.16,363.23,30.47,72.78,1,-1,-1,-1
32,10,1068.70,291.89,23.89,56.01,1,-1,-1,-1
32,8,1144.92,287.00,16.18,35.95,1,-1,-1,-1
32,7,662.95,303.56,29.44,60.02,1,-1,-1,-1
33,44,1235.00,289.29,24.21,68.66,1,-1,-1,-1
33,41,40.69,386.63,25.96,67.58,1,-1,-1,-1
33,40,101.05,378.56,33.07,85.57,1,-1,-1,-1
33,39,71.83,372.90,24.56,68.35,1,-1,-1,-1
33,38,1227.77,278.82,18.17,60.11,1,-1,-1,-1
33,36,834.15,233.54,10.14,27.14,1,-1,-1,-1
33,33,381.24,360.94,32.56,70.88,1,-1,-1,-1
33,30,1182.62,286.92,15.92,47.84,1,-1,-1,-1
33,27,111.70,358.61,29.36,71.76,1,-1,-1,-1
33,26,128.82,358.23,23.81,63.02,1,-1,-1,-1
33,25,180.45,363.04,33.36,67.53,1,-1,-1,-1
33,24,1202.14,287.28,21.42,60.89,1,-1,-1,-1
33,23,89.49,369.95,25.25,78.02,1,-1,-1,-1
33,22,179.57,357.42,20.45,68.90,1,-1,-1,-1
33,21,1132.59,245.69,16.20,33.63,1,-1,-1,-1
33,20,1163.56,285.74,21.41,47.24,1,-1,-1,-1
33,19,156.72,375.05,30.95,67.62,1,-1,-1,-1
33,17,1180.29,245.25,13.38,30.76,1,-1,-1,-1
33,14,215.58,385.32,34.18,81.91,1,-1,-1,-1
33,13,287.23,361.79,32.48,73.99,1,-1,-1,-1
33,10,1061.93,291.26,23.94,57.23,1,-1,-1,-1
33,8,1139.09,289.04,16.49,36.19,1,-1,-1,-1
33,7,682.79,300.50,29.87,59.17,1,-1,-1,-1
34,45,1246.08,285.30,21.42,67.12,1,-1,-1,-1
34,44,1231.25,289.86,26.02,68.00,1,-1,-1,-1
34,41,47.61,387.30,29.61,68.02,1,-1,-1,-1
34,40,111.10,377.52,37.46,87.62,1,-1,-1,-1
34,39,81.35,373.09,22.34,66.78,1,-1,-1,-1
34,38,1223.44,279.06,17.37,57.62,1,-1,-1,-1
34,36,836.59,234.66,10.16,26.79,1,-1,-1,-1
34,33,412.43,359.50,33.05,71.74,1,-1,-1,-1
34,30,1175.34,285.81,15.75,45.67,1,-1,-1,-1
34,27,120.68,359.22,30.39,71.71,1,-1,-1,-1
34,26,138.59,358.83,25.29,62.70,1,-1,-1,-1
34,25,189.56,363.39,30.15,66.38,1,-1,-1,-1
34,24,1195.80,287.31,22.14,60.52,1,-1,-1,-1
34,23,93.65,370.30,25.41,77.95,1,-1,-1,-1
34,22,187.14,355.66,20.04,68.34,1,-1,-1,-1
34,21,1142.31,246.69,17.48,34.08,1,-1,-1,-1
34,20,1155.92,287.15,20.64,42.62,1,-1,-1,-1
34,19,163.59,373.76,33.41,67.44,1,-1,-1,-1
34,17,1176.96,245.85,13.24,32.48,1,-1,-1,-1
34,14,227.93,384.95,38.09,83.19,1,-1,-1,-1
34,13,300.33,358.63,29.11,74.04,1,-1,-1,-1
34,10,1054.35,292.53,22.54,57.08,1,-1,-1,-1
34,8,1132.27,290.84,16.07,37.62,1,-1,-1,-1
34,7,705.44,299.51,27.93,58.40,1,-1,-1,-1
35,45,1241.94,286.75,18.96,63.01,1,-1,-1,-1
35,44,1225.67,290.96,22.71,65.13,1,-1,-1,-1
35,41,57.53,387.60,27.89,67.41,1,-1,-1,-1
35,40,119.26,376.43,35.58,86.02,1,-1,-1,-1
35,39,89.98,372.26,23.43,67.51,1,-1,-1,-1
35,38,1218.50,278.65,17.73,56.54,1,-1,-1,-1
35,36,839.50,234.14,10.06,26.49,1,-1,-1,-1
35,33,441.29,356.23,33.89,73.41,1,-1,-1,-1
35,30,1168.23,285.86,15.44,42.75,1,-1,-1,-1
35,27,125.76,350.32,27.97,57.48,1,-1,-1,-1
35,26,144.89,359.56,23.78,60.57,1,-1,-1,-1
35,25,200.17,362.78,30.44,66.06,1,-1,-1,-1
35,24,1189.31,285.70,22.53,59.36,1,-1,-1,-1
35,23,103.96,367.28,25.51,77.87,1,-1,-1,-1
35,22,195.31,354.13,23.43,68.73,1,-1,-1,-1
35,21,1153.69,246.79,17.30,34.92,1,-1,-1,-1
35,20,1147.94,288.09,19.94,39.32,1,-1,-1,-1
35,19,173.43,374.48,29.06,66.49,1,-1,-1,-1
35,17,1173.32,246.29,14.83,34.78,1,-1,-1,-1
35,14,235.65,383.77,38.90,83.29,1,-1,-1,-1
35,13,312.40,357.51,32.25,74.99,1,-1,-1,-1
35,10,1045.15,294.56,24.63,57.29,1,-1,-1,-1
35,8,1125.66,290.80,15.74,38.78,1,-1,-1,-1
35,7,721.55,296.83,30.67,58.15,1,-1,-1,-1
36,45,1235.92,287.67,20.40,65.26,1,-1,-1,-1
36,44,1214.95,290.66,24.75,66.22,1,-1,-1,-1
36,41,67.01,385.00,30.02,68.92,1,-1,-1,-1
36,40,133.00,376.42,34.37,85.07,1,-1,-1,-1
36,39,96.82,371.41,24.19,67.89,1,-1,-1,-1
36,38,1212.11,279.80,18.93,56.07,1,-1,-1,-1
36,36,842.17,234.13,9.42,26.01,1,-1,-1,-1
36,33,470.76,354.19,34.46,74.92,1,-1,-1,-1
36,30,1160.91,285.75,15.94,40.83,1,-1,-1,-1
36,27,134.91,357.15,28.45,61.53,1,-1,-1,-1
36,26,155.01,362.29,23.01,58.98,1,-1,-1,-1
36,25,206.72,363.25,32.33,66.11,1,-1,-1,-1
36,24,1178.67,284.27,22.19,55.67,1,-1,-1,-1
36,23,115.64,367.11,25.58,77.79,1,-1,-1,-1
36,22,203.13,348.05,22.35,61.15,1,-1,-1,-1
36,21,1165.45,247.18,16.59,34.77,1,-1,-1,-1
36,20,1138.89,290.25,19.70,35.61,1,-1,-1,-1
36,19,184.27,374.03,28.90,66.20,1,-1,-1,-1
36,14,245.23,381.46,36.26,83.30,1,-1,-1,-1
36,13,319.70,356.48,34.57,75.57,1,-1,-1,-1
36,10,1036.58,293.40,22.98,57.92,1,-1,-1,-1
36,8,1116.94,292.60,18.22,42.86,1,-1,-1,-1
36,7,744.86,296.12,29.39,57.72,1,-1,-1,-1
37,50,1187.92,287.97,13.83,46.25,1,-1,-1,-1
37,49,832.68,233.55,12.14,26.72,1,-1,-1,-1
37,45,1228.81,289.23,20.51,64.83,1,-1,-1,-1
37,44,1210.52,291.92,24.84,65.88,1,-1,-1,-1
37,41,73.68,384.80,31.46,69.64,1,-1,-1,-1
37,40,142.65,375.44,37.32,86.17,1,-1,-1,-1
37,39,106.00,370.92,23.20,67.38,1,-1,-1,-1
37,38,1208.91,279.14,17.46,51.64,1,-1,-1,-1
37,36,843.16,234.19,8.97,25.70,1,-1,-1,-1
37,33,502.91,350.70,35.72,73.11,1,-1,-1,-1
37,30,1152.20,285.56,17.42,37.97,1,-1,-1,-1
37,27,143.64,357.75,29.93,65.41,1,-1,-1,-1
37,26,163.33,358.35,24.70,60.53,1,-1,-1,-1
37,25,215.59,361.50,30.50,66.42,1,-1,-1,-1
37,24,1174.60,283.24,21.80,49.31,1,-1,-1,-1
37,23,124.13,366.07,27.38,78.63,1,-1,-1,-1
37,22,210.78,346.85,21.01,56.88,1,-1,-1,-1
37,21,1177.17,246.59,15.92,34.13,1,-1,-1,-1
37,20,1131.48,292.97,18.93,34.11,1,-1,-1,-1
37,19,193.09,373.78,31.50,67.18,1,-1,-1,-1
37,14,257.65,380.22,37.37,83.16,1,-1,-1,-1
37,13,331.07,355.48,31.55,75.46,1,-1,-1,-1
37,10,1025.84,292.44,24.48,58.08,1,-1,-1,-1
37,8,1112.49,293.01,18.50,44.89,1,-1,-1,-1
37,7,760.42,294.31,29.32,57.03,1,-1,-1,-1
38,50,1181.29,289.03,14.38,48.84,1,-1,-1,-1
38,49,832.69,233.57,12.15,26.69,1,-1,-1,-1
38,45,1222.33,289.65,18.32,62.72,1,-1,-1,-1
38,44,1202.40,291.11,23.68,65.54,1,-1,-1,-1
38,41,84.46,385.14,28.77,69.83,1,-1,-1,-1
38,40,153.60,374.66,34.51,85.40,1,-1,-1,-1
38,39,114.38,369.52,24.41,67.90,1,-1,-1,-1
38,38,1204.77,277.82,16.36,48.32,1,-1,-1,-1
38,36,843.50,234.26,8.66,25.51,1,-1,-1,-1
38,33,533.86,348.30,36.80,71.72,1,-1,-1,-1
38,30,1143.81,287.04,18.47,36.25,1,-1,-1,-1
38,27,152.84,355.41,30.93,68.10,1,-1,-1,-1
38,26,169.92,358.18,23.14,60.53,1,-1,-1,-1
38,25,226.69,360.47,30.38,67.01,1,-1,-1,-1
38,24,1166.98,283.52,21.33,44.97,1,-1,-1,-1
38,23,131.17,366.18,28.68,79.12,1,-1,-1,-1
38,22,220.29,352.68,24.49,61.85,1,-1,-1,-1
38,20,1123.34,293.61,18.35,32.99,1,-1,-1,-1
38,19,204.18,371.80,29.00,68.17,1,-1,-1,-1
38,14,265.83,379.83,38.18,83.04,1,-1,-1,-1
38,13,342.45,354.96,33.27,75.80,1,-1,-1,-1
38,10,1015.64,293.49,27.90,58.34,1,-1,-1,-1
38,8,1106.44,291.91,17.52,46.02,1,-1,-1,-1
38,7,779.43,293.77,27.15,56.38,1,-1,-1,-1
39,50,1175.17,286.46,14.06,43.95,1,-1,-1,-1
39,49,832.64,233.60,12.15,26.66,1,-1,-1,-1
39,45,1214.59,289.16,19.58,63.51,1,-1,-1,-1
39,44,1193.87,283.90,23.68,62.46,1,-1,-1,-1
39,41,96.08,383.55,29.43,70.21,1,-1,-1,-1
39,40,165.84,375.20,32.52,84.97,1,-1,-1,-1
39,39,122.40,369.98,24.48,66.75,1,-1,-1,-1
39,36,843.58,234.31,8.44,25.39,1,-1,-1,-1
39,33,567.08,346.65,36.62,73.22,1,-1,-1,-1
39,30,1137.83,288.31,18.55,35.09,1,-1,-1,-1
39,27,157.53,355.57,27.88,69.03,1,-1,-1,-1
39,26,177.67,355.69,22.50,60.78,1,-1,-1,-1
39,25,236.34,360.73,30.73,65.75,1,-1,-1,-1
39,24,1159.60,284.28,19.76,42.14,1,-1,-1,-1
39,23,141.65,365.55,26.89,79.45,1,-1,-1,-1
39,22,230.91,354.97,24.54,63.38,1,-1,-1,-1
39,20,1110.85,299.92,21.85,41.82,1,-1,-1,-1
39,19,213.96,370.53,30.16,68.17,1,-1,-1,-1
39,17,1156.65,246.71,16.61,34.76,1,-1,-1,-1
39,14,277.56,379.93,34.67,82.58,1,-1,-1,-1
39,13,350.91,353.63,33.52,75.93,1,-1,-1,-1
39,10,1008.43,293.99,26.17,58.20,1,-1,-1,-1
39,8,1099.71,292.55,17.49,47.18,1,-1,-1,-1
39,7,794.01,289.88,28.09,56.09,1,-1,-1,-1
40,54,4.26,381.70,34.03,87.52,1,-1,-1,-1
40,50,1169.61,286.62,13.75,40.63,1,-1,-1,-1
40,45,1207.66,289.36,22.19,64.96,1,-1,-1,-1
40,44,1188.49,287.66,21.61,56.10,1,-1,-1,-1
40,41,104.81,381.89,31.87,71.01,1,-1,-1,-1
40,40,175.48,375.59,36.29,84.96,1,-1,-1,-1
40,39,131.09,370.10,22.84,65.48,1,-1,-1,-1
40,36,849.38,234.77,8.69,25.89,1,-1,-1,-1
40,33,600.09,345.19,35.98,74.58,1,-1,-1,-1
40,30,1133.03,289.46,17.65,35.62,1,-1,-1,-1
40,27,163.06,356.29,26.58,69.55,1,-1,-1,-1
40,26,187.99,354.87,24.60,61.01,1,-1,-1,-1
40,25,246.46,360.23,26.56,65.64,1,-1,-1,-1
40,24,1151.89,286.78,19.01,40.68,1,-1,-1,-1
40,23,150.32,364.04,28.18,79.09,1,-1,-1,-1
40,22,236.14,353.10,21.84,62.70,1,-1,-1,-1
40,20,1102.04,301.72,21.52,46.25,1,-1,-1,-1
40,19,221.42,368.13,31.00,68.15,1,-1,-1,-1
40,17,1153.71,246.55,15.75,34.38,1,-1,-1,-1
40,14,289.66,379.14,37.08,82.67,1,-1,-1,-1
40,13,363.51,351.85,30.15,75.68,1,-1,-1,-1
40,10,999.81,293.32,25.57,58.14,1,-1,-1,-1
40,8,1093.49,292.65,17.52,48.91,1,-1,-1,-1
40,7,810.51,290.34,26.50,55.01,1,-1,-1,-1
41,54,7.42,388.09,39.11,89.58,1,-1,-1,-1
41,50,1162.90,288.22,14.34,38.17,1,-1,-1,-1
41,45,1199.99,289.89,20.51,64.30,1,-1,-1,-1
41,44,1181.01,290.00,20.40,52.29,1,-1,-1,-1
41,41,115.36,381.24,28.97,71.58,1,-1,-1,-1
41,40,185.59,374.31,35.55,85.39,1,-1,-1,-1
41,39,139.89,369.35,23.91,65.20,1,-1,-1,-1
41,36,851.69,234.67,10.06,28.00,1,-1,-1,-1
41,33,634.94,343.19,35.29,75.76,1,-1,-1,-1
41,30,1124.42,292.47,18.44,39.24,1,-1,-1,-1
41,27,175.61,354.37,25.68,70.18,1,-1,-1,-1
41,26,195.38,355.55,23.49,62.05,1,-1,-1,-1
41,25,255.90,359.09,28.31,64.38,1,-1,-1,-1
41,24,1143.55,286.53,18.51,39.35,1,-1,-1,-1
41,23,159.03,363.69,31.49,79.09,1,-1,-1,-1
41,22,247.83,352.60,23.20,64.21,1,-1,-1,-1
41,20,1094.60,301.90,21.23,50.20,1,-1,-1,-1
41,19,233.00,367.26,27.81,67.64,1,-1,-1,-1
41,17,1149.42,246.27,13.96,34.02,1,-1,-1,-1
41,14,297.80,378.58,38.85,82.70,1,-1,-1,-1
41,13,373.92,350.13,32.76,75.98,1,-1,-1,-1
41,10,991.19,294.62,26.54,58.11,1,-1,-1,-1
41,8,1087.40,293.06,17.36,50.48,1,-1,-1,-1
41,7,826.13,288.45,25.88,54.01,1,-1,-1,-1
42,54,19.64,392.22,35.29,84.42,1,-1,-1,-1
42,50,1156.44,288.42,14.19,36.89,1,-1,-1,-1
42,45,1193.35,290.50,21.20,63.96,1,-1,-1,-1
42,44,1174.09,289.38,20.45,42.14,1,-1,-1,-1
42,41,127.64,380.22,31.75,72.07,1,-1,-1,-1
42,40,197.55,373.64,32.83,85.00,1,-1,-1,-1
42,39,147.48,369.21,24.41,65.20,1,-1,-1,-1
42,38,1187.23,280.55,14.76,36.72,1,-1,-1,-1
42,36,854.31,234.17,9.59,27.35,1,-1,-1,-1
42,33,669.75,339.56,36.64,76.22,1,-1,-1,-1
42,30,1120.93,294.21,17.48,42.27,1,-1,-1,-1
42,27,184.09,353.86,23.73,69.94,1,-1,-1,-1
42,25,264.57,358.67,28.52,64.81,1,-1,-1,-1
42,24,1136.32,288.17,17.47,37.82,1,-1,-1,-1
42,23,167.91,361.22,27.23,77.43,1,-1,-1,-1
42,22,256.09,350.81,23.69,65.27,1,-1,-1,-1
42,20,1084.73,301.31,24.25,54.20,1,-1,-1,-1
42,19,243.70,368.07,30.33,67.47,1,-1,-1,-1
42,17,1146.09,245.96,14.44,34.42,1,-1,-1,-1
42,14,308.78,376.81,35.41,83.14,1,-1,-1,-1
42,13,383.38,350.55,33.84,75.50,1,-1,-1,-1
42,10,982.53,294.74,23.63,57.82,1,-1,-1,-1
42,8,1079.03,295.78,18.05,50.42,1,-1,-1,-1
42,7,840.24,288.06,25.32,53.03,1,-1,-1,-1
43,54,31.09,390.82,36.68,83.69,1,-1,-1,-1
43,50,1150.73,288.15,14.11,35.99,1,-1,-1,-1
43,45,1186.85,291.42,22.43,63.20,1,-1,-1,-1
43,41,134.70,380.76,32.44,71.71,1,-1,-1,-1
43,40,207.74,373.03,35.47,85.09,1,-1,-1,-1
43,39,157.01,369.93,22.52,65.53,1,-1,-1,-1
43,36,855.27,234.10,9.25,26.86,1,-1,-1,-1
43,33,704.28,335.89,37.12,75.26,1,-1,-1,-1
43,30,1113.77,293.25,17.75,45.73,1,-1,-1,-1
43,27,191.53,352.69,27.00,71.81,1,-1,-1,-1
43,25,274.07,357.78,26.71,64.73,1,-1,-1,-1
43,24,1129.37,291.27,17.02,39.82,1,-1,-1,-1
43,23,176.69,362.62,27.47,77.24,1,-1,-1,-1
43,22,261.95,343.46,22.28,56.79,1,-1,-1,-1
43,20,1076.89,301.16,22.18,55.41,1,-1,-1,-1
43,19,253.35,367.16,30.39,66.74,1,-1,-1,-1
43,17,1141.49,244.78,14.79,34.70,1,-1,-1,-1
43,14,321.06,375.21,37.68,83.07,1,-1,-1,-1
43,13,394.99,348.48,30.25,76.00,1,-1,-1,-1
43,10,971.05,294.45,25.80,57.93,1,-1,-1,-1
43,8,1075.63,294.44,19.50,52.28,1,-1,-1,-1
43,7,856.19,287.95,26.20,52.37,1,-1,-1,-1
44,60,5.01,379.36,34.18,96.91,1,-1,-1,-1
44,59,1259.72,289.80,17.76,51.14,1,-1,-1,-1
44,54,41.71,391.06,35.19,81.84,1,-1,-1,-1
44,50,1144.20,289.29,14.65,33.37,1,-1,-1,-1
44,45,1179.52,288.31,21.25,59.06,1,-1,-1,-1
44,41,144.19,379.49,29.09,72.35,1,-1,-1,-1
44,40,218.25,371.70,34.51,86.04,1,-1,-1,-1
44,39,165.38,370.13,23.37,66.21,1,-1,-1,-1
44,36,855.59,234.17,9.00,26.49,1,-1,-1,-1
44,33,736.97,334.75,34.82,75.07,1,-1,-1,-1
44,30,1107.64,291.31,17.80,47.37,1,-1,-1,-1
44,27,201.56,351.49,26.43,71.98,1,-1,-1,-1
44,25,281.17,357.03,30.59,65.62,1,-1,-1,-1
44,24,1121.34,294.68,16.02,42.74,1,-1,-1,-1
44,23,186.54,362.26,29.86,77.36,1,-1,-1,-1
44,20,1065.25,299.81,25.03,58.31,1,-1,-1,-1
44,19,265.22,367.02,28.94,67.91,1,-1,-1,-1
44,17,1138.97,243.90,14.64,34.83,1,-1,-1,-1
44,14,329.40,375.49,37.56,82.30,1,-1,-1,-1
44,13,406.62,347.98,32.21,75.88,1,-1,-1,-1
44,10,963.20,294.38,28.31,58.66,1,-1,-1,-1
44,7,872.00,287.60,25.39,52.34,1,-1,-1,-1
45,60,13.27,382.71,41.34,97.57,1,-1,-1,-1
45,59,1248.67,289.01,18.42,51.22,1,-1,-1,-1
45,54,53.88,391.44,29.98,78.57,1,-1,-1,-1
45,50,1138.58,289.09,14.49,32.84,1,-1,-1,-1
45,45,1170.37,284.95,19.48,51.18,1,-1,-1,-1
45,41,154.79,378.91,30.03,72.22,1,-1,-1,-1
45,40,230.57,370.04,32.40,86.32,1,-1,-1,-1
45,39,175.23,368.49,23.95,66.33,1,-1,-1,-1
45,36,860.26,234.08,9.98,27.50,1,-1,-1,-1
45,33,772.86,333.20,33.13,74.94,1,-1,-1,-1
45,30,1101.99,292.89,16.64,49.30,1,-1,-1,-1
45,27,210.48,351.64,26.01,72.12,1,-1,-1,-1
45,25,292.31,355.14,28.90,65.33,1,-1,-1,-1
45,24,1107.54,295.25,20.10,49.93,1,-1,-1,-1
45,23,194.75,360.77,29.12,77.30,1,-1,-1,-1
45,20,1058.17,299.69,26.98,61.37,1,-1,-1,-1
45,19,275.15,365.58,32.94,67.64,1,-1,-1,-1
45,17,1134.38,243.25,14.52,34.93,1,-1,-1,-1
45,14,341.77,373.63,34.93,82.56,1,-1,-1,-1
45,13,413.17,346.41,32.78,75.73,1,-1,-1,-1
45,10,954.42,294.64,26.68,59.82,1,-1,-1,-1
45,7,888.02,287.28,23.76,51.41,1,-1,-1,-1
46,66,1222.67,296.01,23.46,66.27,1,-1,-1,-1
46,65,1271.05,259.77,11.17,30.24,1,-1,-1,-1
46,60,26.72,386.42,37.50,92.69,1,-1,-1,-1
46,59,1241.77,289.02,20.14,54.75,1,-1,-1,-1
46,54,64.42,390.55,33.20,79.00,1,-1,-1,-1
46,50,1129.49,293.73,16.46,39.41,1,-1,-1,-1
46,45,1164.81,281.67,18.50,46.75,1,-1,-1,-1
46,41,163.83,378.25,32.40,72.37,1,-1,-1,-1
46,40,240.16,368.90,36.78,87.31,1,-1,-1,-1
46,39,183.15,366.71,22.53,66.20,1,-1,-1,-1
46,36,862.82,233.99,10.20,27.25,1,-1,-1,-1
46,33,807.49,330.02,31.89,74.86,1,-1,-1,-1
46,30,1093.97,291.62,16.25,50.34,1,-1,-1,-1
46,27,219.92,349.87,27.03,71.22,1,-1,-1,-1
46,25,301.86,353.57,27.80,66.29,1,-1,-1,-1
46,24,1100.82,295.51,20.11,52.85,1,-1,-1,-1
46,23,203.43,359.59,27.67,77.77,1,-1,-1,-1
46,20,1048.06,299.03,24.49,62.42,1,-1,-1,-1
46,19,284.34,364.54,31.00,66.97,1,-1,-1,-1
46,17,1129.94,243.63,15.42,35.11,1,-1,-1,-1
46,14,357.27,372.46,37.17,79.86,1,-1,-1,-1
46,13,426.14,344.62,28.99,75.32,1,-1,-1,-1
46,10,943.07,294.31,27.98,59.71,1,-1,-1,-1
46,7,901.41,285.02,24.02,51.12,1,-1,-1,-1
47,66,1212.20,294.23,27.20,70.94,1,-1,-1,-1
47,63,857.63,235.10,8.33,26.64,1,-1,-1,-1
47,60,42.67,386.89,37.31,91.14,1,-1,-1,-1
47,59,1236.15,290.05,20.60,54.65,1,-1,-1,-1
47,54,72.95,390.07,35.41,78.90,1,-1,-1,-1
47,50,1122.75,294.93,17.02,42.39,1,-1,-1,-1
47,45,1160.73,281.46,17.46,43.87,1,-1,-1,-1
47,41,176.42,375.85,29.53,73.47,1,-1,-1,-1
47,40,249.14,367.48,36.47,87.31,1,-1,-1,-1
47,39,191.96,364.97,23.37,65.80,1,-1,-1,-1
47,36,865.76,234.02,10.01,27.02,1,-1,-1,-1
47,33,841.90,326.23,30.98,74.81,1,-1,-1,-1
47,30,1085.38,292.15,16.07,50.49,1,-1,-1,-1
47,27,227.20,350.40,27.79,70.60,1,-1,-1,-1
47,25,313.44,351.75,28.59,66.66,1,-1,-1,-1
47,24,1093.68,295.40,18.85,54.50,1,-1,-1,-1
47,23,213.63,359.74,30.22,78.06,1,-1,-1,-1
47,22,292.21,350.33,19.96,52.26,1,-1,-1,-1
47,20,1037.51,297.86,26.12,64.20,1,-1,-1,-1
47,19,297.07,364.33,29.76,67.78,1,-1,-1,-1
47,17,1127.12,244.28,15.48,35.16,1,-1,-1,-1
47,14,363.98,373.47,37.54,81.62,1,-1,-1,-1
47,13,435.35,343.75,31.74,75.50,1,-1,-1,-1
47,10,933.94,294.24,27.13,59.54,1,-1,-1,-1
47,7,915.23,283.98,23.56,49.05,1,-1,-1,-1
48,69,7.22,383.20,23.59,90.48,1,-1,-1,-1
48,66,1206.19,293.25,27.69,71.24,1,-1,-1,-1
48,63,860.13,234.72,8.37,26.46,1,-1,-1,-1
48,60,52.59,387.10,39.25,91.01,1,-1,-1,-1
48,59,1228.79,291.08,18.79,54.54,1,-1,-1,-1
48,54,84.58,391.07,32.42,78.65,1,-1,-1,-1
48,50,1115.85,295.52,17.64,46.13,1,-1,-1,-1
48,45,1156.16,280.74,16.67,41.74,1,-1,-1,-1
48,41,187.70,375.00,31.61,73.94,1,-1,-1,-1
48,40,261.48,366.77,34.12,87.07,1,-1,-1,-1
48,39,198.70,365.92,23.76,66.77,1,-1,-1,-1
48,36,868.36,234.32,9.26,26.73,1,-1,-1,-1
48,33,873.34,324.08,30.31,74.78,1,-1,-1,-1
48,30,1079.86,290.91,15.42,49.22,1,-1,-1,-1
48,27,229.41,350.74,28.35,70.16,1,-1,-1,-1
48,26,253.88,350.03,17.17,54.18,1,-1,-1,-1
48,25,321.34,350.36,27.34,66.63,1,-1,-1,-1
48,24,1085.41,294.47,21.00,57.21,1,-1,-1,-1
48,23,220.83,356.76,31.03,78.85,1,-1,-1,-1
48,22,299.03,350.70,20.30,56.97,1,-1,-1,-1
48,20,1027.60,297.12,27.30,65.38,1,-1,-1,-1
48,19,304.22,363.55,32.65,66.72,1,-1,-1,-1
48,17,1123.48,243.01,14.12,35.15,1,-1,-1,-1
48,14,376.37,371.42,34.07,82.23,1,-1,-1,-1
48,13,445.32,342.91,31.77,75.46,1,-1,-1,-1
48,10,925.22,295.90,26.49,59.40,1,-1,-1,-1
48,7,924.92,282.09,23.13,47.73,1,-1,-1,-1
49,71,1039.00,293.41,19.24,57.18,1,-1,-1,-1
49,69,11.24,380.26,32.89,95.55,1,-1,-1,-1
49,66,1199.23,295.04,24.17,68.29,1,-1,-1,-1
49,63,862.03,234.62,8.40,26.33,1,-1,-1,-1
49,60,63.14,381.81,36.44,83.19,1,-1,-1,-1
49,59,1219.49,290.70,20.24,55.95,1,-1,-1,-1
49,54,95.77,389.85,33.94,78.23,1,-1,-1,-1
49,50,1110.66,294.46,18.09,48.92,1,-1,-1,-1
49,45,1150.41,281.41,17.32,41.36,1,-1,-1,-1
49,41,198.06,372.50,32.28,74.08,1,-1,-1,-1
49,40,272.32,366.80,36.49,85.76,1,-1,-1,-1
49,39,206.99,365.33,22.20,67.56,1,-1,-1,-1
49,36,870.26,234.13,8.70,26.50,1,-1,-1,-1
49,33,903.36,321.58,29.81,74.77,1,-1,-1,-1
49,30,1071.85,291.16,14.98,49.95,1,-1,-1,-1
49,27,244.52,348.74,29.70,69.86,1,-1,-1,-1
49,26,262.78,345.58,16.98,50.25,1,-1,-1,-1
49,25,330.87,349.29,25.81,66.17,1,-1,-1,-1
49,24,1077.39,295.24,20.04,58.59,1,-1,-1,-1
49,23,228.64,355.29,27.88,78.48,1,-1,-1,-1
49,22,310.14,349.36,19.46,60.32,1,-1,-1,-1
49,20,1019.71,297.16,25.63,65.84,1,-1,-1,-1
49,19,315.75,362.26,30.30,67.31,1,-1,-1,-1
49,17,1118.52,242.77,15.06,35.53,1,-1,-1,-1
49,14,388.43,370.35,36.80,82.37,1,-1,-1,-1
49,13,459.28,342.73,29.78,75.27,1,-1,-1,-1
49,10,918.02,296.53,28.41,61.09,1,-1,-1,-1
49,7,933.53,283.08,23.33,48.02,1,-1,-1,-1
50,72,1129.71,297.50,13.57,27.22,1,-1,-1,-1
50,71,1033.32,294.33,17.28,54.49,1,-1,-1,-1
50,69,17.74,383.48,38.09,95.05,1,-1,-1,-1
50,66,1192.19,295.83,24.80,69.13,1,-1,-1,-1
50,63,862.60,234.62,8.42,26.25,1,-1,-1,-1
50,60,75.27,384.97,37.14,84.95,1,-1,-1,-1
50,59,1213.70,290.00,21.23,56.67,1,-1,-1,-1
50,54,104.50,387.03,35.00,77.82,1,-1,-1,-1
50,50,1104.14,292.25,18.35,50.93,1,-1,-1,-1
50,45,1144.20,283.45,16.45,39.28,1,-1,-1,-1
50,41,209.49,373.09,29.41,73.62,1,-1,-1,-1
50,40,281.95,365.92,36.49,86.29,1,-1,-1,-1
50,39,217.02,363.29,23.55,67.39,1,-1,-1,-1
50,36,870.97,234.10,8.30,26.33,1,-1,-1,-1
50,33,939.21,318.75,29.40,73.24,1,-1,-1,-1
50,27,254.30,347.28,30.06,71.08,1,-1,-1,-1
50,26,272.90,347.84,18.27,53.80,1,-1,-1,-1
50,25,340.29,348.82,26.35,65.85,1,-1,-1,-1
50,24,1066.17,293.10,21.65,60.44,1,-1,-1,-1
50,23,239.54,355.12,28.27,78.52,1,-1,-1,-1
50,22,318.12,348.18,19.67,62.80,1,-1,-1,-1
50,20,1011.45,295.83,28.71,66.72,1,-1,-1,-1
50,19,327.42,360.54,29.51,68.00,1,-1,-1,-1
50,17,1116.66,242.63,15.76,35.77,1,-1,-1,-1
50,14,398.98,368.82,36.11,82.26,1,-1,-1,-1
50,13,469.68,341.96,32.61,75.46,1,-1,-1,-1
50,10,906.24,296.87,27.96,60.93,1,-1,-1,-1
50,7,940.56,281.14,23.67,46.66,1,-1,-1,-1
51,75,1107.14,304.74,19.62,49.90,1,-1,-1,-1
51,72,1121.94,299.90,14.43,32.35,1,-1,-1,-1
51,71,1025.80,293.54,19.80,54.99,1,-1,-1,-1
51,69,32.43,386.05,33.57,90.18,1,-1,-1,-1
51,66,1183.65,294.06,23.09,62.06,1,-1,-1,-1
51,63,866.79,235.34,8.47,26.56,1,-1,-1,-1
51,60,83.43,385.61,39.23,86.75,1,-1,-1,-1
51,59,1206.50,289.79,19.11,55.42,1,-1,-1,-1
51,54,115.49,386.64,30.96,76.37,1,-1,-1,-1
51,50,1096.88,294.81,17.11,52.20,1,-1,-1,-1
51,45,1138.54,283.61,15.75,37.38,1,-1,-1,-1
51,41,220.41,370.36,31.32,73.93,1,-1,-1,-1
51,40,294.39,364.35,33.07,86.25,1,-1,-1,-1
51,39,226.99,362.14,22.99,66.30,1,-1,-1,-1
51,36,874.23,234.20,8.38,26.29,1,-1,-1,-1
51,33,968.68,315.98,29.89,73.06,1,-1,-1,-1
51,27,262.01,346.51,26.24,71.00,1,-1,-1,-1
51,26,282.72,347.00,17.76,55.51,1,-1,-1,-1
51,25,348.21,348.32,24.96,65.95,1,-1,-1,-1
51,24,1058.98,292.03,25.67,63.17,1,-1,-1,-1
51,23,247.95,353.65,29.91,78.68,1,-1,-1,-1
51,22,324.36,346.21,20.93,62.13,1,-1,-1,-1
51,20,1004.45,296.14,28.12,66.72,1,-1,-1,-1
51,19,336.07,360.75,30.46,67.92,1,-1,-1,-1
51,17,1111.55,243.11,16.18,35.92,1,-1,-1,-1
51,14,412.60,367.02,33.34,81.99,1,-1,-1,-1
51,13,479.07,340.71,31.19,75.33,1,-1,-1,-1
51,10,896.11,296.42,26.20,60.72,1,-1,-1,-1
51,7,945.94,280.37,22.87,46.77,1,-1,-1,-1
52,75,1092.06,301.72,25.89,61.71,1,-1,-1,-1
52,72,1107.59,299.47,20.77,48.18,1,-1,-1,-1
52,71,1018.34,296.05,19.32,54.41,1,-1,-1,-1
52,69,44.73,385.57,38.22,90.59,1,-1,-1,-1
52,66,1177.54,292.19,19.36,54.46,1,-1,-1,-1
52,63,868.24,235.56,8.49,26.77,1,-1,-1,-1
52,60,95.49,384.83,37.22,86.46,1,-1,-1,-1
52,59,1198.77,289.67,19.43,55.53,1,-1,-1,-1
52,54,127.75,385.65,32.42,76.36,1,-1,-1,-1
52,50,1089.48,292.78,17.28,52.59,1,-1,-1,-1
52,45,1132.37,286.14,15.26,38.05,1,-1,-1,-1
52,41,228.95,369.15,31.22,73.91,1,-1,-1,-1
52,40,306.91,363.93,36.86,87.07,1,-1,-1,-1
52,36,875.35,234.24,8.45,26.28,1,-1,-1,-1
52,33,995.78,314.42,29.81,72.54,1,-1,-1,-1
52,27,273.70,347.31,27.71,69.29,1,-1,-1,-1
52,26,290.82,348.93,20.63,58.00,1,-1,-1,-1
52,25,358.57,347.56,26.11,66.28,1,-1,-1,-1
52,24,1050.43,292.44,24.15,63.87,1,-1,-1,-1
52,23,256.93,350.59,28.14,78.46,1,-1,-1,-1
52,22,334.51,346.15,19.81,62.06,1,-1,-1,-1
52,20,995.57,291.42,25.34,61.15,1,-1,-1,-1
52,19,347.59,359.26,27.35,67.51,1,-1,-1,-1
52,17,1106.22,243.20,16.04,35.98,1,-1,-1,-1
52,14,421.89,366.23,36.95,82.22,1,-1,-1,-1
52,13,491.35,338.23,30.13,75.22,1,-1,-1,-1
52,10,884.88,297.31,28.74,60.77,1,-1,-1,-1
52,7,949.76,280.50,22.17,45.91,1,-1,-1,-1
53,75,1086.38,299.99,30.33,66.73,1,-1,-1,-1
53,72,1102.20,299.94,19.01,51.12,1,-1,-1,-1
53,71,1012.39,292.05,17.98,49.22,1,-1,-1,-1
53,69,55.89,382.77,38.03,89.66,1,-1,-1,-1
53,63,872.23,235.84,8.35,26.49,1,-1,-1,-1
53,60,108.79,384.93,35.65,86.26,1,-1,-1,-1
53,59,1192.73,290.76,20.07,57.13,1,-1,-1,-1
53,54,135.68,383.37,34.32,75.15,1,-1,-1,-1
53,50,1081.48,294.47,17.96,53.45,1,-1,-1,-1
53,45,1125.71,289.55,17.61,43.38,1,-1,-1,-1
53,41,242.36,366.75,29.69,73.30,1,-1,-1,-1
53,40,314.46,362.48,37.98,86.44,1,-1,-1,-1
53,36,879.96,235.40,8.77,26.11,1,-1,-1,-1
53,33,1022.46,312.57,30.44,72.35,1,-1,-1,-1
53,27,283.07,345.83,27.62,70.57,1,-1,-1,-1
53,26,300.50,346.84,21.20,59.65,1,-1,-1,-1
53,25,368.09,346.99,26.56,65.97,1,-1,-1,-1
53,24,1042.96,291.38,26.39,65.66,1,-1,-1,-1
53,23,266.68,351.45,25.19,77.36,1,-1,-1,-1
53,22,343.43,346.44,19.60,62.12,1,-1,-1,-1
53,20,984.81,293.51,26.81,64.61,1,-1,-1,-1
53,19,358.26,359.04,27.49,67.43,1,-1,-1,-1
53,17,1102.53,242.54,15.94,36.03,1,-1,-1,-1
53,14,432.07,364.88,35.25,82.06,1,-1,-1,-1
53,13,499.98,338.22,33.48,74.93,1,-1,-1,-1
53,10,875.21,297.41,27.25,60.62,1,-1,-1,-1
53,7,951.95,278.32,21.46,46.30,1,-1,-1,-1
54,75,1085.34,299.26,31.32,67.71,1,-1,-1,-1
54,72,1096.92,299.70,19.02,53.46,1,-1,-1,-1
54,71,1004.84,294.83,20.74,52.32,1,-1,-1,-1
54,69,70.56,384.40,36.30,87.94,1,-1,-1,-1
54,60,118.97,382.80,39.15,87.64,1,-1,-1,-1
54,59,1185.64,289.97,18.79,55.08,1,-1,-1,-1
54,54,146.39,383.38,32.21,75.65,1,-1,-1,-1
54,50,1074.12,294.92,17.26,54.27,1,-1,-1,-1
54,45,1118.41,291.08,19.08,48.59,1,-1,-1,-1
54,41,252.11,368.14,33.11,72.65,1,-1,-1,-1
54,40,328.18,360.57,33.30,85.90,1,-1,-1,-1
54,36,883.42,233.69,8.74,26.14,1,-1,-1,-1
54,33,1047.69,310.01,29.61,71.97,1,-1,-1,-1
54,27,291.09,344.47,25.90,71.51,1,-1,-1,-1
54,26,309.24,344.00,20.69,60.07,1,-1,-1,-1
54,24,1031.80,293.64,25.47,64.59,1,-1,-1,-1
54,23,277.46,352.45,29.01,75.68,1,-1,-1,-1
54,22,353.54,344.77,20.69,63.59,1,-1,-1,-1
54,20,976.08,296.81,26.35,65.87,1,-1,-1,-1
54,19,367.37,358.51,29.14,67.42,1,-1,-1,-1
54,14,446.00,362.25,34.29,81.11,1,-1,-1,-1
54,13,511.23,338.03,31.56,74.79,1,-1,-1,-1
54,10,862.55,297.67,29.52,60.68,1,-1,-1,-1
54,7,954.51,277.50,20.92,45.01,1,-1,-1,-1
55,72,1089.49,299.39,21.41,57.07,1,-1,-1,-1
55,71,998.45,296.09,20.82,53.61,1,-1,-1,-1
55,69,81.66,383.80,39.63,87.82,1,-1,-1,-1
55,60,129.96,381.37,37.18,87.18,1,-1,-1,-1
55,59,1178.95,285.58,17.01,47.06,1,-1,-1,-1
55,54,156.50,382.13,31.63,75.38,1,-1,-1,-1
55,50,1068.43,287.99,16.63,46.78,1,-1,-1,-1
55,45,1115.40,290.94,18.46,51.55,1,-1,-1,-1
55,41,260.50,366.44,30.47,71.68,1,-1,-1,-1
55,40,339.93,358.84,36.44,86.66,1,-1,-1,-1
55,39,258.26,359.46,17.65,63.88,1,-1,-1,-1
55,36,884.85,234.07,8.72,26.17,1,-1,-1,-1
55,33,1074.22,308.85,30.59,70.99,1,-1,-1,-1
55,27,301.78,345.05,27.41,70.97,1,-1,-1,-1
55,26,317.95,341.32,22.10,59.73,1,-1,-1,-1
55,24,1026.70,293.94,21.73,64.52,1,-1,-1,-1
55,23,283.04,350.80,28.60,75.09,1,-1,-1,-1
55,22,361.47,341.61,20.22,64.42,1,-1,-1,-1
55,20,967.01,298.45,26.81,66.79,1,-1,-1,-1
55,19,379.30,358.35,27.56,66.85,1,-1,-1,-1
55,14,454.99,361.01,37.63,81.59,1,-1,-1,-1
55,13,523.55,336.41,30.66,74.54,1,-1,-1,-1
55,10,852.33,298.42,32.15,60.75,1,-1,-1,-1
55,7,953.75,274.91,20.64,44.81,1,-1,-1,-1
56,72,1079.33,295.40,19.15,54.99,1,-1,-1,-1
56,71,990.64,296.60,20.43,55.21,1,-1,-1,-1
56,69,92.52,381.71,39.08,86.97,1,-1,-1,-1
56,60,142.49,380.72,36.55,86.92,1,-1,-1,-1
56,54,168.20,381.08,32.86,74.25,1,-1,-1,-1
56,50,1058.73,291.91,19.09,51.45,1,-1,-1,-1
56,45,1109.71,286.37,18.16,48.83,1,-1,-1,-1
56,41,274.37,366.54,26.96,71.56,1,-1,-1,-1
56,40,349.46,358.29,37.08,86.90,1,-1,-1,-1
56,39,266.29,358.75,16.51,65.03,1,-1,-1,-1
56,36,886.56,234.76,8.70,26.19,1,-1,-1,-1
56,33,1097.75,307.18,28.69,68.15,1,-1,-1,-1
56,27,310.91,343.56,27.81,71.30,1,-1,-1,-1
56,26,326.23,340.74,22.49,61.07,1,-1,-1,-1
56,24,1016.21,294.52,22.71,63.78,1,-1,-1,-1
56,23,292.70,349.45,27.51,74.91,1,-1,-1,-1
56,22,369.52,338.72,20.95,64.06,1,-1,-1,-1
56,20,958.75,299.37,29.03,67.93,1,-1,-1,-1
56,19,389.03,356.35,28.54,66.48,1,-1,-1,-1
56,14,466.21,360.33,35.42,81.53,1,-1,-1,-1
56,13,532.24,336.84,32.33,74.85,1,-1,-1,-1
56,10,843.32,297.81,29.59,60.60,1,-1,-1,-1
56,7,952.43,272.95,20.31,44.69,1,-1,-1,-1
57,71,984.79,296.48,21.06,55.81,1,-1,-1,-1
57,69,106.40,380.46,35.98,85.52,1,-1,-1,-1
57,63,881.57,235.79,8.47,27.01,1,-1,-1,-1
57,60,152.28,379.01,41.14,88.29,1,-1,-1,-1
57,54,176.91,379.99,31.06,74.20,1,-1,-1,-1
57,50,1052.76,293.46,17.99,51.23,1,-1,-1,-1
57,45,1103.47,283.13,17.67,41.93,1,-1,-1,-1
57,41,284.02,366.83,30.72,72.15,1,-1,-1,-1
57,40,362.08,357.95,33.40,86.46,1,-1,-1,-1
57,39,272.19,358.84,18.32,65.67,1,-1,-1,-1
57,36,889.71,235.84,8.69,26.21,1,-1,-1,-1
57,27,316.99,342.15,26.45,71.72,1,-1,-1,-1
57,26,334.25,340.36,21.00,61.21,1,-1,-1,-1
57,24,1007.68,294.26,24.80,63.69,1,-1,-1,-1
57,23,304.65,349.77,29.87,75.03,1,-1,-1,-1
57,22,376.93,336.37,20.89,58.87,1,-1,-1,-1
57,20,950.08,298.94,27.31,67.72,1,-1,-1,-1
57,19,397.88,356.02,30.68,66.80,1,-1,-1,-1
57,14,480.13,359.19,34.63,81.55,1,-1,-1,-1
57,13,542.92,336.26,30.71,73.11,1,-1,-1,-1
57,10,831.23,298.94,30.88,60.62,1,-1,-1,-1
57,7,951.82,271.18,20.32,42.03,1,-1,-1,-1
58,71,977.69,296.28,19.23,54.38,1,-1,-1,-1
58,69,116.24,379.89,39.41,84.31,1,-1,-1,-1
58,63,884.88,235.97,8.95,27.28,1,-1,-1,-1
58,60,161.24,377.12,40.87,88.10,1,-1,-1,-1
58,54,186.38,379.37,30.43,75.16,1,-1,-1,-1
58,41,294.82,365.36,30.80,71.54,1,-1,-1,-1
58,40,373.76,357.45,37.04,87.06,1,-1,-1,-1
58,39,284.44,357.46,18.87,66.09,1,-1,-1,-1
58,36,891.08,235.45,8.68,26.23,1,-1,-1,-1
58,27,326.44,341.61,26.40,72.05,1,-1,-1,-1
58,26,344.92,340.39,23.15,60.24,1,-1,-1,-1
58,24,998.11,288.24,23.96,54.20,1,-1,-1,-1
58,23,313.50,350.30,30.56,75.30,1,-1,-1,-1
58,22,385.57,338.82,20.76,61.51,1,-1,-1,-1
58,20,938.98,300.05,28.16,68.72,1,-1,-1,-1
58,19,410.54,354.60,27.52,66.62,1,-1,-1,-1
58,14,489.53,357.69,37.36,81.82,1,-1,-1,-1
58,13,556.05,333.62,30.76,73.63,1,-1,-1,-1
58,10,822.93,300.01,30.31,60.57,1,-1,-1,-1
58,7,949.16,270.64,20.23,41.34,1,-1,-1,-1
59,79,640.63,235.20,11.46,26.12,1,-1,-1,-1
59,71,972.31,292.16,18.10,44.79,1,-1,-1,-1
59,69,126.28,379.55,39.63,83.08,1,-1,-1,-1
59,63,887.32,236.07,9.57,27.36,1,-1,-1,-1
59,60,171.94,376.03,36.58,87.20,1,-1,-1,-1
59,54,195.41,378.95,33.91,74.60,1,-1,-1,-1
59,41,305.68,363.67,28.75,70.93,1,-1,-1,-1
59,40,381.56,357.36,37.67,87.18,1,-1,-1,-1
59,39,294.64,355.73,19.27,65.84,1,-1,-1,-1
59,36,894.42,235.74,8.67,25.90,1,-1,-1,-1
59,27,333.26,339.86,30.24,72.54,1,-1,-1,-1
59,26,353.63,339.31,22.46,60.00,1,-1,-1,-1
59,23,320.69,349.55,28.06,75.16,1,-1,-1,-1
59,22,393.35,338.68,21.59,62.57,1,-1,-1,-1
59,20,929.20,294.37,28.16,57.22,1,-1,-1,-1
59,19,421.05,353.91,29.49,66.95,1,-1,-1,-1
59,14,500.80,356.80,33.73,81.58,1,-1,-1,-1
59,13,564.17,333.79,33.11,72.86,1,-1,-1,-1
59,10,811.78,300.64,27.38,60.38,1,-1,-1,-1
59,7,945.73,269.92,19.53,41.12,1,-1,-1,-1
60,79,640.45,235.14,11.65,25.91,1,-1,-1,-1
60,69,140.41,378.71,36.58,83.29,1,-1,-1,-1
60,63,888.01,236.10,10.00,27.39,1,-1,-1,-1
60,60,184.73,376.57,38.03,86.56,1,-1,-1,-1
60,54,202.67,378.05,34.24,74.01,1,-1,-1,-1
60,41,315.53,364.96,33.45,70.31,1,-1,-1,-1
60,40,395.51,355.62,32.96,86.60,1,-1,-1,-1
60,39,300.75,356.74,23.34,64.79,1,-1,-1,-1
60,36,895.57,235.90,8.66,25.67,1,-1,-1,-1
60,27,343.26,339.66,28.44,72.34,1,-1,-1,-1
60,26,361.36,337.64,21.23,59.74,1,-1,-1,-1
60,23,331.69,348.56,29.03,75.13,1,-1,-1,-1
60,22,399.04,331.33,20.93,55.87,1,-1,-1,-1
60,19,429.22,351.58,30.95,67.16,1,-1,-1,-1
60,14,515.20,355.66,34.96,81.96,1,-1,-1,-1
60,13,576.16,332.72,30.23,72.47,1,-1,-1,-1
60,10,798.79,301.23,30.88,60.54,1,-1,-1,-1
60,7,941.92,268.16,19.00,40.49,1,-1,-1,-1
61,79,640.35,235.17,11.78,25.76,1,-1,-1,-1
61,69,151.57,377.67,38.60,83.49,1,-1,-1,-1
61,63,891.99,235.31,9.72,27.26,1,-1,-1,-1
61,60,192.65,376.11,39.08,86.08,1,-1,-1,-1
61,54,212.72,377.25,30.31,73.14,1,-1,-1,-1
61,41,326.85,363.51,30.72,70.83,1,-1,-1,-1
61,40,407.90,357.90,35.73,85.04,1,-1,-1,-1
61,39,312.37,355.83,22.64,66.36,1,-1,-1,-1
61,36,899.34,236.00,8.65,25.49,1,-1,-1,-1
61,27,353.53,338.50,26.32,72.23,1,-1,-1,-1
61,26,371.54,336.08,23.36,60.34,1,-1,-1,-1
61,23,343.33,347.99,29.54,75.92,1,-1,-1,-1
61,22,406.79,328.37,20.26,51.09,1,-1,-1,-1
61,19,441.11,351.16,28.19,66.97,1,-1,-1,-1
61,14,523.16,354.33,38.04,81.84,1,-1,-1,-1
61,13,588.63,332.08,31.34,72.34,1,-1,-1,-1
61,10,789.20,296.88,27.89,55.91,1,-1,-1,-1
61,7,936.32,267.51,18.61,40.02,1,-1,-1,-1
62,85,1067.43,243.17,11.17,28.21,1,-1,-1,-1
62,84,1233.84,291.13,15.45,39.12,1,-1,-1,-1
62,79,640.29,235.22,11.88,25.65,1,-1,-1,-1
62,69,163.36,375.99,38.63,83.30,1,-1,-1,-1
62,63,893.42,235.04,9.51,27.16,1,-1,-1,-1
62,60,205.90,374.61,35.19,85.51,1,-1,-1,-1
62,54,224.92,375.04,31.84,74.90,1,-1,-1,-1
62,41,339.88,359.74,28.36,69.23,1,-1,-1,-1
62,40,415.24,354.55,37.73,85.94,1,-1,-1,-1
62,39,321.90,353.98,22.95,66.99,1,-1,-1,-1
62,36,901.38,236.06,8.65,25.37,1,-1,-1,-1
62,27,363.56,337.88,27.78,71.84,1,-1,-1,-1
62,26,378.58,335.80,24.18,61.40,1,-1,-1,-1
62,23,351.59,346.60,27.94,75.82,1,-1,-1,-1
62,22,412.97,335.59,19.50,54.70,1,-1,-1,-1
62,19,452.57,349.87,29.93,67.17,1,-1,-1,-1
62,14,535.06,353.03,33.84,81.42,1,-1,-1,-1
62,13,597.05,332.28,33.61,72.33,1,-1,-1,-1
62,10,779.15,294.18,26.14,49.28,1,-1,-1,-1
62,7,931.45,266.27,17.77,39.22,1,-1,-1,-1
63,88,23.96,372.97,25.11,63.53,1,-1,-1,-1
63,87,1249.51,311.17,31.15,56.20,1,-1,-1,-1
63,85,1066.72,243.37,10.60,28.05,1,-1,-1,-1
63,84,1225.23,298.64,19.34,51.13,1,-1,-1,-1
63,83,450.27,335.53,22.09,63.70,1,-1,-1,-1
63,79,640.25,235.27,11.94,25.56,1,-1,-1,-1
63,69,176.55,375.15,35.17,82.56,1,-1,-1,-1
63,63,893.89,234.95,9.35,27.09,1,-1,-1,-1
63,60,218.54,372.76,37.17,85.96,1,-1,-1,-1
63,54,229.91,373.38,33.36,75.54,1,-1,-1,-1
63,41,349.11,360.84,32.29,70.71,1,-1,-1,-1
63,40,428.58,353.81,34.12,86.02,1,-1,-1,-1
63,39,328.07,352.66,26.30,67.19,1,-1,-1,-1
63,36,902.04,236.10,8.65,25.28,1,-1,-1,-1
63,27,370.71,336.33,26.90,72.18,1,-1,-1,-1
63,26,385.36,334.96,22.61,61.58,1,-1,-1,-1
63,23,356.43,343.37,26.44,72.88,1,-1,-1,-1
63,22,418.83,336.36,19.95,58.27,1,-1,-1,-1
63,20,893.35,294.95,24.13,37.35,1,-1,-1,-1
63,19,461.40,349.22,30.95,67.28,1,-1,-1,-1
63,14,546.94,348.32,30.59,76.35,1,-1,-1,-1
63,10,769.61,296.54,24.70,46.31,1,-1,-1,-1
63,7,925.29,266.04,17.15,38.61,1,-1,-1,-1
64,94,1260.20,244.13,12.20,42.71,1,-1,-1,-1
64,92,1058.72,289.73,24.31,58.07,1,-1,-1,-1
64,91,1112.86,292.13,19.61,52.31,1,-1,-1,-1
64,90,1076.37,301.77,30.05,71.87,1,-1,-1,-1
64,88,30.72,371.16,24.17,63.03,1,-1,-1,-1
64,84,1217.61,300.24,19.28,54.87,1,-1,-1,-1
64,83,457.84,335.95,20.49,61.46,1,-1,-1,-1
64,79,640.21,235.31,11.97,25.50,1,-1,-1,-1
64,69,187.54,374.42,36.56,82.66,1,-1,-1,-1
64,63,897.62,236.38,9.88,27.80,1,-1,-1,-1
64,60,225.40,373.22,39.76,84.93,1,-1,-1,-1
64,54,238.46,373.78,29.59,75.54,1,-1,-1,-1
64,41,359.77,359.15,31.25,71.99,1,-1,-1,-1
64,40,437.26,352.77,32.48,85.13,1,-1,-1,-1
64,39,337.39,350.20,24.93,66.42,1,-1,-1,-1
64,36,905.86,237.27,8.65,25.22,1,-1,-1,-1
64,27,379.68,335.67,26.56,71.96,1,-1,-1,-1
64,26,395.71,333.91,24.47,62.69,1,-1,-1,-1
64,23,370.51,344.51,27.81,73.43,1,-1,-1,-1
64,22,425.02,333.36,21.69,61.94,1,-1,-1,-1
64,20,882.41,305.92,29.35,47.65,1,-1,-1,-1
64,10,757.62,297.61,23.57,44.01,1,-1,-1,-1
64,7,919.41,265.45,16.69,38.15,1,-1,-1,-1
65,96,998.45,294.29,29.37,66.45,1,-1,-1,-1
65,95,981.16,301.27,30.04,68.08,1,-1,-1,-1
65,94,1256.55,243.99,14.69,44.03,1,-1,-1,-1
65,92,1053.15,290.00,22.09,57.32,1,-1,-1,-1
65,91,1104.03,293.60,22.38,56.54,1,-1,-1,-1
65,90,1071.66,300.11,29.28,73.75,1,-1,-1,-1
65,88,40.14,371.47,21.00,60.29,1,-1,-1,-1
65,84,1207.39,299.46,22.43,60.03,1,-1,-1,-1
65,79,639.87,235.45,11.43,25.25,1,-1,-1,-1
65,69,197.80,373.99,37.53,81.35,1,-1,-1,-1
65,63,899.96,236.51,9.25,27.98,1,-1,-1,-1
65,60,234.37,373.62,37.46,85.48,1,-1,-1,-1
65,54,248.88,370.47,30.13,76.08,1,-1,-1,-1
65,41,370.86,348.80,27.90,62.98,1,-1,-1,-1
65,39,346.83,350.03,24.43,66.56,1,-1,-1,-1
65,36,908.33,238.18,8.65,25.17,1,-1,-1,-1
65,27,386.95,328.13,23.68,63.99,1,-1,-1,-1
65,26,401.22,327.65,22.85,56.07,1,-1,-1,-1
65,23,376.20,334.81,24.74,63.40,1,-1,-1,-1
65,22,432.23,325.01,20.92,54.00,1,-1,-1,-1
65,20,872.97,307.79,30.29,53.34,1,-1,-1,-1
65,10,747.42,301.76,22.40,44.40,1,-1,-1,-1
65,7,913.95,265.55,16.45,37.77,1,-1,-1,-1
66,100,596.59,238.76,12.00,26.27,1,-1,-1,-1
66,99,960.28,296.27,21.71,56.40,1,-1,-1,-1
66,98,920.60,301.69,17.83,49.63,1,-1,-1,-1
66,96,985.22,295.20,27.59,63.60,1,-1,-1,-1
66,95,976.97,300.99,31.45,68.32,1,-1,-1,-1
66,94,1251.20,244.54,14.29,44.10,1,-1,-1,-1
66,92,1043.69,287.70,24.42,61.69,1,-1,-1,-1
66,91,1098.45,293.25,22.89,58.71,1,-1,-1,-1
66,90,1061.23,298.65,32.60,77.67,1,-1,-1,-1
66,88,49.89,370.46,26.61,63.85,1,-1,-1,-1
66,84,1203.62,299.02,23.91,62.08,1,-1,-1,-1
66,79,639.83,235.53,11.05,25.09,1,-1,-1,-1
66,69,211.02,373.14,34.08,81.33,1,-1,-1,-1
66,63,903.17,237.28,9.09,28.12,1,-1,-1,-1
66,60,244.46,371.66,33.26,85.82,1,-1,-1,-1
66,54,256.28,364.37,26.86,68.38,1,-1,-1,-1
66,36,911.91,237.90,8.65,25.14,1,-1,-1,-1
66,26,409.41,323.87,20.97,50.64,1,-1,-1,-1
66,22,440.84,324.11,19.86,46.92,1,-1,-1,-1
66,20,863.58,307.48,29.05,56.95,1,-1,-1,-1
66,10,736.64,306.40,27.34,51.14,1,-1,-1,-1
66,7,908.46,265.47,16.06,37.71,1,-1,-1,-1
67,102,923.21,292.48,23.39,70.67,1,-1,-1,-1
67,101,1234.13,297.99,25.73,70.99,1,-1,-1,-1
67,100,596.62,238.80,11.98,26.20,1,-1,-1,-1
67,99,951.59,297.40,19.88,54.46,1,-1,-1,-1
67,96,981.05,296.80,27.47,63.79,1,-1,-1,-1
67,95,967.75,302.39,26.58,64.53,1,-1,-1,-1
67,94,1245.90,244.70,14.67,44.61,1,-1,-1,-1
67,92,1038.04,288.15,23.39,61.95,1,-1,-1,-1
67,91,1092.08,294.44,20.80,57.96,1,-1,-1,-1
67,90,1056.46,299.21,31.58,77.35,1,-1,-1,-1
67,88,56.40,370.09,27.40,63.40,1,-1,-1,-1
67,85,1050.34,241.68,13.97,32.93,1,-1,-1,-1
67,84,1199.25,299.05,21.62,61.24,1,-1,-1,-1
67,63,904.30,237.53,8.96,28.23,1,-1,-1,-1
67,36,913.14,237.79,8.65,25.12,1,-1,-1,-1
67,26,418.23,324.27,19.41,46.34,1,-1,-1,-1
67,22,449.08,324.63,19.14,41.55,1,-1,-1,-1
67,20,852.83,306.99,31.65,61.31,1,-1,-1,-1
67,10,725.23,308.04,26.78,53.86,1,-1,-1,-1
67,7,902.67,264.47,15.76,37.12,1,-1,-1,-1
68,102,912.73,294.97,25.69,71.00,1,-1,-1,-1
68,101,1229.61,298.85,21.71,62.61,1,-1,-1,-1
68,99,944.29,298.51,20.30,52.59,1,-1,-1,-1
68,95,958.52,301.66,26.78,66.16,1,-1,-1,-1
68,92,1033.50,290.40,21.69,59.66,1,-1,-1,-1
68,91,1084.23,293.34,23.17,60.32,1,-1,-1,-1
68,90,1048.34,302.00,28.67,74.04,1,-1,-1,-1
68,84,1193.97,299.56,19.58,58.71,1,-1,-1,-1
68,26,426.96,325.17,17.41,42.44,1,-1,-1,-1
68,22,456.58,325.26,17.54,39.73,1,-1,-1,-1
68,20,844.54,306.67,30.68,62.66,1,-1,-1,-1
68,10,713.85,308.89,26.98,55.84,1,-1,-1,-1
69,102,905.84,295.98,27.51,70.60,1,-1,-1,-1
69,101,1223.32,300.92,19.87,57.27,1,-1,-1,-1
69,99,939.53,300.48,17.34,49.49,1,-1,-1,-1
69,95,949.05,302.47,27.85,67.22,1,-1,-1,-1
69,92,1024.93,290.98,23.71,59.73,1,-1,-1,-1
69,91,1076.16,293.96,24.50,60.75,1,-1,-1,-1
69,90,1040.38,303.41,28.68,73.46,1,-1,-1,-1
69,84,1186.30,297.01,19.10,49.80,1,-1,-1,-1
69,27,424.44,326.84,17.14,45.19,1,-1,-1,-1
69,26,435.86,331.75,16.51,45.61,1,-1,-1,-1
69,22,464.16,332.33,18.90,46.35,1,-1,-1,-1
69,20,833.72,307.90,29.66,63.89,1,-1,-1,-1
69,10,701.77,309.99,29.48,57.67,1,-1,-1,-1
70,106,684.30,329.30,30.12,64.62,1,-1,-1,-1
70,105,624.36,349.11,33.01,74.83,1,-1,-1,-1
70,102,896.21,297.29,25.08,68.63,1,-1,-1,-1
70,101,1216.25,301.80,22.59,61.28,1,-1,-1,-1
70,99,932.60,300.83,16.17,46.84,1,-1,-1,-1
70,95,940.29,303.53,25.14,65.61,1,-1,-1,-1
70,91,1069.17,292.90,23.89,59.96,1,-1,-1,-1
70,90,1032.43,303.59,27.99,73.07,1,-1,-1,-1
70,27,433.81,333.60,16.90,48.81,1,-1,-1,-1
70,22,470.75,334.88,22.54,53.51,1,-1,-1,-1
70,20,824.18,308.13,31.58,65.52,1,-1,-1,-1
70,10,687.91,304.04,27.26,51.61,1,-1,-1,-1
71,109,546.93,343.35,26.81,64.09,1,-1,-1,-1
71,108,516.39,346.31,38.74,88.53,1,-1,-1,-1
71,106,692.08,326.82,32.14,67.36,1,-1,-1,-1
71,105,633.92,346.44,32.19,75.71,1,-1,-1,-1
71,102,887.34,297.53,26.13,68.77,1,-1,-1,-1
71,101,1212.50,304.58,22.45,62.35,1,-1,-1,-1
71,99,922.99,299.83,20.46,52.22,1,-1,-1,-1
71,96,946.19,301.06,22.30,60.39,1,-1,-1,-1
71,95,930.03,301.74,27.55,67.41,1,-1,-1,-1
71,91,1061.20,295.09,24.68,59.68,1,-1,-1,-1
71,90,1024.78,304.29,25.65,72.14,1,-1,-1,-1
71,27,445.51,336.15,20.51,55.17,1,-1,-1,-1
71,22,477.05,334.30,23.26,56.85,1,-1,-1,-1
71,20,812.73,308.28,29.85,66.07,1,-1,-1,-1
71,10,674.29,309.75,27.69,53.67,1,-1,-1,-1
72,114,531.60,329.87,22.54,43.84,1,-1,-1,-1
72,113,445.07,350.48,34.40,72.57,1,-1,-1,-1
72,112,436.12,337.35,22.65,73.28,1,-1,-1,-1
72,111,404.84,347.90,29.01,61.89,1,-1,-1,-1
72,109,559.07,343.50,23.48,60.47,1,-1,-1,-1
72,108,527.89,345.76,35.56,85.14,1,-1,-1,-1
72,106,705.70,328.03,26.00,62.47,1,-1,-1,-1
72,105,646.33,346.05,34.83,76.72,1,-1,-1,-1
72,102,876.17,298.59,28.15,68.48,1,-1,-1,-1
72,101,1205.51,301.65,21.95,62.25,1,-1,-1,-1
72,99,917.26,299.78,19.31,51.54,1,-1,-1,-1
72,96,938.13,299.90,19.88,60.13,1,-1,-1,-1
72,95,919.87,302.26,29.82,67.84,1,-1,-1,-1
72,91,1055.48,295.70,23.67,59.74,1,-1,-1,-1
72,90,1015.59,304.10,27.12,72.77,1,-1,-1,-1
72,27,459.02,332.27,17.83,54.75,1,-1,-1,-1
72,22,486.49,333.13,22.53,59.87,1,-1,-1,-1
72,20,801.06,307.75,30.85,67.28,1,-1,-1,-1
72,10,665.77,312.26,30.05,55.46,1,-1,-1,-1
73,117,940.96,298.38,21.50,65.26,1,-1,-1,-1
73,116,320.22,369.01,41.17,77.71,1,-1,-1,-1
73,114,537.93,334.16,22.96,50.33,1,-1,-1,-1
73,113,459.99,351.20,27.65,66.88,1,-1,-1,-1
73,112,448.41,338.49,21.00,71.55,1,-1,-1,-1
73,111,409.23,344.22,30.65,63.95,1,-1,-1,-1
73,109,569.31,343.73,22.94,61.55,1,-1,-1,-1
73,108,540.00,345.55,34.24,83.88,1,-1,-1,-1
73,106,714.39,325.01,29.40,67.08,1,-1,-1,-1
73,105,654.40,346.68,34.61,75.47,1,-1,-1,-1
73,102,867.82,298.99,25.63,66.96,1,-1,-1,-1
73,101,1200.39,304.05,21.89,62.87,1,-1,-1,-1
73,99,911.38,300.43,18.76,53.37,1,-1,-1,-1
73,96,932.17,301.94,19.86,61.56,1,-1,-1,-1
73,95,913.23,302.23,30.39,68.34,1,-1,-1,-1
73,91,1048.83,295.58,23.34,59.94,1,-1,-1,-1
73,90,1006.04,304.39,29.14,72.60,1,-1,-1,-1
73,27,467.08,330.89,16.45,55.99,1,-1,-1,-1
73,22,493.51,331.43,24.69,62.23,1,-1,-1,-1
73,20,792.25,308.43,32.28,67.63,1,-1,-1,-1
73,10,652.36,315.02,29.05,59.76,1,-1,-1,-1
74,118,292.53,372.90,33.75,74.92,1,-1,-1,-1
74,117,928.94,298.26,20.79,64.87,1,-1,-1,-1
74,116,324.69,367.18,38.11,76.98,1,-1,-1,-1
74,114,548.09,327.50,20.76,45.40,1,-1,-1,-1
74,113,470.84,350.25,28.91,69.66,1,-1,-1,-1
74,112,455.61,338.45,22.13,73.97,1,-1,-1,-1
74,111,420.20,344.71,25.92,60.53,1,-1,-1,-1
74,109,577.07,341.24,27.48,65.79,1,-1,-1,-1
74,108,548.14,343.96,37.92,85.85,1,-1,-1,-1
74,106,721.64,323.76,29.16,66.75,1,-1,-1,-1
74,105,667.87,345.65,29.68,71.72,1,-1,-1,-1
74,102,856.24,299.69,28.04,67.69,1,-1,-1,-1
74,101,1194.50,304.38,23.13,63.18,1,-1,-1,-1
74,99,901.77,299.76,17.73,52.98,1,-1,-1,-1
74,96,920.36,301.68,18.05,60.84,1,-1,-1,-1
74,95,903.86,303.00,27.92,66.65,1,-1,-1,-1
74,91,1041.15,296.59,24.24,58.99,1,-1,-1,-1
74,90,995.16,300.27,28.50,74.86,1,-1,-1,-1
74,22,501.71,329.13,24.17,63.34,1,-1,-1,-1
74,20,781.08,308.77,29.54,67.57,1,-1,-1,-1
74,10,640.05,313.61,30.84,60.40,1,-1,-1,-1
75,121,125.18,370.61,24.43,59.25,1,-1,-1,-1
75,120,1196.22,297.82,20.76,57.62,1,-1,-1,-1
75,118,299.49,373.51,33.63,73.98,1,-1,-1,-1
75,117,925.71,299.74,20.41,64.76,1,-1,-1,-1
75,116,336.05,364.05,36.39,77.38,1,-1,-1,-1
75,114,556.31,330.74,20.35,49.37,1,-1,-1,-1
75,113,481.35,347.06,31.51,70.73,1,-1,-1,-1
75,112,463.42,334.28,27.87,79.79,1,-1,-1,-1
75,111,429.89,343.53,27.87,62.07,1,-1,-1,-1
75,109,588.21,341.22,24.18,62.67,1,-1,-1,-1
75,108,559.24,343.51,35.27,83.54,1,-1,-1,-1
75,106,735.05,323.62,26.42,64.73,1,-1,-1,-1
75,105,677.67,345.07,28.85,71.93,1,-1,-1,-1
75,102,848.38,300.37,29.09,68.31,1,-1,-1,-1
75,101,1188.38,301.41,20.62,58.83,1,-1,-1,-1
75,99,894.12,301.83,18.13,54.78,1,-1,-1,-1
75,96,912.24,301.28,17.18,60.45,1,-1,-1,-1
75,95,895.20,301.26,30.11,68.85,1,-1,-1,-1
75,91,1033.27,298.05,23.94,60.78,1,-1,-1,-1
75,90,988.44,304.16,27.97,74.42,1,-1,-1,-1
75,22,510.02,328.44,22.52,64.24,1,-1,-1,-1
75,20,771.04,309.48,29.90,67.94,1,-1,-1,-1
75,10,630.01,313.91,30.15,60.35,1,-1,-1,-1
76,124,857.55,301.44,15.43,57.06,1,-1,-1,-1
76,121,134.31,372.59,20.69,55.38,1,-1,-1,-1
76,120,1195.92,298.82,19.51,56.21,1,-1,-1,-1
76,118,307.76,373.03,29.12,70.48,1,-1,-1,-1
76,117,916.04,298.70,20.90,65.77,1,-1,-1,-1
76,116,346.97,362.14,40.17,81.00,1,-1,-1,-1
76,114,562.76,327.38,23.27,55.83,1,-1,-1,-1
76,113,490.65,345.75,29.06,69.55,1,-1,-1,-1
76,112,473.25,334.83,23.55,75.56,1,-1,-1,-1
76,111,437.09,343.17,26.38,59.56,1,-1,-1,-1
76,109,599.43,340.31,26.02,65.00,1,-1,-1,-1
76,108,573.27,343.79,32.10,81.49,1,-1,-1,-1
76,106,744.01,322.69,29.64,66.65,1,-1,-1,-1
76,105,688.03,342.40,27.86,68.31,1,-1,-1,-1
76,102,840.94,301.05,26.55,67.47,1,-1,-1,-1
76,101,1181.58,298.76,19.94,48.70,1,-1,-1,-1
76,99,889.29,301.42,17.22,55.07,1,-1,-1,-1
76,96,905.41,301.18,19.09,63.07,1,-1,-1,-1
76,95,889.65,302.69,29.45,67.28,1,-1,-1,-1
76,91,1024.23,296.88,24.49,61.15,1,-1,-1,-1
76,90,980.11,303.32,28.99,75.57,1,-1,-1,-1
76,22,515.85,328.91,22.49,65.49,1,-1,-1,-1
76,20,761.32,310.24,30.35,67.99,1,-1,-1,-1
76,10,617.90,313.98,28.90,60.12,1,-1,-1,-1
77,125,839.24,258.53,13.27,31.81,1,-1,-1,-1
77,124,848.42,300.17,19.23,60.25,1,-1,-1,-1
77,121,143.14,370.95,25.57,59.23,1,-1,-1,-1
77,120,1188.16,304.25,20.72,51.89,1,-1,-1,-1
77,118,317.34,373.17,30.18,72.38,1,-1,-1,-1
77,117,906.73,296.94,21.50,67.08,1,-1,-1,-1
77,116,358.27,361.93,42.60,82.63,1,-1,-1,-1
77,114,572.05,325.79,23.11,57.68,1,-1,-1,-1
77,113,505.36,344.66,31.93,70.65,1,-1,-1,-1
77,112,482.81,334.39,22.95,75.53,1,-1,-1,-1
77,111,446.23,343.38,23.39,58.11,1,-1,-1,-1
77,109,608.80,340.31,26.94,64.68,1,-1,-1,-1
77,108,582.49,341.71,32.93,79.31,1,-1,-1,-1
77,106,753.11,321.29,29.24,66.74,1,-1,-1,-1
77,105,698.18,341.89,28.09,69.98,1,-1,-1,-1
77,102,829.20,302.67,29.08,68.76,1,-1,-1,-1
77,101,1174.50,300.39,20.35,40.35,1,-1,-1,-1
77,99,881.83,305.25,17.37,57.89,1,-1,-1,-1
77,96,895.08,300.72,20.89,61.78,1,-1,-1,-1
77,91,1018.53,298.26,24.02,60.46,1,-1,-1,-1
77,90,971.25,306.11,26.29,74.46,1,-1,-1,-1
77,22,524.67,326.16,23.16,65.04,1,-1,-1,-1
77,20,748.85,309.21,28.48,67.35,1,-1,-1,-1
77,10,606.35,315.00,31.59,59.55,1,-1,-1,-1
78,126,44.51,382.91,34.44,61.53,1,-1,-1,-1
78,125,833.29,256.65,12.57,30.75,1,-1,-1,-1
78,124,839.75,301.94,18.07,60.79,1,-1,-1,-1
78,121,150.80,370.10,24.70,58.07,1,-1,-1,-1
78,118,324.34,371.73,30.13,74.50,1,-1,-1,-1
78,117,899.46,297.23,24.07,66.73,1,-1,-1,-1
78,116,368.75,362.01,38.51,79.77,1,-1,-1,-1
78,114,582.87,319.66,25.64,64.31,1,-1,-1,-1
78,113,517.20,344.62,28.01,66.94,1,-1,-1,-1
78,112,491.70,332.53,28.13,77.29,1,-1,-1,-1
78,111,455.38,341.54,26.62,59.69,1,-1,-1,-1
78,109,618.44,339.82,24.59,63.81,1,-1,-1,-1
78,108,593.72,341.04,32.34,80.40,1,-1,-1,-1
78,106,766.31,320.64,28.02,66.52,1,-1,-1,-1
78,105,709.83,341.10,32.05,72.52,1,-1,-1,-1
78,102,818.63,302.69,29.95,69.78,1,-1,-1,-1
78,91,1010.94,298.12,24.13,60.98,1,-1,-1,-1
78,90,962.82,307.50,26.94,73.69,1,-1,-1,-1
78,22,533.86,326.45,22.77,65.35,1,-1,-1,-1
78,20,738.29,311.28,30.26,67.21,1,-1,-1,-1
79,126,60.82,378.17,35.65,59.95,1,-1,-1,-1
79,125,826.56,257.13,12.85,30.71,1,-1,-1,-1
79,124,834.47,302.79,17.97,59.57,1,-1,-1,-1
79,121,160.03,369.23,22.70,57.47,1,-1,-1,-1
79,118,332.50,367.55,27.65,70.06,1,-1,-1,-1
79,117,893.92,298.04,25.44,67.12,1,-1,-1,-1
79,116,381.83,359.44,34.15,75.56,1,-1,-1,-1
79,114,589.82,320.90,23.97,62.86,1,-1,-1,-1
79,113,527.51,345.26,24.21,65.55,1,-1,-1,-1
79,112,497.42,330.51,30.01,78.31,1,-1,-1,-1
79,111,461.83,340.91,27.76,59.92,1,-1,-1,-1
79,109,629.69,338.47,25.55,63.05,1,-1,-1,-1
79,108,606.43,340.28,30.47,80.70,1,-1,-1,-1
79,106,775.55,320.27,28.89,66.59,1,-1,-1,-1
79,105,717.94,341.04,31.96,72.41,1,-1,-1,-1
79,102,810.75,302.81,27.32,69.04,1,-1,-1,-1
79,91,1003.75,297.11,23.45,61.24,1,-1,-1,-1
79,90,955.02,308.43,28.59,74.20,1,-1,-1,-1
79,22,544.86,324.76,24.55,64.81,1,-1,-1,-1
79,20,726.73,312.41,31.86,67.38,1,-1,-1,-1
80,130,956.94,293.04,23.61,58.28,1,-1,-1,-1
80,126,80.35,378.27,35.79,62.42,1,-1,-1,-1
80,125,819.71,256.58,13.77,31.21,1,-1,-1,-1
80,124,828.35,302.59,18.95,60.01,1,-1,-1,-1
80,121,168.75,367.28,25.52,60.11,1,-1,-1,-1
80,118,342.22,370.98,29.41,73.13,1,-1,-1,-1
80,117,885.57,298.24,22.77,65.86,1,-1,-1,-1
80,116,392.84,359.42,38.80,79.83,1,-1,-1,-1
80,114,598.04,321.46,22.26,62.01,1,-1,-1,-1
80,113,538.55,344.36,28.14,68.65,1,-1,-1,-1
80,112,507.10,330.03,27.18,76.79,1,-1,-1,-1
80,111,470.77,338.87,25.39,60.07,1,-1,-1,-1
80,109,640.51,337.04,25.36,62.38,1,-1,-1,-1
80,108,616.80,338.82,34.91,83.51,1,-1,-1,-1
80,106,787.01,318.95,24.90,64.40,1,-1,-1,-1
80,105,731.70,340.77,27.87,70.57,1,-1,-1,-1
80,102,804.47,303.71,26.68,68.84,1,-1,-1,-1
80,95,851.95,302.79,31.28,70.16,1,-1,-1,-1
80,91,996.26,298.11,25.09,61.24,1,-1,-1,-1
80,90,946.10,308.56,26.73,74.46,1,-1,-1,-1
80,22,552.07,323.13,24.40,64.23,1,-1,-1,-1
80,20,715.11,313.89,30.67,67.71,1,-1,-1,-1
81,133,1107.11,307.09,22.66,60.36,1,-1,-1,-1
81,130,951.45,292.64,22.37,57.56,1,-1,-1,-1
81,126,99.54,374.57,35.15,63.96,1,-1,-1,-1
81,125,811.37,255.86,13.47,30.55,1,-1,-1,-1
81,124,821.08,302.48,20.67,60.08,1,-1,-1,-1
81,121,176.77,367.41,23.81,59.40,1,-1,-1,-1
81,118,348.21,369.79,32.85,77.50,1,-1,-1,-1
81,117,877.26,299.20,24.39,66.06,1,-1,-1,-1
81,116,400.60,357.95,39.52,81.96,1,-1,-1,-1
81,114,606.05,320.26,24.85,63.11,1,-1,-1,-1
81,113,547.82,342.52,29.73,69.67,1,-1,-1,-1
81,112,516.87,330.48,27.39,76.56,1,-1,-1,-1
81,111,481.92,337.15,26.36,61.79,1,-1,-1,-1
81,109,649.19,336.26,23.13,61.50,1,-1,-1,-1
81,108,626.54,337.67,34.93,83.87,1,-1,-1,-1
81,105,740.50,338.49,31.11,73.35,1,-1,-1,-1
81,102,796.27,308.59,29.04,71.86,1,-1,-1,-1
81,96,847.14,300.50,27.95,63.17,1,-1,-1,-1
81,95,843.07,304.53,28.66,68.65,1,-1,-1,-1
81,91,989.62,298.60,26.16,61.27,1,-1,-1,-1
81,90,934.66,308.64,27.05,74.50,1,-1,-1,-1
81,22,559.89,323.56,23.20,65.14,1,-1,-1,-1
81,20,703.82,315.10,32.79,68.64,1,-1,-1,-1
81,10,559.33,315.34,27.54,59.57,1,-1,-1,-1
82,135,542.67,316.73,22.59,78.84,1,-1,-1,-1
82,133,1099.69,306.65,24.66,64.56,1,-1,-1,-1
82,130,944.91,292.28,22.18,58.31,1,-1,-1,-1
82,126,120.08,373.09,33.79,63.17,1,-1,-1,-1
82,125,804.72,256.22,12.63,29.61,1,-1,-1,-1
82,124,812.57,303.88,19.77,60.25,1,-1,-1,-1
82,121,187.45,365.94,23.69,59.12,1,-1,-1,-1
82,118,358.55,369.41,30.52,77.73,1,-1,-1,-1
82,117,871.21,299.86,26.16,66.59,1,-1,-1,-1
82,116,411.26,357.72,35.02,80.00,1,-1,-1,-1
82,114,611.52,320.24,25.86,62.78,1,-1,-1,-1
82,113,560.23,341.36,26.42,68.53,1,-1,-1,-1
82,112,525.14,329.99,30.62,77.56,1,-1,-1,-1
82,111,487.88,336.32,27.19,61.63,1,-1,-1,-1
82,109,659.86,334.37,24.23,62.01,1,-1,-1,-1
82,108,639.89,336.24,31.96,82.71,1,-1,-1,-1
82,105,748.90,337.47,30.35,73.12,1,-1,-1,-1
82,102,783.54,305.00,26.46,70.56,1,-1,-1,-1
82,96,840.86,300.98,26.46,63.75,1,-1,-1,-1
82,95,834.86,305.01,30.59,69.05,1,-1,-1,-1
82,91,980.57,298.32,24.49,61.16,1,-1,-1,-1
82,90,925.40,309.30,29.02,75.50,1,-1,-1,-1
82,22,569.60,320.89,24.20,64.67,1,-1,-1,-1
82,20,693.68,316.22,31.72,68.49,1,-1,-1,-1
83,135,549.11,318.94,23.07,77.72,1,-1,-1,-1
83,133,1092.81,306.66,22.81,64.39,1,-1,-1,-1
83,130,937.92,293.28,24.14,59.49,1,-1,-1,-1
83,126,141.48,371.78,33.48,64.28,1,-1,-1,-1
83,124,803.04,304.85,21.47,60.37,1,-1,-1,-1
83,121,196.47,366.24,23.98,59.44,1,-1,-1,-1
83,118,370.92,368.54,30.92,79.05,1,-1,-1,-1
83,117,862.70,299.83,23.51,65.97,1,-1,-1,-1
83,116,425.71,359.41,34.65,79.11,1,-1,-1,-1
83,114,620.83,318.89,25.01,61.57,1,-1,-1,-1
83,113,572.79,340.01,27.82,67.86,1,-1,-1,-1
83,112,533.60,328.01,27.46,76.67,1,-1,-1,-1
83,111,496.84,335.91,24.55,61.39,1,-1,-1,-1
83,108,650.78,336.56,35.51,83.89,1,-1,-1,-1
83,105,760.78,335.61,27.56,71.92,1,-1,-1,-1
83,102,776.66,306.22,25.20,68.70,1,-1,-1,-1
83,96,832.35,299.56,25.97,61.30,1,-1,-1,-1
83,95,828.00,305.94,29.21,67.02,1,-1,-1,-1
83,91,972.95,299.32,25.01,61.34,1,-1,-1,-1
83,90,915.43,309.53,26.64,75.98,1,-1,-1,-1
83,22,578.41,320.35,24.28,63.96,1,-1,-1,-1
83,20,685.12,315.84,30.72,69.14,1,-1,-1,-1
84,139,1239.72,287.06,21.03,52.18,1,-1,-1,-1
84,135,561.58,320.91,25.67,74.30,1,-1,-1,-1
84,133,1085.97,304.84,23.01,65.98,1,-1,-1,-1
84,130,932.14,292.89,24.90,60.76,1,-1,-1,-1
84,126,164.69,368.24,35.11,67.61,1,-1,-1,-1
84,124,796.92,305.91,22.89,60.39,1,-1,-1,-1
84,121,205.13,365.92,22.77,60.87,1,-1,-1,-1
84,118,380.53,367.10,36.58,82.19,1,-1,-1,-1
84,117,853.32,300.38,24.69,66.45,1,-1,-1,-1
84,116,432.74,360.12,36.88,79.87,1,-1,-1,-1
84,114,628.03,318.26,26.47,61.79,1,-1,-1,-1
84,113,580.80,339.57,28.13,68.22,1,-1,-1,-1
84,112,544.24,326.72,26.59,77.01,1,-1,-1,-1
84,111,507.07,333.71,26.00,62.53,1,-1,-1,-1
84,108,660.87,335.59,35.14,83.51,1,-1,-1,-1
84,106,827.12,316.81,25.61,65.05,1,-1,-1,-1
84,105,772.20,335.70,31.33,72.56,1,-1,-1,-1
84,102,764.84,306.58,23.79,68.64,1,-1,-1,-1
84,96,824.58,303.17,25.16,64.36,1,-1,-1,-1
84,95,815.26,307.26,25.42,66.60,1,-1,-1,-1
84,91,964.98,299.98,25.75,61.66,1,-1,-1,-1
84,90,905.36,310.08,26.66,76.14,1,-1,-1,-1
84,22,585.63,319.80,23.25,63.48,1,-1,-1,-1
84,20,675.22,317.82,32.95,68.71,1,-1,-1,-1
85,139,1232.42,288.40,19.54,51.29,1,-1,-1,-1
85,135,569.66,318.88,25.08,74.16,1,-1,-1,-1
85,133,1077.99,303.57,26.95,69.74,1,-1,-1,-1
85,130,924.69,292.93,23.53,59.97,1,-1,-1,-1
85,126,185.57,365.15,33.37,68.46,1,-1,-1,-1
85,124,786.43,303.64,21.95,54.22,1,-1,-1,-1
85,121,209.57,364.49,27.50,62.76,1,-1,-1,-1
85,118,392.33,366.81,34.25,81.66,1,-1,-1,-1
85,117,846.92,301.09,26.08,65.79,1,-1,-1,-1
85,116,443.73,359.95,33.17,78.22,1,-1,-1,-1
85,114,635.61,317.55,24.73,60.91,1,-1,-1,-1
85,113,593.59,337.86,26.07,68.30,1,-1,-1,-1
85,112,551.63,327.01,29.98,76.86,1,-1,-1,-1
85,111,512.79,334.07,28.82,62.27,1,-1,-1,-1
85,108,674.44,334.43,31.41,82.17,1,-1,-1,-1
85,106,837.72,317.60,24.04,64.47,1,-1,-1,-1
85,105,780.27,335.24,30.59,72.60,1,-1,-1,-1
85,102,755.91,307.48,22.80,68.67,1,-1,-1,-1
85,96,817.56,300.91,23.69,61.97,1,-1,-1,-1
85,95,807.99,310.02,26.79,67.20,1,-1,-1,-1
85,91,956.31,299.54,25.55,61.10,1,-1,-1,-1
85,90,896.03,311.46,29.20,76.23,1,-1,-1,-1
85,22,593.08,320.69,21.61,64.51,1,-1,-1,-1
85,20,662.36,318.93,29.51,68.33,1,-1,-1,-1
85,10,513.60,321.08,26.42,59.79,1,-1,-1,-1
86,140,18.87,385.65,26.18,74.27,1,-1,-1,-1
86,139,1227.45,288.88,19.03,51.07,1,-1,-1,-1
86,135,577.00,318.08,21.25,71.18,1,-1,-1,-1
86,133,1073.48,304.59,27.78,69.83,1,-1,-1,-1
86,130,917.31,294.01,23.09,60.41,1,-1,-1,-1
86,126,208.44,362.48,33.45,69.36,1,-1,-1,-1
86,124,778.51,306.41,20.67,54.53,1,-1,-1,-1
86,118,406.01,367.03,35.61,81.33,1,-1,-1,-1
86,117,836.58,300.35,24.34,66.09,1,-1,-1,-1
86,116,455.24,359.54,33.37,77.89,1,-1,-1,-1
86,114,640.84,315.13,23.38,60.56,1,-1,-1,-1
86,113,604.42,337.28,27.75,66.88,1,-1,-1,-1
86,112,557.57,327.33,31.72,77.31,1,-1,-1,-1
86,111,521.74,333.45,25.65,60.98,1,-1,-1,-1
86,108,685.25,333.24,35.32,83.29,1,-1,-1,-1
86,106,845.65,313.80,22.38,64.18,1,-1,-1,-1
86,105,791.32,333.99,27.99,71.84,1,-1,-1,-1
86,102,743.98,309.14,25.52,69.15,1,-1,-1,-1
86,96,809.13,300.03,23.37,61.36,1,-1,-1,-1
86,95,794.31,302.07,24.87,60.17,1,-1,-1,-1
86,91,948.12,300.62,27.16,61.78,1,-1,-1,-1
86,90,885.99,311.35,28.28,76.45,1,-1,-1,-1
86,22,600.32,319.57,21.49,64.15,1,-1,-1,-1
86,20,651.21,319.67,29.65,68.99,1,-1,-1,-1
86,10,502.93,322.70,28.53,59.88,1,-1,-1,-1
87,140,26.97,384.10,31.25,77.48,1,-1,-1,-1
87,139,1221.06,288.63,18.14,50.07,1,-1,-1,-1
87,136,450.41,354.13,28.47,73.69,1,-1,-1,-1
87,135,586.95,315.89,21.70,71.17,1,-1,-1,-1
87,133,1065.02,305.04,25.35,68.29,1,-1,-1,-1
87,130,909.88,293.55,24.25,61.51,1,-1,-1,-1
87,126,230.09,360.35,34.37,69.69,1,-1,-1,-1
87,124,772.08,308.71,18.64,54.46,1,-1,-1,-1
87,118,416.85,366.21,39.66,82.39,1,-1,-1,-1
87,117,828.65,301.16,22.82,66.04,1,-1,-1,-1
87,116,462.72,357.19,36.78,80.76,1,-1,-1,-1
87,114,650.17,315.00,24.84,60.91,1,-1,-1,-1
87,113,614.46,337.85,26.40,66.96,1,-1,-1,-1
87,112,569.04,327.68,29.43,76.72,1,-1,-1,-1
87,111,531.37,333.25,25.81,61.14,1,-1,-1,-1
87,108,694.93,332.21,35.76,83.72,1,-1,-1,-1
87,106,853.09,313.78,24.37,65.41,1,-1,-1,-1
87,105,801.56,333.20,29.92,72.76,1,-1,-1,-1
87,102,735.72,308.95,25.88,70.10,1,-1,-1,-1
87,96,804.89,302.22,23.94,59.87,1,-1,-1,-1
87,95,783.47,305.90,20.85,60.15,1,-1,-1,-1
87,91,940.78,301.62,28.05,62.08,1,-1,-1,-1
87,90,873.41,312.52,28.39,76.82,1,-1,-1,-1
87,22,608.48,317.39,20.89,63.62,1,-1,-1,-1
87,20,641.28,321.32,31.62,69.55,1,-1,-1,-1
87,10,491.44,323.60,27.34,60.01,1,-1,-1,-1
88,143,780.97,309.89,25.39,70.67,1,-1,-1,-1
88,140,34.89,384.52,30.19,74.67,1,-1,-1,-1
88,139,1213.77,289.76,18.00,48.63,1,-1,-1,-1
88,136,459.07,356.80,29.10,73.85,1,-1,-1,-1
88,135,596.61,317.17,21.56,70.73,1,-1,-1,-1
88,133,1056.67,305.07,26.62,69.47,1,-1,-1,-1
88,130,899.55,291.17,26.71,63.97,1,-1,-1,-1
88,126,251.40,357.07,31.78,66.38,1,-1,-1,-1
88,124,764.53,309.67,16.91,54.26,1,-1,-1,-1
88,118,429.59,364.59,35.66,80.07,1,-1,-1,-1
88,117,823.98,302.90,23.26,65.14,1,-1,-1,-1
88,116,471.38,355.06,35.84,80.42,1,-1,-1,-1
88,114,655.52,314.47,25.25,60.78,1,-1,-1,-1
88,113,627.96,338.03,25.57,66.56,1,-1,-1,-1
88,112,578.98,323.49,31.70,78.51,1,-1,-1,-1
88,111,538.23,332.68,26.75,61.75,1,-1,-1,-1
88,108,707.79,331.08,31.69,82.58,1,-1,-1,-1
88,105,811.48,333.00,28.55,72.57,1,-1,-1,-1
88,102,724.78,314.12,25.70,73.38,1,-1,-1,-1
88,96,796.30,304.22,21.30,58.79,1,-1,-1,-1
88,95,771.63,306.67,24.36,61.13,1,-1,-1,-1
88,91,931.47,301.67,25.91,61.85,1,-1,-1,-1
88,90,862.34,313.39,31.20,77.58,1,-1,-1,-1
88,22,617.01,316.85,18.76,63.61,1,-1,-1,-1
88,20,628.76,316.82,30.55,61.38,1,-1,-1,-1
88,10,481.05,325.42,28.84,60.14,1,-1,-1,-1
89,146,1124.16,298.78,16.86,28.04,1,-1,-1,-1
89,145,1093.02,309.13,24.73,64.37,1,-1,-1,-1
89,143,771.60,310.39,29.28,72.83,1,-1,-1,-1
89,140,42.66,384.96,27.57,71.45,1,-1,-1,-1
89,139,1209.63,290.81,19.04,49.81,1,-1,-1,-1
89,135,603.05,316.64,19.83,69.60,1,-1,-1,-1
89,133,1051.44,305.38,26.80,69.88,1,-1,-1,-1
89,130,894.44,291.98,26.03,63.06,1,-1,-1,-1
89,126,273.34,353.46,30.62,64.93,1,-1,-1,-1
89,124,759.32,311.72,16.50,56.24,1,-1,-1,-1
89,118,445.16,364.36,35.57,80.07,1,-1,-1,-1
89,117,816.11,304.67,22.57,65.07,1,-1,-1,-1
89,116,484.03,354.17,32.91,80.58,1,-1,-1,-1
89,114,663.74,313.61,23.88,59.94,1,-1,-1,-1
89,113,638.25,337.88,28.52,66.02,1,-1,-1,-1
89,112,586.73,324.76,31.83,77.50,1,-1,-1,-1
89,111,546.12,331.98,24.97,62.00,1,-1,-1,-1
89,108,719.00,328.29,35.11,85.24,1,-1,-1,-1
89,105,823.44,331.34,27.79,71.76,1,-1,-1,-1
89,102,717.11,313.76,28.16,73.82,1,-1,-1,-1
89,96,788.71,305.62,20.83,57.74,1,-1,-1,-1
89,91,923.21,302.32,26.42,62.20,1,-1,-1,-1
89,90,851.04,314.96,29.89,77.83,1,-1,-1,-1
89,22,623.20,317.92,19.38,64.05,1,-1,-1,-1
89,20,617.70,322.60,28.48,61.81,1,-1,-1,-1
89,10,467.50,322.40,27.15,55.29,1,-1,-1,-1
90,147,1249.76,288.30,16.36,57.82,1,-1,-1,-1
90,146,1117.19,304.92,20.58,40.04,1,-1,-1,-1
90,145,1086.35,308.03,28.54,69.86,1,-1,-1,-1
90,143,761.30,312.77,26.77,70.89,1,-1,-1,-1
90,140,52.26,385.56,29.44,70.73,1,-1,-1,-1
90,139,1204.05,291.09,17.43,49.24,1,-1,-1,-1
90,133,1044.71,304.92,25.03,69.32,1,-1,-1,-1
90,130,890.31,292.18,25.80,61.92,1,-1,-1,-1
90,126,295.36,352.01,30.49,64.31,1,-1,-1,-1
90,124,752.48,310.69,16.78,58.49,1,-1,-1,-1
90,118,456.38,363.30,40.57,81.04,1,-1,-1,-1
90,117,808.06,304.73,21.56,65.13,1,-1,-1,-1
90,116,494.31,352.42,37.57,83.66,1,-1,-1,-1
90,114,671.48,313.28,24.92,60.17,1,-1,-1,-1
90,113,647.06,335.60,28.41,67.51,1,-1,-1,-1
90,112,597.53,322.67,28.87,75.97,1,-1,-1,-1
90,111,556.21,330.79,25.70,62.03,1,-1,-1,-1
90,108,728.21,328.18,34.58,84.57,1,-1,-1,-1
90,105,830.73,331.27,27.83,71.91,1,-1,-1,-1
90,102,704.28,313.17,29.32,74.07,1,-1,-1,-1
90,96,780.76,308.06,22.57,57.30,1,-1,-1,-1
90,91,916.04,302.81,26.68,62.44,1,-1,-1,-1
90,90,841.72,314.85,28.99,78.02,1,-1,-1,-1
90,22,631.09,316.91,21.16,63.80,1,-1,-1,-1
90,20,608.70,322.21,31.55,65.21,1,-1,-1,-1
90,10,456.78,325.71,26.63,56.94,1,-1,-1,-1
91,148,260.48,359.15,29.09,61.33,1,-1,-1,-1
91,147,1241.03,288.22,20.13,60.36,1,-1,-1,-1
91,146,1110.11,305.11,22.72,49.94,1,-1,-1,-1
91,145,1079.42,307.58,26.46,69.54,1,-1,-1,-1
91,144,610.02,314.22,30.87,78.82,1,-1,-1,-1
91,143,751.90,311.87,28.24,72.74,1,-1,-1,-1
91,140,60.52,386.31,28.37,67.90,1,-1,-1,-1
91,139,1196.35,289.81,18.62,49.97,1,-1,-1,-1
91,133,1035.97,305.86,26.70,69.73,1,-1,-1,-1
91,130,884.67,291.06,23.63,60.16,1,-1,-1,-1
91,124,742.40,311.47,19.54,61.79,1,-1,-1,-1
91,118,468.43,361.98,39.30,81.23,1,-1,-1,-1
91,117,798.19,306.62,23.99,64.64,1,-1,-1,-1
91,116,502.69,350.83,38.55,83.66,1,-1,-1,-1
91,114,677.84,312.21,22.82,58.64,1,-1,-1,-1
91,113,658.44,332.67,28.33,68.11,1,-1,-1,-1
91,112,608.28,325.31,30.46,75.32,1,-1,-1,-1
91,111,562.39,330.30,27.53,61.71,1,-1,-1,-1
91,108,741.48,327.23,31.66,83.68,1,-1,-1,-1
91,106,889.14,309.62,25.04,64.89,1,-1,-1,-1
91,105,841.45,330.01,27.88,71.06,1,-1,-1,-1
91,102,695.36,313.69,27.62,72.99,1,-1,-1,-1
91,96,772.05,308.10,22.10,56.80,1,-1,-1,-1
91,91,906.47,301.81,25.22,62.59,1,-1,-1,-1
91,90,828.72,316.04,29.14,77.33,1,-1,-1,-1
91,22,638.23,315.45,21.43,64.13,1,-1,-1,-1
91,20,598.83,323.33,29.61,65.09,1,-1,-1,-1
91,10,445.41,327.88,29.47,59.35,1,-1,-1,-1
92,148,270.22,361.20,25.84,59.10,1,-1,-1,-1
92,147,1235.88,289.66,21.90,59.85,1,-1,-1,-1
92,146,1104.87,305.70,21.07,53.08,1,-1,-1,-1
92,145,1071.84,308.32,25.67,68.69,1,-1,-1,-1
92,144,622.63,308.39,26.93,67.17,1,-1,-1,-1
92,143,738.83,307.63,24.76,65.91,1,-1,-1,-1
92,140,69.77,385.02,27.42,67.54,1,-1,-1,-1
92,139,1192.65,290.21,18.82,50.36,1,-1,-1,-1
92,133,1029.38,306.45,28.82,70.19,1,-1,-1,-1
92,130,877.09,292.70,22.92,59.79,1,-1,-1,-1
92,124,733.18,312.51,19.34,63.97,1,-1,-1,-1
92,118,483.76,359.92,36.48,81.76,1,-1,-1,-1
92,117,789.61,305.75,26.38,64.16,1,-1,-1,-1
92,116,513.51,348.61,35.21,83.47,1,-1,-1,-1
92,113,668.72,332.89,30.72,68.37,1,-1,-1,-1
92,112,619.32,325.02,31.47,74.50,1,-1,-1,-1
92,111,570.43,329.82,24.16,61.20,1,-1,-1,-1
92,108,752.94,325.50,34.93,85.15,1,-1,-1,-1
92,106,896.97,306.63,26.10,65.85,1,-1,-1,-1
92,105,852.52,328.95,25.64,69.22,1,-1,-1,-1
92,102,685.10,311.98,29.88,73.24,1,-1,-1,-1
92,96,764.06,307.82,22.60,54.78,1,-1,-1,-1
92,90,822.44,316.53,29.10,77.18,1,-1,-1,-1
92,22,646.72,313.51,21.43,63.49,1,-1,-1,-1
92,20,589.32,325.84,30.82,67.56,1,-1,-1,-1
92,10,434.00,330.12,29.26,59.13,1,-1,-1,-1
93,148,280.97,358.52,24.94,59.53,1,-1,-1,-1
93,147,1228.05,288.75,20.63,58.58,1,-1,-1,-1
93,146,1098.79,302.14,21.86,58.85,1,-1,-1,-1
93,145,1065.09,308.59,27.73,70.43,1,-1,-1,-1
93,144,635.07,311.37,23.06,64.01,1,-1,-1,-1
93,143,733.93,313.74,24.38,66.26,1,-1,-1,-1
93,140,79.72,383.81,30.58,69.81,1,-1,-1,-1
93,139,1184.96,290.11,18.53,49.57,1,-1,-1,-1
93,133,1022.09,304.97,27.40,70.93,1,-1,-1,-1
93,130,870.12,295.53,22.77,62.39,1,-1,-1,-1
93,124,726.52,312.85,17.81,63.76,1,-1,-1,-1
93,118,494.87,357.42,40.39,84.30,1,-1,-1,-1
93,117,782.50,306.63,23.62,63.46,1,-1,-1,-1
93,116,526.56,348.42,36.32,83.78,1,-1,-1,-1
93,113,679.98,331.09,27.12,67.15,1,-1,-1,-1
93,112,626.46,324.54,30.52,73.76,1,-1,-1,-1
93,108,761.25,326.59,36.12,83.95,1,-1,-1,-1
93,106,906.49,307.67,28.53,65.94,1,-1,-1,-1
93,105,861.25,328.85,26.60,69.94,1,-1,-1,-1
93,102,673.99,314.92,25.63,72.19,1,-1,-1,-1
93,96,759.08,308.46,20.76,55.00,1,-1,-1,-1
93,90,810.81,316.89,28.18,76.92,1,-1,-1,-1
93,22,651.95,313.25,23.09,63.18,1,-1,-1,-1
93,20,577.49,327.99,32.72,69.45,1,-1,-1,-1
93,10,424.21,330.85,28.68,59.19,1,-1,-1,-1
94,148,287.80,358.32,25.36,57.77,1,-1,-1,-1
94,147,1218.85,288.52,23.74,60.28,1,-1,-1,-1
94,146,1090.23,298.50,25.25,65.20,1,-1,-1,-1
94,145,1058.93,308.49,28.31,70.93,1,-1,-1,-1
94,143,723.72,315.75,24.97,68.51,1,-1,-1,-1
94,140,86.85,384.81,31.09,67.44,1,-1,-1,-1
94,139,1180.60,291.75,18.82,49.50,1,-1,-1,-1
94,133,1014.71,306.46,25.98,70.33,1,-1,-1,-1
94,130,862.86,297.33,22.84,64.15,1,-1,-1,-1
94,126,371.07,339.24,29.98,56.73,1,-1,-1,-1
94,124,720.15,313.35,20.78,66.73,1,-1,-1,-1
94,118,506.60,355.36,38.93,84.62,1,-1,-1,-1
94,117,772.14,319.35,24.79,64.26,1,-1,-1,-1
94,116,538.35,347.41,36.25,83.12,1,-1,-1,-1
94,113,691.25,330.81,26.18,67.38,1,-1,-1,-1
94,112,637.89,323.00,29.05,73.12,1,-1,-1,-1
94,108,773.21,325.76,31.78,82.70,1,-1,-1,-1
94,106,913.14,307.87,28.09,65.26,1,-1,-1,-1
94,105,872.45,326.72,26.03,68.96,1,-1,-1,-1
94,102,663.91,314.67,25.46,73.05,1,-1,-1,-1
94,96,751.76,309.79,20.20,55.02,1,-1,-1,-1
94,90,800.96,318.12,29.76,77.17,1,-1,-1,-1
94,22,658.87,307.38,20.99,60.45,1,-1,-1,-1
94,20,566.64,327.78,30.53,70.27,1,-1,-1,-1
94,10,414.15,333.12,30.24,58.83,1,-1,-1,-1
95,153,638.25,315.56,21.15,71.42,1,-1,-1,-1
95,151,15.78,384.24,27.64,84.99,1,-1,-1,-1
95,148,297.45,357.26,24.34,57.96,1,-1,-1,-1
95,147,1212.25,288.77,26.39,60.68,1,-1,-1,-1
95,146,1085.47,297.02,26.92,68.40,1,-1,-1,-1
95,145,1049.41,309.43,28.68,70.72,1,-1,-1,-1
95,143,713.56,313.13,28.92,72.34,1,-1,-1,-1
95,140,94.50,382.87,28.23,67.51,1,-1,-1,-1
95,139,1173.10,287.57,19.24,43.36,1,-1,-1,-1
95,133,1007.52,307.11,26.96,70.16,1,-1,-1,-1
95,130,857.75,296.54,21.60,64.35,1,-1,-1,-1
95,126,388.10,338.83,27.64,53.80,1,-1,-1,-1
95,118,518.75,354.52,35.62,84.21,1,-1,-1,-1
95,117,766.93,313.51,24.78,65.36,1,-1,-1,-1
95,116,543.74,344.49,35.05,83.22,1,-1,-1,-1
95,114,707.65,304.24,21.06,49.33,1,-1,-1,-1
95,113,698.91,329.89,29.99,68.75,1,-1,-1,-1
95,112,644.85,321.26,31.35,73.67,1,-1,-1,-1
95,108,785.87,325.09,33.87,82.92,1,-1,-1,-1
95,106,924.03,306.41,27.20,65.34,1,-1,-1,-1
95,105,882.36,326.42,27.41,68.80,1,-1,-1,-1
95,102,655.35,313.86,27.64,74.73,1,-1,-1,-1
95,96,744.39,310.03,21.44,55.56,1,-1,-1,-1
95,91,871.68,303.69,25.41,60.15,1,-1,-1,-1
95,22,668.86,308.75,22.09,62.09,1,-1,-1,-1
95,20,556.76,329.57,33.06,70.56,1,-1,-1,-1
95,10,398.62,327.88,28.35,51.10,1,-1,-1,-1
96,153,647.04,316.04,20.52,71.23,1,-1,-1,-1
96,151,27.01,383.63,29.43,84.52,1,-1,-1,-1
96,148,308.16,358.28,23.14,56.82,1,-1,-1,-1
96,147,1204.43,289.47,24.79,59.43,1,-1,-1,-1
96,146,1078.80,296.42,25.61,69.46,1,-1,-1,-1
96,145,1039.83,309.20,29.76,70.40,1,-1,-1,-1
96,140,104.93,381.79,29.35,69.41,1,-1,-1,-1
96,139,1166.87,288.12,19.42,39.73,1,-1,-1,-1
96,133,999.64,306.49,26.41,70.56,1,-1,-1,-1
96,130,853.46,295.44,21.56,63.38,1,-1,-1,-1
96,118,529.98,354.54,37.31,84.66,1,-1,-1,-1
96,117,758.86,310.08,23.91,66.40,1,-1,-1,-1
96,116,557.13,344.69,34.39,82.71,1,-1,-1,-1
96,114,713.87,307.99,20.85,51.95,1,-1,-1,-1
96,113,707.82,326.62,28.53,68.72,1,-1,-1,-1
96,112,653.86,321.21,30.37,73.72,1,-1,-1,-1
96,111,600.81,325.19,24.37,62.87,1,-1,-1,-1
96,108,797.10,324.70,33.03,82.19,1,-1,-1,-1
96,106,932.12,307.01,27.86,64.87,1,-1,-1,-1
96,105,888.01,326.39,27.91,69.53,1,-1,-1,-1
96,96,736.56,311.94,24.11,55.47,1,-1,-1,-1
96,91,864.87,304.70,25.97,60.56,1,-1,-1,-1
96,22,675.42,310.83,23.49,62.10,1,-1,-1,-1
96,20,544.26,333.15,33.70,76.04,1,-1,-1,-1
97,153,653.98,314.65,20.16,69.38,1,-1,-1,-1
97,151,37.14,384.84,32.85,84.89,1,-1,-1,-1
97,148,315.45,355.12,25.02,58.80,1,-1,-1,-1
97,147,1197.57,290.03,23.28,59.09,1,-1,-1,-1
97,146,1072.27,296.31,25.30,69.64,1,-1,-1,-1
97,145,1032.08,309.40,31.55,70.91,1,-1,-1,-1
97,140,111.12,380.76,29.39,69.66,1,-1,-1,-1
97,139,1161.91,289.87,19.17,39.24,1,-1,-1,-1
97,133,992.58,306.41,25.50,71.46,1,-1,-1,-1
97,130,844.59,296.53,24.25,63.93,1,-1,-1,-1
97,118,540.63,354.40,36.86,84.22,1,-1,-1,-1
97,117,750.03,311.29,27.70,67.67,1,-1,-1,-1
97,116,568.72,343.74,36.68,82.83,1,-1,-1,-1
97,114,720.58,309.20,20.92,55.12,1,-1,-1,-1
97,113,719.54,327.45,26.72,67.93,1,-1,-1,-1
97,112,665.79,320.67,27.67,73.14,1,-1,-1,-1
97,111,608.15,324.95,25.57,60.79,1,-1,-1,-1
97,108,809.91,324.32,29.60,81.24,1,-1,-1,-1
97,106,939.27,306.10,27.31,64.38,1,-1,-1,-1
97,105,898.22,324.89,27.33,69.62,1,-1,-1,-1
97,96,730.78,311.66,23.22,55.27,1,-1,-1,-1
97,91,856.34,305.08,24.18,60.98,1,-1,-1,-1
97,22,681.55,311.59,23.95,65.55,1,-1,-1,-1
97,20,533.98,329.73,32.13,72.33,1,-1,-1,-1
98,155,22.59,394.05,28.82,79.55,1,-1,-1,-1
98,153,658.11,313.36,21.76,71.13,1,-1,-1,-1
98,151,47.30,386.98,29.40,79.56,1,-1,-1,-1
98,148,326.03,355.14,21.47,57.34,1,-1,-1,-1
98,147,1191.57,290.71,22.95,58.46,1,-1,-1,-1
98,146,1066.08,296.14,26.73,70.72,1,-1,-1,-1
98,145,1025.82,310.26,27.97,69.57,1,-1,-1,-1
98,140,118.58,379.56,28.30,70.12,1,-1,-1,-1
98,139,1157.67,290.74,17.70,35.72,1,-1,-1,-1
98,133,983.16,306.30,28.90,72.27,1,-1,-1,-1
98,130,837.24,295.71,21.50,62.40,1,-1,-1,-1
98,118,553.64,351.62,34.93,85.44,1,-1,-1,-1
98,117,743.21,311.94,27.04,66.99,1,-1,-1,-1
98,116,579.48,343.00,33.85,82.87,1,-1,-1,-1
98,114,731.13,303.66,19.15,50.15,1,-1,-1,-1
98,113,728.47,327.76,27.37,66.96,1,-1,-1,-1
98,112,673.51,320.50,28.18,71.15,1,-1,-1,-1
98,111,616.08,325.18,26.57,60.67,1,-1,-1,-1
98,108,821.27,323.63,32.85,81.45,1,-1,-1,-1
98,106,948.16,306.15,24.67,63.36,1,-1,-1,-1
98,105,910.68,324.19,26.09,69.60,1,-1,-1,-1
98,96,722.17,312.15,22.10,56.47,1,-1,-1,-1
98,91,847.30,305.09,24.15,60.64,1,-1,-1,-1
98,90,758.55,322.89,33.71,78.59,1,-1,-1,-1
98,22,689.62,311.04,22.10,66.18,1,-1,-1,-1
98,20,522.01,331.72,33.36,72.30,1,-1,-1,-1
99,156,1235.08,289.60,19.95,62.18,1,-1,-1,-1
99,155,35.28,393.22,31.07,81.15,1,-1,-1,-1
99,153,669.36,312.93,21.05,69.95,1,-1,-1,-1
99,151,57.98,388.01,29.50,78.21,1,-1,-1,-1
99,148,335.84,352.47,25.33,59.85,1,-1,-1,-1
99,147,1184.83,290.49,23.47,57.41,1,-1,-1,-1
99,146,1061.58,296.51,25.66,70.10,1,-1,-1,-1
99,145,1018.00,310.11,28.38,69.90,1,-1,-1,-1
99,143,673.49,318.88,31.44,71.21,1,-1,-1,-1
99,140,129.33,379.09,29.38,71.30,1,-1,-1,-1
99,139,1153.33,290.45,18.22,34.49,1,-1,-1,-1
99,133,977.41,307.13,30.03,72.24,1,-1,-1,-1
99,130,835.37,296.91,24.30,64.67,1,-1,-1,-1
99,126,457.07,326.41,25.93,58.98,1,-1,-1,-1
99,118,565.03,353.02,37.38,85.00,1,-1,-1,-1
99,116,590.94,342.93,30.04,81.86,1,-1,-1,-1
99,114,739.53,307.84,18.69,51.83,1,-1,-1,-1
99,113,739.34,326.94,23.77,65.83,1,-1,-1,-1
99,112,681.72,321.22,30.43,71.60,1,-1,-1,-1
99,111,625.16,325.47,23.21,60.66,1,-1,-1,-1
99,108,830.29,325.17,35.21,79.44,1,-1,-1,-1
99,106,954.31,306.66,25.86,63.47,1,-1,-1,-1
99,105,916.56,323.02,27.30,70.11,1,-1,-1,-1
99,102,609.72,321.50,27.11,71.89,1,-1,-1,-1
99,96,715.30,313.62,23.37,56.94,1,-1,-1,-1
99,91,839.16,306.27,22.47,59.66,1,-1,-1,-1
99,90,744.56,323.39,32.22,79.13,1,-1,-1,-1
99,22,698.02,307.26,22.09,64.22,1,-1,-1,-1
99,20,510.94,333.52,32.64,71.85,1,-1,-1,-1
99,10,355.72,340.11,28.65,55.39,1,-1,-1,-1
