1,166,1166.16,252.43,11.38,31.18,1,-1,-1,-1
1,165,1155.15,245.09,11.38,34.85,1,-1,-1,-1
1,164,3.82,388.53,29.82,82.23,1,-1,-1,-1
2,166,1167.45,250.72,12.23,28.41,1,-1,-1,-1
2,165,1156.25,244.12,13.66,33.28,1,-1,-1,-1
2,164,12.58,392.53,31.41,79.20,1,-1,-1,-1
3,166,1170.37,250.90,12.68,27.69,1,-1,-1,-1
3,165,1159.28,246.04,14.70,32.69,1,-1,-1,-1
3,164,20.19,396.36,33.95,80.71,1,-1,-1,-1
4,166,1170.17,249.51,18.69,30.55,1,-1,-1,-1
4,165,1156.61,245.00,19.78,34.82,1,-1,-1,-1
4,164,21.02,397.16,34.96,80.62,1,-1,-1,-1
5,166,1175.77,249.53,16.17,28.30,1,-1,-1,-1
5,165,1161.26,243.70,17.95,32.77,1,-1,-1,-1
5,164,38.72,397.40,36.11,80.54,1,-1,-1,-1
6,166,1180.58,251.27,16.71,29.90,1,-1,-1,-1
6,165,1165.15,245.28,17.95,34.31,1,-1,-1,-1
6,164,48.59,399.19,35.84,78.51,1,-1,-1,-1
7,166,1184.80,251.22,15.08,28.29,1,-1,-1,-1
7,165,1167.71,246.12,16.26,32.50,1,-1,-1,-1
7,164,58.09,397.54,32.50,77.79,1,-1,-1,-1
8,166,1188.21,251.88,13.94,27.25,1,-1,-1,-1
8,165,1171.45,247.17,14.83,31.20,1,-1,-1,-1
8,164,69.38,398.02,31.56,76.49,1,-1,-1,-1
9,165,1175.10,247.83,13.60,30.23,1,-1,-1,-1
9,164,76.80,398.06,31.90,76.44,1,-1,-1,-1
10,171,1161.65,283.55,25.00,41.11,1,-1,-1,-1
10,170,1255.55,283.73,22.27,61.41,1,-1,-1,-1
10,165,1176.98,247.93,13.73,30.14,1,-1,-1,-1
10,164,83.00,398.83,29.50,74.88,1,-1,-1,-1
11,171,1136.77,280.74,25.00,41.11,1,-1,-1,-1
11,170,1246.78,282.44,23.92,60.71,1,-1,-1,-1
11,165,1179.25,247.38,14.75,32.56,1,-1,-1,-1
11,164,97.08,397.29,30.20,75.55,1,-1,-1,-1
12,172,1252.55,283.22,19.29,47.78,1,-1,-1,-1
12,171,1108.54,277.26,25.00,41.11,1,-1,-1,-1
12,170,1238.43,283.31,25.97,57.01,1,-1,-1,-1
12,166,1203.81,253.96,17.28,33.68,1,-1,-1,-1
12,165,1183.11,248.16,15.17,33.63,1,-1,-1,-1
12,164,106.12,395.94,33.29,76.65,1,-1,-1,-1
13,172,1248.41,283.18,21.72,51.62,1,-1,-1,-1
13,170,1229.38,285.02,27.50,57.46,1,-1,-1,-1
13,166,1207.72,252.68,15.79,31.59,1,-1,-1,-1
13,165,1184.69,247.34,15.49,33.87,1,-1,-1,-1
13,164,116.47,394.50,30.84,75.89,1,-1,-1,-1
14,172,1244.92,282.99,21.90,52.29,1,-1,-1,-1
14,170,1217.40,284.97,28.42,57.38,1,-1,-1,-1
14,166,1212.38,253.54,16.52,32.63,1,-1,-1,-1
14,164,128.30,392.38,30.89,76.24,1,-1,-1,-1
15,173,707.46,233.75,11.67,29.07,1,-1,-1,-1
15,172,1239.95,284.54,21.93,52.55,1,-1,-1,-1
15,170,1205.12,286.25,28.14,56.82,1,-1,-1,-1
15,166,1214.46,253.72,17.00,33.28,1,-1,-1,-1
15,164,137.03,390.60,33.46,77.40,1,-1,-1,-1
16,173,706.47,233.61,11.92,29.17,1,-1,-1,-1
16,172,1237.49,284.85,22.39,52.86,1,-1,-1,-1
16,170,1193.32,286.09,27.92,56.37,1,-1,-1,-1
16,166,1217.98,253.90,17.33,33.70,1,-1,-1,-1
16,164,145.09,389.57,34.59,77.83,1,-1,-1,-1
17,174,10.16,392.26,30.72,72.84,1,-1,-1,-1
17,173,706.17,233.59,12.06,29.16,1,-1,-1,-1
17,172,1232.18,285.65,22.65,52.92,1,-1,-1,-1
17,170,1178.68,286.11,27.74,55.99,1,-1,-1,-1
17,166,1221.04,253.89,17.56,33.98,1,-1,-1,-1
17,164,156.88,389.30,34.38,77.83,1,-1,-1,-1
18,174,11.55,391.90,33.22,73.56,1,-1,-1,-1
18,173,706.12,233.61,12.14,29.11,1,-1,-1,-1
18,172,1228.35,286.47,22.80,52.86,1,-1,-1,-1
18,170,1165.78,286.64,28.91,57.95,1,-1,-1,-1
18,166,1223.57,253.98,17.71,34.15,1,-1,-1,-1
18,164,167.67,389.26,37.09,78.48,1,-1,-1,-1
19,175,1203.64,247.71,16.95,39.74,1,-1,-1,-1
19,174,14.73,391.39,34.59,73.31,1,-1,-1,-1
19,172,1225.00,286.11,22.88,52.74,1,-1,-1,-1
19,170,1151.93,286.86,27.96,58.59,1,-1,-1,-1
19,166,1227.45,253.19,17.82,34.26,1,-1,-1,-1
19,164,176.43,388.63,36.32,78.69,1,-1,-1,-1
20,177,10.15,373.57,22.89,75.38,1,-1,-1,-1
20,176,1245.87,276.69,23.41,59.38,1,-1,-1,-1
20,175,1206.72,247.32,17.49,39.47,1,-1,-1,-1
20,174,22.38,390.98,32.09,71.04,1,-1,-1,-1
20,172,1221.54,285.48,22.91,52.59,1,-1,-1,-1
20,170,1137.10,285.50,29.53,59.74,1,-1,-1,-1
20,166,1231.93,252.51,17.89,34.33,1,-1,-1,-1
20,164,185.97,386.87,34.35,78.53,1,-1,-1,-1
21,177,19.72,372.04,21.77,73.15,1,-1,-1,-1
21,176,1238.47,278.16,24.07,58.42,1,-1,-1,-1
21,175,1210.17,247.79,17.79,39.13,1,-1,-1,-1
21,174,31.89,391.76,30.87,71.27,1,-1,-1,-1
21,172,1215.08,286.11,22.91,52.44,1,-1,-1,-1
21,170,1119.70,288.62,29.93,60.24,1,-1,-1,-1
21,166,1236.60,253.25,17.93,34.36,1,-1,-1,-1
21,164,197.61,384.73,36.94,79.31,1,-1,-1,-1
22,177,28.01,371.07,21.20,73.15,1,-1,-1,-1
22,176,1231.15,278.62,24.41,57.60,1,-1,-1,-1
22,175,1214.73,247.86,17.96,38.81,1,-1,-1,-1
22,174,37.93,390.85,31.71,71.88,1,-1,-1,-1
22,172,1209.64,286.94,22.90,52.29,1,-1,-1,-1
22,170,1101.40,287.89,30.18,60.54,1,-1,-1,-1
22,166,1240.74,253.61,17.95,34.37,1,-1,-1,-1
22,164,201.79,383.69,38.83,79.76,1,-1,-1,-1
23,181,20.67,357.98,21.03,70.14,1,-1,-1,-1
23,177,33.23,371.72,23.34,73.94,1,-1,-1,-1
23,176,1225.76,279.30,25.60,57.45,1,-1,-1,-1
23,175,1218.69,248.10,17.85,38.44,1,-1,-1,-1
23,174,43.43,391.09,29.81,70.98,1,-1,-1,-1
23,172,1204.53,287.26,21.87,51.91,1,-1,-1,-1
23,170,1084.47,289.03,29.15,60.49,1,-1,-1,-1
23,166,1243.78,253.75,17.67,34.33,1,-1,-1,-1
23,164,215.50,381.14,36.55,79.46,1,-1,-1,-1
24,181,28.62,357.15,24.01,71.52,1,-1,-1,-1
24,177,43.28,370.34,23.39,73.05,1,-1,-1,-1
24,176,1220.70,280.57,24.09,56.02,1,-1,-1,-1
24,175,1222.23,248.61,17.77,38.17,1,-1,-1,-1
24,174,52.04,389.74,28.50,70.46,1,-1,-1,-1
24,172,1198.10,287.68,23.09,52.07,1,-1,-1,-1
24,170,1066.87,289.80,31.43,60.92,1,-1,-1,-1
24,166,1247.56,253.53,17.46,34.30,1,-1,-1,-1
24,164,229.11,380.11,39.61,79.98,1,-1,-1,-1
25,181,30.36,357.31,25.68,71.31,1,-1,-1,-1
25,177,52.15,370.33,22.38,71.72,1,-1,-1,-1
25,176,1214.60,281.20,23.08,55.11,1,-1,-1,-1
25,175,1224.43,248.85,17.71,37.96,1,-1,-1,-1
25,174,58.83,388.39,31.94,72.00,1,-1,-1,-1
25,172,1192.83,287.43,23.97,52.12,1,-1,-1,-1
25,170,1048.67,290.38,31.20,60.88,1,-1,-1,-1
25,166,1250.41,253.58,17.31,34.27,1,-1,-1,-1
25,164,235.67,379.82,40.41,80.09,1,-1,-1,-1
26,185,1247.70,282.90,20.48,55.07,1,-1,-1,-1
26,181,39.41,357.73,24.72,69.47,1,-1,-1,-1
26,177,63.23,367.31,27.39,73.58,1,-1,-1,-1
26,176,1207.92,281.24,24.93,55.64,1,-1,-1,-1
26,175,1227.88,249.53,17.66,37.80,1,-1,-1,-1
26,174,63.08,388.10,32.72,72.19,1,-1,-1,-1
26,172,1186.62,287.83,23.06,52.46,1,-1,-1,-1
26,170,1029.49,290.47,31.05,61.74,1,-1,-1,-1
26,166,1254.78,253.83,17.19,34.24,1,-1,-1,-1
26,164,246.60,377.84,38.10,79.80,1,-1,-1,-1
27,188,9.27,376.60,28.76,79.79,1,-1,-1,-1
27,186,18.50,377.76,26.83,62.82,1,-1,-1,-1
27,185,1243.40,284.56,19.07,53.63,1,-1,-1,-1
27,181,42.40,358.19,24.09,68.29,1,-1,-1,-1
27,177,70.77,367.58,28.51,73.27,1,-1,-1,-1
27,176,1202.30,281.47,24.40,55.14,1,-1,-1,-1
27,175,1231.44,250.29,17.62,37.67,1,-1,-1,-1
27,174,69.65,387.93,30.45,71.40,1,-1,-1,-1
27,172,1182.18,287.88,22.38,52.73,1,-1,-1,-1
27,170,1010.89,291.16,30.91,62.36,1,-1,-1,-1
27,166,1258.36,253.77,17.09,34.21,1,-1,-1,-1
27,164,259.02,376.22,39.79,80.00,1,-1,-1,-1
28,190,41.55,361.79,31.18,70.27,1,-1,-1,-1
28,188,19.55,376.09,30.65,80.68,1,-1,-1,-1
28,186,25.54,375.62,30.21,65.40,1,-1,-1,-1
28,185,1238.06,284.59,18.30,53.10,1,-1,-1,-1
28,181,52.55,357.93,26.85,69.22,1,-1,-1,-1
28,177,76.83,368.20,26.82,72.13,1,-1,-1,-1
28,176,1197.11,282.10,22.97,54.41,1,-1,-1,-1
28,175,1234.50,250.60,17.59,37.57,1,-1,-1,-1
28,174,79.76,387.06,30.85,71.50,1,-1,-1,-1
28,172,1177.42,287.82,21.87,52.94,1,-1,-1,-1
28,170,993.29,290.80,33.75,63.20,1,-1,-1,-1
28,166,1261.83,254.96,17.08,35.38,1,-1,-1,-1
28,164,266.47,375.22,41.03,80.12,1,-1,-1,-1
29,190,51.46,362.63,30.10,69.26,1,-1,-1,-1
29,188,26.75,374.08,34.83,82.70,1,-1,-1,-1
29,186,32.84,375.27,31.03,65.41,1,-1,-1,-1
29,185,1229.99,282.59,22.49,56.84,1,-1,-1,-1
29,181,55.53,357.97,28.69,69.37,1,-1,-1,-1
29,177,86.29,366.93,30.42,72.66,1,-1,-1,-1
29,176,1188.53,282.34,24.90,54.89,1,-1,-1,-1
29,175,1238.88,250.85,17.56,37.48,1,-1,-1,-1
29,174,85.54,386.89,31.13,71.53,1,-1,-1,-1
29,172,1170.37,288.39,21.49,53.09,1,-1,-1,-1
29,170,971.82,291.51,33.90,63.48,1,-1,-1,-1
29,166,1265.09,255.34,15.81,35.94,1,-1,-1,-1
29,164,277.15,374.82,37.76,79.73,1,-1,-1,-1
30,190,67.77,360.66,27.83,65.21,1,-1,-1,-1
30,188,33.35,374.63,33.29,80.68,1,-1,-1,-1
30,186,39.69,375.03,27.60,62.80,1,-1,-1,-1
30,185,1225.73,282.60,22.71,56.70,1,-1,-1,-1
30,181,61.03,357.97,27.62,71.23,1,-1,-1,-1
30,177,96.06,366.47,29.19,71.25,1,-1,-1,-1
30,176,1181.38,282.67,26.26,55.07,1,-1,-1,-1
30,175,1241.53,250.95,17.54,37.41,1,-1,-1,-1
30,174,92.54,387.27,28.17,70.69,1,-1,-1,-1
30,172,1164.04,289.09,22.43,53.43,1,-1,-1,-1
30,170,952.50,290.67,35.22,63.77,1,-1,-1,-1
30,164,291.02,374.57,39.32,79.89,1,-1,-1,-1
31,190,75.85,359.59,30.18,68.02,1,-1,-1,-1
31,188,40.12,379.09,31.35,77.56,1,-1,-1,-1
31,185,1219.77,282.63,22.85,56.55,1,-1,-1,-1
31,177,101.31,361.19,26.86,61.67,1,-1,-1,-1
31,176,1173.96,283.05,25.05,54.61,1,-1,-1,-1
31,175,1244.77,251.29,17.51,37.36,1,-1,-1,-1
31,174,100.61,386.54,30.10,71.21,1,-1,-1,-1
31,172,1160.29,288.60,23.12,53.62,1,-1,-1,-1
31,170,932.01,292.12,33.72,63.72,1,-1,-1,-1
31,164,298.61,374.09,40.47,79.98,1,-1,-1,-1
32,193,1259.52,294.71,15.03,51.70,1,-1,-1,-1
32,188,47.67,380.31,33.74,77.22,1,-1,-1,-1
32,185,1213.38,283.03,23.92,56.85,1,-1,-1,-1
32,177,111.71,365.73,29.83,63.42,1,-1,-1,-1
32,176,1167.51,283.07,25.75,54.64,1,-1,-1,-1
32,175,1247.30,251.42,17.50,37.31,1,-1,-1,-1
32,174,104.73,386.24,31.50,71.49,1,-1,-1,-1
32,172,1155.18,288.26,23.28,53.69,1,-1,-1,-1
32,170,913.71,292.73,36.15,65.65,1,-1,-1,-1
32,164,308.61,370.48,37.04,79.60,1,-1,-1,-1
33,195,1246.77,287.20,15.28,48.60,1,-1,-1,-1
33,194,3.61,390.08,25.68,75.05,1,-1,-1,-1
33,193,1253.66,294.83,15.41,53.88,1,-1,-1,-1
33,188,55.05,379.15,34.97,76.58,1,-1,-1,-1
33,185,1207.38,283.67,23.90,56.63,1,-1,-1,-1
33,177,120.47,367.84,30.70,64.12,1,-1,-1,-1
33,176,1163.06,283.60,26.25,54.62,1,-1,-1,-1
33,175,1251.65,251.56,16.67,37.09,1,-1,-1,-1
33,174,112.15,384.93,31.82,71.50,1,-1,-1,-1
33,172,1148.33,288.40,22.84,53.65,1,-1,-1,-1
33,170,894.99,294.12,34.04,66.33,1,-1,-1,-1
33,164,321.90,370.06,38.56,79.75,1,-1,-1,-1
34,196,31.26,378.09,31.58,75.06,1,-1,-1,-1
34,195,1240.93,289.08,14.92,48.92,1,-1,-1,-1
34,194,8.69,394.41,27.55,75.54,1,-1,-1,-1
34,193,1248.98,293.56,17.36,56.94,1,-1,-1,-1
34,188,57.22,378.89,35.82,76.01,1,-1,-1,-1
34,186,58.26,370.34,30.77,63.77,1,-1,-1,-1
34,185,1201.38,282.41,23.97,57.62,1,-1,-1,-1
34,181,88.89,352.64,25.04,69.27,1,-1,-1,-1
34,177,123.22,368.58,31.31,64.55,1,-1,-1,-1
34,176,1156.95,284.04,24.22,54.12,1,-1,-1,-1
34,175,1255.34,251.64,16.07,36.93,1,-1,-1,-1
34,174,121.17,383.51,31.10,71.33,1,-1,-1,-1
34,172,1144.01,288.63,22.52,53.62,1,-1,-1,-1
34,170,875.98,292.76,34.55,67.19,1,-1,-1,-1
34,164,329.92,368.05,39.71,80.98,1,-1,-1,-1
35,196,37.26,378.40,31.57,72.30,1,-1,-1,-1
35,195,1237.20,289.88,17.13,53.74,1,-1,-1,-1
35,194,17.58,393.97,28.24,74.95,1,-1,-1,-1
35,193,1240.67,292.85,22.30,60.27,1,-1,-1,-1
35,190,109.25,355.16,25.54,66.55,1,-1,-1,-1
35,188,69.95,375.91,35.13,75.14,1,-1,-1,-1
35,186,71.00,368.93,31.13,63.68,1,-1,-1,-1
35,185,1194.42,281.51,25.30,58.83,1,-1,-1,-1
35,181,94.71,352.44,25.88,68.98,1,-1,-1,-1
35,177,132.05,367.98,33.47,65.09,1,-1,-1,-1
35,176,1150.74,284.54,22.74,53.75,1,-1,-1,-1
35,175,1256.69,251.69,15.63,36.82,1,-1,-1,-1
35,174,127.90,383.13,33.64,71.71,1,-1,-1,-1
35,172,1138.79,289.10,22.27,53.58,1,-1,-1,-1
35,170,856.65,293.74,33.66,67.64,1,-1,-1,-1
35,164,341.88,365.74,37.36,81.09,1,-1,-1,-1
36,197,1245.71,289.83,21.66,63.72,1,-1,-1,-1
36,196,42.67,377.90,28.87,69.90,1,-1,-1,-1
36,195,1231.74,290.59,18.18,56.03,1,-1,-1,-1
36,194,23.89,392.83,31.30,75.86,1,-1,-1,-1
36,193,1234.00,293.42,24.29,60.75,1,-1,-1,-1
36,190,122.10,352.63,25.10,68.26,1,-1,-1,-1
36,188,78.82,375.08,36.33,75.94,1,-1,-1,-1
36,186,78.53,368.52,33.07,64.06,1,-1,-1,-1
36,185,1189.65,281.83,26.23,59.54,1,-1,-1,-1
36,181,101.86,352.98,24.93,68.37,1,-1,-1,-1
36,177,144.26,367.57,31.14,64.82,1,-1,-1,-1
36,176,1144.08,287.85,23.81,55.48,1,-1,-1,-1
36,175,1261.92,252.55,15.30,36.75,1,-1,-1,-1
36,174,135.04,383.43,32.31,71.45,1,-1,-1,-1
36,172,1133.29,289.27,22.09,53.55,1,-1,-1,-1
36,170,837.88,295.02,35.59,68.23,1,-1,-1,-1
36,164,355.51,364.74,38.05,81.50,1,-1,-1,-1
37,197,1241.81,291.21,20.80,61.71,1,-1,-1,-1
37,196,50.25,376.91,30.14,71.13,1,-1,-1,-1
37,195,1225.88,290.28,17.55,55.86,1,-1,-1,-1
37,194,32.68,394.11,29.66,74.05,1,-1,-1,-1
37,193,1228.89,293.70,23.19,60.61,1,-1,-1,-1
37,190,128.28,351.24,24.77,69.57,1,-1,-1,-1
37,188,88.59,375.39,32.81,75.04,1,-1,-1,-1
37,186,85.72,368.80,31.29,63.41,1,-1,-1,-1
37,185,1184.00,282.38,25.09,59.44,1,-1,-1,-1
37,181,111.25,352.17,25.89,68.32,1,-1,-1,-1
37,177,151.46,364.92,29.42,64.63,1,-1,-1,-1
37,176,1138.17,287.37,23.12,55.34,1,-1,-1,-1
37,175,1264.89,252.95,14.42,36.56,1,-1,-1,-1
37,174,142.85,383.56,30.05,71.05,1,-1,-1,-1
37,172,1128.37,290.11,21.95,53.51,1,-1,-1,-1
37,170,817.89,296.90,35.27,68.46,1,-1,-1,-1
37,164,362.84,364.18,42.07,82.13,1,-1,-1,-1
38,198,1251.74,282.19,18.43,61.03,1,-1,-1,-1
38,197,1236.56,292.10,21.66,61.73,1,-1,-1,-1
38,196,58.36,376.30,32.60,72.76,1,-1,-1,-1
38,195,1218.46,289.55,18.21,56.60,1,-1,-1,-1
38,194,40.17,393.60,33.11,74.93,1,-1,-1,-1
38,193,1224.38,293.32,22.39,60.54,1,-1,-1,-1
38,190,138.44,349.20,25.58,71.20,1,-1,-1,-1
38,188,97.96,375.67,30.27,74.44,1,-1,-1,-1
38,186,94.10,367.41,30.10,64.25,1,-1,-1,-1
38,185,1177.31,282.30,24.26,59.38,1,-1,-1,-1
38,181,116.61,352.35,26.58,68.24,1,-1,-1,-1
38,177,158.28,363.72,31.77,64.99,1,-1,-1,-1
38,176,1130.88,286.80,22.98,54.79,1,-1,-1,-1
38,174,150.50,382.69,32.16,71.36,1,-1,-1,-1
38,172,1122.06,290.42,21.84,53.48,1,-1,-1,-1
38,170,796.73,297.53,35.03,68.62,1,-1,-1,-1
38,164,374.72,364.22,39.04,81.99,1,-1,-1,-1
39,198,1246.73,281.99,18.44,60.00,1,-1,-1,-1
39,197,1230.94,292.63,22.16,61.47,1,-1,-1,-1
39,196,65.53,374.46,30.98,73.14,1,-1,-1,-1
39,195,1215.71,288.86,18.63,56.92,1,-1,-1,-1
39,194,44.59,393.77,33.76,74.46,1,-1,-1,-1
39,193,1221.65,292.80,21.80,60.48,1,-1,-1,-1
39,190,150.10,347.82,24.71,71.56,1,-1,-1,-1
39,188,104.29,375.18,32.78,75.45,1,-1,-1,-1
39,186,100.05,366.01,33.91,66.39,1,-1,-1,-1
39,185,1172.05,283.13,23.65,59.35,1,-1,-1,-1
39,181,121.55,353.11,25.89,67.92,1,-1,-1,-1
39,177,165.37,362.69,33.49,65.17,1,-1,-1,-1
39,176,1126.60,286.66,22.87,54.38,1,-1,-1,-1
39,174,155.63,382.15,33.70,71.53,1,-1,-1,-1
39,172,1114.65,291.10,21.76,53.45,1,-1,-1,-1
39,170,775.16,299.91,34.83,68.72,1,-1,-1,-1
39,164,389.23,361.56,36.80,81.88,1,-1,-1,-1
40,198,1241.57,280.89,20.06,60.62,1,-1,-1,-1
40,197,1225.21,292.79,22.47,61.13,1,-1,-1,-1
40,196,74.73,372.63,29.87,73.63,1,-1,-1,-1
40,195,1211.35,287.47,18.88,56.65,1,-1,-1,-1
40,194,53.58,390.66,31.51,72.72,1,-1,-1,-1
40,193,1216.68,291.96,21.36,60.43,1,-1,-1,-1
40,190,158.66,347.03,24.09,71.91,1,-1,-1,-1
40,188,111.59,371.84,32.18,75.40,1,-1,-1,-1
40,186,107.33,365.73,32.95,66.73,1,-1,-1,-1
40,185,1164.65,283.44,23.12,59.31,1,-1,-1,-1
40,181,129.44,352.79,28.26,68.19,1,-1,-1,-1
40,177,170.96,361.32,33.00,65.08,1,-1,-1,-1
40,176,1118.50,285.25,23.42,54.47,1,-1,-1,-1
40,174,165.20,381.66,31.02,71.13,1,-1,-1,-1
40,172,1112.12,291.35,21.70,53.42,1,-1,-1,-1
40,170,754.77,300.55,34.68,68.79,1,-1,-1,-1
40,164,397.33,359.24,35.14,79.50,1,-1,-1,-1
41,199,1257.29,287.51,16.26,56.41,1,-1,-1,-1
41,198,1236.98,280.38,21.02,60.48,1,-1,-1,-1
41,197,1218.46,293.67,22.66,60.81,1,-1,-1,-1
41,196,81.76,370.57,33.83,76.67,1,-1,-1,-1
41,195,1206.61,287.94,19.17,55.10,1,-1,-1,-1
41,194,61.01,389.68,31.13,71.18,1,-1,-1,-1
41,193,1208.64,292.68,22.48,59.34,1,-1,-1,-1
41,190,170.78,343.73,23.53,67.09,1,-1,-1,-1
41,188,123.75,372.66,28.69,72.87,1,-1,-1,-1
41,185,1156.27,282.98,25.51,59.91,1,-1,-1,-1
41,181,135.67,352.94,29.23,68.20,1,-1,-1,-1
41,177,177.79,360.86,32.62,65.00,1,-1,-1,-1
41,176,1109.55,285.64,21.90,54.22,1,-1,-1,-1
41,174,174.38,381.84,31.11,71.12,1,-1,-1,-1
41,172,1104.41,293.15,21.68,54.45,1,-1,-1,-1
41,170,732.53,301.62,35.23,68.86,1,-1,-1,-1
41,164,408.17,357.55,32.84,76.18,1,-1,-1,-1
42,199,1250.38,286.91,19.89,58.63,1,-1,-1,-1
42,198,1232.22,282.07,20.15,59.94,1,-1,-1,-1
42,197,1213.54,293.66,24.53,61.31,1,-1,-1,-1
42,196,89.59,370.45,32.58,76.57,1,-1,-1,-1
42,195,1201.83,286.35,19.35,50.36,1,-1,-1,-1
42,194,68.58,390.73,32.30,70.40,1,-1,-1,-1
42,193,1203.52,293.63,24.63,60.28,1,-1,-1,-1
42,190,180.13,342.84,22.18,63.66,1,-1,-1,-1
42,188,131.80,373.29,30.98,71.35,1,-1,-1,-1
42,185,1151.14,282.87,27.24,60.22,1,-1,-1,-1
42,181,140.65,350.37,27.17,67.78,1,-1,-1,-1
42,177,189.17,360.75,32.34,64.93,1,-1,-1,-1
42,176,1101.18,286.36,24.13,54.56,1,-1,-1,-1
42,174,178.39,379.99,31.18,71.11,1,-1,-1,-1
42,172,1100.62,292.46,21.65,55.22,1,-1,-1,-1
42,170,710.21,301.97,35.63,68.89,1,-1,-1,-1
42,164,421.38,358.28,34.48,77.21,1,-1,-1,-1
43,200,12.12,386.02,34.54,76.62,1,-1,-1,-1
43,199,1244.21,287.25,22.16,57.78,1,-1,-1,-1
43,198,1227.42,283.76,21.85,57.08,1,-1,-1,-1
43,197,1207.87,292.70,24.10,60.30,1,-1,-1,-1
43,196,98.20,369.50,30.83,74.18,1,-1,-1,-1
43,195,1198.74,288.31,21.12,49.50,1,-1,-1,-1
43,194,77.05,391.85,31.07,70.02,1,-1,-1,-1
43,193,1196.05,295.64,23.47,59.47,1,-1,-1,-1
43,190,192.96,342.97,25.81,67.86,1,-1,-1,-1
43,188,138.88,370.62,30.00,71.60,1,-1,-1,-1
43,185,1144.47,283.80,26.77,60.42,1,-1,-1,-1
43,181,149.53,349.99,27.51,66.94,1,-1,-1,-1
43,177,196.00,362.96,31.82,63.85,1,-1,-1,-1
43,176,1094.98,285.72,24.17,54.68,1,-1,-1,-1
43,174,182.21,378.96,30.24,68.11,1,-1,-1,-1
43,172,1093.61,294.54,22.64,53.67,1,-1,-1,-1
43,170,688.83,305.10,34.70,68.35,1,-1,-1,-1
43,164,431.51,359.57,35.87,76.10,1,-1,-1,-1
44,200,19.99,385.13,33.65,75.43,1,-1,-1,-1
44,199,1239.31,288.25,22.04,56.06,1,-1,-1,-1
44,198,1222.22,285.27,21.84,54.88,1,-1,-1,-1
44,197,1203.80,294.83,23.47,59.45,1,-1,-1,-1
44,196,106.84,367.93,32.62,73.24,1,-1,-1,-1
44,195,1192.17,288.13,20.02,48.46,1,-1,-1,-1
44,194,82.56,388.13,28.66,66.43,1,-1,-1,-1
44,193,1192.53,296.26,22.05,58.74,1,-1,-1,-1
44,190,199.44,343.57,28.40,70.30,1,-1,-1,-1
44,188,146.05,368.51,29.28,71.81,1,-1,-1,-1
44,185,1137.85,283.78,26.42,60.56,1,-1,-1,-1
44,181,152.70,350.34,28.92,66.43,1,-1,-1,-1
44,177,204.75,362.26,31.36,63.73,1,-1,-1,-1
44,176,1088.30,284.75,22.83,54.57,1,-1,-1,-1
44,174,192.39,381.70,29.52,65.87,1,-1,-1,-1
44,172,1087.42,294.50,24.38,54.88,1,-1,-1,-1
44,170,669.40,305.09,35.44,67.95,1,-1,-1,-1
44,164,439.87,359.73,34.34,75.27,1,-1,-1,-1
45,200,22.19,385.09,33.10,74.72,1,-1,-1,-1
45,199,1235.45,288.91,21.95,54.85,1,-1,-1,-1
45,198,1215.26,286.25,21.90,54.57,1,-1,-1,-1
45,197,1198.33,292.84,22.95,56.80,1,-1,-1,-1
45,196,112.45,368.93,33.12,72.38,1,-1,-1,-1
45,195,1183.11,290.65,21.40,51.99,1,-1,-1,-1
45,194,91.45,389.11,31.27,69.02,1,-1,-1,-1
45,193,1189.70,295.91,21.00,58.02,1,-1,-1,-1
45,190,210.16,342.53,33.06,74.43,1,-1,-1,-1
45,188,154.56,367.85,33.19,72.98,1,-1,-1,-1
45,185,1131.25,284.31,26.15,60.66,1,-1,-1,-1
45,181,153.30,352.11,30.04,68.50,1,-1,-1,-1
45,177,209.70,361.92,33.74,63.86,1,-1,-1,-1
45,176,1078.64,284.17,25.12,54.94,1,-1,-1,-1
45,174,198.74,383.68,32.69,65.23,1,-1,-1,-1
45,172,1081.68,292.03,23.76,57.36,1,-1,-1,-1
45,170,646.19,307.05,35.00,67.63,1,-1,-1,-1
45,164,454.47,357.17,34.89,76.18,1,-1,-1,-1
46,202,1252.63,291.42,12.69,52.43,1,-1,-1,-1
46,200,31.37,383.15,36.96,76.61,1,-1,-1,-1
46,199,1229.54,289.60,23.31,55.82,1,-1,-1,-1
46,198,1209.43,286.80,21.93,54.30,1,-1,-1,-1
46,197,1192.32,293.14,22.56,54.91,1,-1,-1,-1
46,196,122.34,369.91,30.60,72.23,1,-1,-1,-1
46,195,1179.54,288.55,22.25,46.91,1,-1,-1,-1
46,194,95.25,388.87,33.11,70.60,1,-1,-1,-1
46,193,1182.52,293.17,20.22,55.04,1,-1,-1,-1
46,190,215.50,340.90,36.41,76.82,1,-1,-1,-1
46,188,156.71,367.55,36.04,73.62,1,-1,-1,-1
46,185,1124.36,283.77,25.95,60.73,1,-1,-1,-1
46,181,156.65,352.26,32.76,70.34,1,-1,-1,-1
46,177,218.30,360.88,32.70,63.71,1,-1,-1,-1
46,176,1072.06,285.34,26.81,55.16,1,-1,-1,-1
46,174,200.23,384.53,35.03,64.82,1,-1,-1,-1
46,172,1074.96,292.19,23.20,57.25,1,-1,-1,-1
46,170,623.23,308.20,37.15,68.84,1,-1,-1,-1
46,164,459.38,356.10,35.29,76.85,1,-1,-1,-1
47,202,1246.44,291.62,12.94,55.18,1,-1,-1,-1
47,200,35.89,382.93,37.91,76.44,1,-1,-1,-1
47,199,1225.14,289.98,23.50,55.92,1,-1,-1,-1
47,198,1203.95,286.89,23.02,54.40,1,-1,-1,-1
47,197,1186.70,296.39,22.44,56.52,1,-1,-1,-1
47,196,132.43,369.64,32.60,73.53,1,-1,-1,-1
47,194,103.69,389.12,30.30,70.53,1,-1,-1,-1
47,193,1176.60,295.73,19.67,55.51,1,-1,-1,-1
47,190,227.44,339.18,35.18,76.40,1,-1,-1,-1
47,188,166.99,367.54,32.60,73.16,1,-1,-1,-1
47,185,1116.92,282.74,27.23,60.96,1,-1,-1,-1
47,181,166.04,352.14,32.80,69.14,1,-1,-1,-1
47,177,226.16,359.16,31.11,64.26,1,-1,-1,-1
47,176,1064.94,288.52,26.30,56.93,1,-1,-1,-1
47,174,211.33,381.25,32.59,65.90,1,-1,-1,-1
47,170,600.41,310.39,37.09,68.65,1,-1,-1,-1
47,164,469.35,353.64,35.59,77.33,1,-1,-1,-1
48,203,1252.53,291.54,20.75,67.87,1,-1,-1,-1
48,202,1240.05,289.99,15.90,60.63,1,-1,-1,-1
48,200,43.25,383.29,35.92,75.08,1,-1,-1,-1
48,199,1221.95,290.22,22.63,55.54,1,-1,-1,-1
48,198,1199.12,287.27,23.78,54.38,1,-1,-1,-1
48,197,1178.55,296.90,23.79,58.34,1,-1,-1,-1
48,196,139.18,367.60,33.41,74.17,1,-1,-1,-1
48,193,1169.85,297.53,22.12,56.63,1,-1,-1,-1
48,190,238.44,342.29,34.71,76.79,1,-1,-1,-1
48,188,179.08,367.38,33.41,73.38,1,-1,-1,-1
48,185,1111.95,283.15,28.39,60.74,1,-1,-1,-1
48,181,169.59,352.35,29.50,68.18,1,-1,-1,-1
48,177,238.28,358.70,29.93,64.69,1,-1,-1,-1
48,176,1056.77,287.84,27.00,56.50,1,-1,-1,-1
48,174,221.69,379.89,33.56,66.69,1,-1,-1,-1
48,170,573.45,311.17,38.83,68.55,1,-1,-1,-1
48,164,483.20,352.68,35.81,77.69,1,-1,-1,-1
49,203,1247.32,290.98,22.18,70.96,1,-1,-1,-1
49,202,1234.78,288.68,17.60,62.42,1,-1,-1,-1
49,200,52.43,382.92,38.48,75.67,1,-1,-1,-1
49,199,1217.32,290.44,23.40,56.97,1,-1,-1,-1
49,198,1193.58,288.71,22.73,55.24,1,-1,-1,-1
49,197,1173.56,297.23,24.65,60.07,1,-1,-1,-1
49,196,146.54,365.15,31.63,74.00,1,-1,-1,-1
49,193,1165.59,295.87,24.01,59.52,1,-1,-1,-1
49,190,244.91,341.80,38.17,74.62,1,-1,-1,-1
49,188,185.21,367.16,34.00,73.51,1,-1,-1,-1
49,185,1106.24,283.72,27.56,60.42,1,-1,-1,-1
49,181,171.26,352.66,27.07,67.36,1,-1,-1,-1
49,177,247.04,357.91,30.02,65.17,1,-1,-1,-1
49,176,1051.30,288.55,27.51,56.18,1,-1,-1,-1
49,174,225.08,379.27,34.28,67.25,1,-1,-1,-1
49,170,548.95,314.49,37.29,68.37,1,-1,-1,-1
49,164,492.46,352.19,38.41,78.18,1,-1,-1,-1
50,204,122.29,380.33,31.27,71.82,1,-1,-1,-1
50,203,1242.22,290.65,22.87,72.08,1,-1,-1,-1
50,202,1226.95,288.73,18.64,62.94,1,-1,-1,-1
50,200,57.27,382.59,40.22,75.77,1,-1,-1,-1
50,199,1211.99,289.85,23.89,57.86,1,-1,-1,-1
50,198,1187.92,288.08,21.94,55.93,1,-1,-1,-1
50,197,1167.31,297.59,24.99,61.17,1,-1,-1,-1
50,196,155.20,362.63,34.53,74.90,1,-1,-1,-1
50,193,1163.60,294.83,25.34,61.39,1,-1,-1,-1
50,190,252.93,341.93,36.78,73.19,1,-1,-1,-1
50,188,192.18,365.01,31.41,73.16,1,-1,-1,-1
50,185,1100.03,284.96,26.95,60.17,1,-1,-1,-1
50,181,182.84,351.11,25.27,66.67,1,-1,-1,-1
50,177,249.95,357.56,30.08,65.52,1,-1,-1,-1
50,176,1046.26,288.06,27.89,55.95,1,-1,-1,-1
50,174,235.79,379.28,30.07,67.03,1,-1,-1,-1
50,172,1049.79,293.49,24.80,59.08,1,-1,-1,-1
50,170,527.00,314.32,37.67,68.28,1,-1,-1,-1
50,164,502.61,350.01,36.56,78.18,1,-1,-1,-1
51,204,130.68,378.95,32.78,72.35,1,-1,-1,-1
51,203,1235.51,289.79,23.23,72.44,1,-1,-1,-1
51,202,1220.04,288.90,20.56,64.56,1,-1,-1,-1
51,200,64.55,381.54,39.12,75.08,1,-1,-1,-1
51,199,1207.84,290.35,23.47,58.44,1,-1,-1,-1
51,198,1182.80,287.29,21.36,56.49,1,-1,-1,-1
51,197,1160.23,297.65,25.22,61.92,1,-1,-1,-1
51,196,162.26,361.25,36.63,75.42,1,-1,-1,-1
51,194,135.01,381.52,33.26,72.04,1,-1,-1,-1
51,193,1155.46,294.02,26.28,62.63,1,-1,-1,-1
51,190,263.88,339.97,34.75,72.06,1,-1,-1,-1
51,188,203.80,364.58,30.89,73.12,1,-1,-1,-1
51,185,1094.20,286.11,26.49,59.98,1,-1,-1,-1
51,181,189.63,350.69,23.93,66.11,1,-1,-1,-1
51,177,261.38,357.20,31.48,65.90,1,-1,-1,-1
51,176,1035.12,288.02,28.16,55.77,1,-1,-1,-1
51,174,243.39,376.53,30.25,68.40,1,-1,-1,-1
51,172,1040.58,294.15,24.92,59.28,1,-1,-1,-1
51,170,500.30,317.45,35.65,68.11,1,-1,-1,-1
51,164,514.90,346.58,34.48,78.10,1,-1,-1,-1
52,204,145.10,381.42,28.08,66.51,1,-1,-1,-1
52,203,1227.10,288.41,26.19,74.25,1,-1,-1,-1
52,202,1214.77,289.09,21.18,64.84,1,-1,-1,-1
52,200,71.31,380.66,38.32,74.58,1,-1,-1,-1
52,199,1204.31,290.71,21.54,58.30,1,-1,-1,-1
52,198,1177.06,287.77,20.92,56.92,1,-1,-1,-1
52,197,1157.22,299.35,25.60,62.30,1,-1,-1,-1
52,196,170.29,361.03,34.52,75.12,1,-1,-1,-1
52,194,142.32,382.55,33.66,70.54,1,-1,-1,-1
52,193,1149.59,293.69,25.18,63.12,1,-1,-1,-1
52,190,275.19,335.70,37.40,71.38,1,-1,-1,-1
52,188,210.08,364.25,33.57,73.51,1,-1,-1,-1
52,185,1086.57,286.99,25.12,59.72,1,-1,-1,-1
52,181,192.17,350.66,22.95,65.66,1,-1,-1,-1
52,177,268.89,355.37,30.47,65.97,1,-1,-1,-1
52,176,1027.57,289.11,28.36,55.64,1,-1,-1,-1
52,174,251.02,375.11,32.06,69.73,1,-1,-1,-1
52,172,1034.57,295.12,24.39,59.62,1,-1,-1,-1
52,170,477.84,318.17,37.25,69.12,1,-1,-1,-1
52,164,525.25,345.42,38.66,78.57,1,-1,-1,-1
53,204,153.83,383.66,24.05,62.62,1,-1,-1,-1
53,203,1222.87,287.99,28.10,74.70,1,-1,-1,-1
53,202,1206.05,291.94,22.59,63.98,1,-1,-1,-1
53,200,80.26,380.13,40.79,74.87,1,-1,-1,-1
53,199,1198.79,291.40,20.13,58.25,1,-1,-1,-1
53,198,1169.90,287.54,21.86,57.59,1,-1,-1,-1
53,197,1150.69,298.77,25.86,62.53,1,-1,-1,-1
53,196,181.40,360.92,32.97,74.90,1,-1,-1,-1
53,194,152.00,383.21,32.23,68.85,1,-1,-1,-1
53,193,1141.80,296.90,24.36,63.50,1,-1,-1,-1
53,190,286.17,334.37,34.88,70.65,1,-1,-1,-1
53,188,218.01,364.10,32.74,73.41,1,-1,-1,-1
53,185,1080.56,287.04,25.15,59.63,1,-1,-1,-1
53,181,205.86,349.93,22.22,65.32,1,-1,-1,-1
53,177,275.71,354.73,28.88,65.93,1,-1,-1,-1
53,176,1019.78,289.98,25.86,55.35,1,-1,-1,-1
53,174,256.83,373.41,32.24,70.46,1,-1,-1,-1
53,172,1029.61,294.69,24.00,59.88,1,-1,-1,-1
53,170,453.94,319.99,37.12,69.70,1,-1,-1,-1
53,164,535.29,345.06,40.11,78.74,1,-1,-1,-1
54,204,159.93,383.81,24.24,62.81,1,-1,-1,-1
54,203,1215.30,288.86,27.83,74.03,1,-1,-1,-1
54,202,1198.97,293.24,21.91,62.81,1,-1,-1,-1
54,200,87.56,379.79,41.52,74.75,1,-1,-1,-1
54,199,1193.53,289.40,19.10,58.24,1,-1,-1,-1
54,198,1163.93,286.59,22.54,58.01,1,-1,-1,-1
54,197,1144.00,298.34,26.05,62.68,1,-1,-1,-1
54,196,189.99,359.75,36.07,75.45,1,-1,-1,-1
54,194,159.92,381.61,31.46,68.15,1,-1,-1,-1
54,193,1133.97,296.39,24.92,63.99,1,-1,-1,-1
54,190,292.59,334.26,33.77,72.45,1,-1,-1,-1
54,188,226.07,362.81,32.13,73.34,1,-1,-1,-1
54,185,1073.65,287.70,27.66,59.79,1,-1,-1,-1
54,181,212.95,349.21,23.14,65.25,1,-1,-1,-1
54,177,287.68,353.48,28.72,66.00,1,-1,-1,-1
54,176,1012.13,290.36,24.02,55.11,1,-1,-1,-1
54,174,265.99,372.08,30.64,70.75,1,-1,-1,-1
54,172,1023.66,295.07,23.72,60.07,1,-1,-1,-1
54,170,430.00,322.09,39.04,70.28,1,-1,-1,-1
54,164,538.31,344.96,41.19,78.85,1,-1,-1,-1
55,204,166.45,382.92,25.60,63.84,1,-1,-1,-1
55,203,1209.39,289.58,27.61,73.48,1,-1,-1,-1
55,202,1189.14,294.36,22.94,62.32,1,-1,-1,-1
55,200,93.97,379.97,39.50,74.16,1,-1,-1,-1
55,199,1186.12,291.02,18.31,56.76,1,-1,-1,-1
55,198,1158.75,284.28,22.13,58.04,1,-1,-1,-1
55,197,1134.64,299.26,28.55,63.11,1,-1,-1,-1
55,196,197.99,357.57,34.40,75.21,1,-1,-1,-1
55,194,169.34,381.95,31.75,67.71,1,-1,-1,-1
55,193,1127.00,297.66,27.31,64.55,1,-1,-1,-1
55,190,304.52,333.71,34.36,74.25,1,-1,-1,-1
55,188,232.27,362.24,33.64,73.52,1,-1,-1,-1
55,185,1066.77,287.27,27.81,59.74,1,-1,-1,-1
55,181,221.72,349.61,23.81,65.19,1,-1,-1,-1
55,177,291.86,353.02,28.60,66.05,1,-1,-1,-1
55,176,1004.86,291.24,23.15,54.95,1,-1,-1,-1
55,174,274.09,371.20,32.54,71.39,1,-1,-1,-1
55,172,1016.68,294.79,23.50,60.21,1,-1,-1,-1
55,170,407.47,323.91,38.55,70.54,1,-1,-1,-1
55,164,554.35,343.33,41.98,78.92,1,-1,-1,-1
56,204,176.65,383.64,24.69,63.26,1,-1,-1,-1
56,202,1185.61,294.87,23.65,61.87,1,-1,-1,-1
56,200,104.28,379.30,40.09,74.09,1,-1,-1,-1
56,199,1183.71,291.91,17.73,55.63,1,-1,-1,-1
56,198,1157.13,283.41,21.82,58.05,1,-1,-1,-1
56,197,1130.94,299.55,30.38,63.33,1,-1,-1,-1
56,196,209.69,357.52,33.17,75.04,1,-1,-1,-1
56,194,175.76,381.69,31.70,67.36,1,-1,-1,-1
56,193,1124.23,298.07,29.06,64.87,1,-1,-1,-1
56,190,314.51,331.88,34.76,74.95,1,-1,-1,-1
56,188,237.57,361.70,34.76,73.63,1,-1,-1,-1
56,185,1064.44,287.10,27.92,59.69,1,-1,-1,-1
56,181,233.03,349.95,24.30,63.16,1,-1,-1,-1
56,177,297.37,350.87,28.54,67.31,1,-1,-1,-1
56,176,1002.63,291.58,22.51,54.84,1,-1,-1,-1
56,174,277.49,371.16,33.94,71.82,1,-1,-1,-1
56,172,1014.38,294.65,23.34,60.31,1,-1,-1,-1
56,170,385.05,324.08,39.66,70.82,1,-1,-1,-1
56,164,565.87,342.99,40.59,78.85,1,-1,-1,-1
57,204,182.67,385.06,23.15,62.04,1,-1,-1,-1
57,200,111.35,378.57,40.50,73.99,1,-1,-1,-1
57,199,1177.03,294.67,18.67,58.40,1,-1,-1,-1
57,198,1147.88,284.81,21.59,58.05,1,-1,-1,-1
57,197,1123.89,299.93,29.12,63.17,1,-1,-1,-1
57,196,219.86,357.41,34.47,75.24,1,-1,-1,-1
57,194,181.68,381.80,34.04,67.30,1,-1,-1,-1
57,193,1114.63,297.65,26.36,64.69,1,-1,-1,-1
57,190,323.69,331.38,31.59,74.92,1,-1,-1,-1
57,188,248.44,361.32,32.31,73.35,1,-1,-1,-1
57,185,1053.68,288.24,28.00,59.65,1,-1,-1,-1
57,181,240.92,350.39,23.23,61.79,1,-1,-1,-1
57,177,308.58,349.78,31.55,68.75,1,-1,-1,-1
57,176,992.26,291.03,22.03,54.75,1,-1,-1,-1
57,174,285.00,368.59,31.04,69.70,1,-1,-1,-1
57,172,1005.91,294.56,23.22,60.38,1,-1,-1,-1
57,170,362.91,326.03,39.08,70.93,1,-1,-1,-1
57,164,579.19,342.25,38.07,78.69,1,-1,-1,-1
58,207,1249.30,287.92,24.93,78.90,1,-1,-1,-1
58,200,118.18,377.87,38.00,72.68,1,-1,-1,-1
58,199,1169.65,295.00,19.32,60.30,1,-1,-1,-1
58,198,1142.61,285.35,21.41,58.04,1,-1,-1,-1
58,197,1118.48,299.98,30.08,63.24,1,-1,-1,-1
58,196,226.67,356.66,35.43,75.37,1,-1,-1,-1
58,194,188.33,379.92,34.72,63.97,1,-1,-1,-1
58,193,1107.27,297.43,25.90,64.70,1,-1,-1,-1
58,190,337.34,330.70,33.70,73.72,1,-1,-1,-1
58,188,256.51,360.96,33.90,73.93,1,-1,-1,-1
58,185,1046.10,288.72,26.84,59.51,1,-1,-1,-1
58,181,246.29,349.23,22.44,60.72,1,-1,-1,-1
58,177,315.86,349.54,31.69,70.01,1,-1,-1,-1
58,176,982.23,290.54,25.65,56.27,1,-1,-1,-1
58,174,294.06,369.67,32.14,69.97,1,-1,-1,-1
58,172,997.81,294.76,23.13,60.43,1,-1,-1,-1
58,170,343.23,324.69,38.64,71.01,1,-1,-1,-1
58,164,591.84,341.37,40.97,78.88,1,-1,-1,-1
59,208,249.15,336.48,14.59,50.89,1,-1,-1,-1
59,207,1245.22,289.11,24.75,76.40,1,-1,-1,-1
59,203,1187.02,290.75,27.10,72.19,1,-1,-1,-1
59,200,124.29,376.43,36.17,71.66,1,-1,-1,-1
59,199,1162.03,295.01,21.77,62.27,1,-1,-1,-1
59,198,1135.00,286.94,21.28,58.02,1,-1,-1,-1
59,197,1113.92,300.17,27.07,62.88,1,-1,-1,-1
59,196,231.26,357.83,32.61,74.99,1,-1,-1,-1
59,194,193.93,379.01,35.15,63.15,1,-1,-1,-1
59,193,1104.01,297.39,24.35,64.58,1,-1,-1,-1
59,190,344.72,331.16,34.59,72.87,1,-1,-1,-1
59,188,262.26,360.76,35.06,74.31,1,-1,-1,-1
59,185,1037.94,288.61,25.99,59.40,1,-1,-1,-1
59,181,254.99,348.34,20.57,59.92,1,-1,-1,-1
59,177,320.96,348.71,30.56,70.74,1,-1,-1,-1
59,176,978.15,290.19,28.32,57.15,1,-1,-1,-1
59,174,301.26,369.75,32.94,70.15,1,-1,-1,-1
59,172,988.37,295.21,24.96,60.60,1,-1,-1,-1
59,164,595.56,341.06,43.12,79.01,1,-1,-1,-1
60,208,257.88,338.22,22.79,70.29,1,-1,-1,-1
60,207,1239.71,290.42,23.30,73.67,1,-1,-1,-1
60,203,1182.03,291.22,25.52,71.49,1,-1,-1,-1
60,202,1164.46,293.36,19.90,55.51,1,-1,-1,-1
60,200,134.94,376.35,38.47,71.27,1,-1,-1,-1
60,199,1154.40,294.99,21.67,62.98,1,-1,-1,-1
60,198,1128.41,287.53,21.18,58.00,1,-1,-1,-1
60,197,1108.00,300.88,24.84,62.59,1,-1,-1,-1
60,196,239.92,354.75,31.69,72.73,1,-1,-1,-1
60,194,202.52,380.06,31.45,62.95,1,-1,-1,-1
60,193,1097.18,297.38,23.19,64.47,1,-1,-1,-1
60,190,351.70,329.47,32.47,73.20,1,-1,-1,-1
60,188,272.12,360.85,32.56,74.20,1,-1,-1,-1
60,185,1032.41,289.41,27.73,61.36,1,-1,-1,-1
60,181,265.54,346.14,19.19,59.25,1,-1,-1,-1
60,177,330.10,347.66,33.22,71.78,1,-1,-1,-1
60,176,967.33,289.79,27.41,57.41,1,-1,-1,-1
60,174,306.35,369.79,33.54,70.28,1,-1,-1,-1
60,172,982.20,295.35,26.30,60.71,1,-1,-1,-1
60,164,608.83,339.59,41.93,78.94,1,-1,-1,-1
61,208,262.92,342.82,25.31,72.05,1,-1,-1,-1
61,203,1177.41,292.12,24.40,71.00,1,-1,-1,-1
61,202,1159.23,292.72,19.33,54.45,1,-1,-1,-1
61,200,139.99,377.39,40.15,70.97,1,-1,-1,-1
61,199,1144.81,295.36,23.05,63.44,1,-1,-1,-1
61,198,1121.67,286.71,21.10,57.98,1,-1,-1,-1
61,197,1098.24,300.75,27.09,62.82,1,-1,-1,-1
61,196,251.29,357.36,30.99,71.03,1,-1,-1,-1
61,194,211.27,377.77,33.18,66.21,1,-1,-1,-1
61,193,1089.25,297.86,25.88,64.54,1,-1,-1,-1
61,190,363.91,327.89,33.39,73.87,1,-1,-1,-1
61,188,283.17,359.14,30.70,74.11,1,-1,-1,-1
61,185,1025.06,289.32,27.24,62.35,1,-1,-1,-1
61,181,269.44,345.49,18.17,58.71,1,-1,-1,-1
61,177,335.93,345.57,33.60,72.29,1,-1,-1,-1
61,176,957.98,290.38,28.25,57.77,1,-1,-1,-1
61,174,314.62,368.13,31.61,70.17,1,-1,-1,-1
61,172,975.23,296.20,24.84,60.62,1,-1,-1,-1
61,164,621.91,339.67,43.02,78.99,1,-1,-1,-1
62,208,280.65,338.73,29.89,74.56,1,-1,-1,-1
62,202,1157.63,292.67,18.92,53.69,1,-1,-1,-1
62,200,146.12,377.25,39.50,70.55,1,-1,-1,-1
62,199,1136.95,293.58,24.06,63.70,1,-1,-1,-1
62,198,1118.51,286.39,21.04,57.95,1,-1,-1,-1
62,197,1093.22,299.60,28.74,62.95,1,-1,-1,-1
62,196,259.47,354.36,30.69,71.67,1,-1,-1,-1
62,194,216.67,376.27,34.40,68.49,1,-1,-1,-1
62,193,1085.31,298.03,27.85,64.55,1,-1,-1,-1
62,190,372.02,326.46,36.16,74.57,1,-1,-1,-1
62,188,291.03,358.34,32.66,74.45,1,-1,-1,-1
62,185,1019.32,288.91,26.87,63.12,1,-1,-1,-1
62,177,341.08,344.73,33.88,72.65,1,-1,-1,-1
62,176,953.45,290.61,27.23,57.87,1,-1,-1,-1
62,174,322.54,367.42,33.50,70.37,1,-1,-1,-1
62,172,969.42,296.46,25.90,60.68,1,-1,-1,-1
62,164,630.64,339.80,41.25,78.88,1,-1,-1,-1
63,200,157.08,377.31,38.87,70.22,1,-1,-1,-1
63,197,1086.57,299.30,26.53,62.69,1,-1,-1,-1
63,196,268.30,348.25,30.41,73.64,1,-1,-1,-1
63,194,226.71,377.09,31.27,69.24,1,-1,-1,-1
63,193,1078.50,297.65,26.13,64.34,1,-1,-1,-1
63,190,380.79,324.94,35.89,74.79,1,-1,-1,-1
63,188,298.11,357.30,32.77,74.53,1,-1,-1,-1
63,185,1011.89,287.98,26.59,63.70,1,-1,-1,-1
63,177,352.72,343.17,32.08,72.74,1,-1,-1,-1
63,176,943.87,289.44,26.48,57.95,1,-1,-1,-1
63,174,328.74,367.31,34.19,70.44,1,-1,-1,-1
63,172,962.91,296.84,26.69,60.72,1,-1,-1,-1
63,164,642.54,338.79,39.93,78.79,1,-1,-1,-1
64,200,164.88,376.90,38.41,69.97,1,-1,-1,-1
64,196,272.33,343.02,30.19,75.16,1,-1,-1,-1
64,194,234.91,373.57,32.61,69.47,1,-1,-1,-1
64,190,392.02,323.47,35.69,74.96,1,-1,-1,-1
64,188,309.58,356.89,31.22,74.42,1,-1,-1,-1
64,185,1003.34,287.51,26.38,64.13,1,-1,-1,-1
64,177,359.98,342.60,30.74,72.81,1,-1,-1,-1
64,176,934.09,290.45,27.82,58.16,1,-1,-1,-1
64,174,337.18,366.71,32.69,70.34,1,-1,-1,-1
64,172,955.33,297.02,25.22,60.63,1,-1,-1,-1
64,164,657.09,338.22,38.96,78.73,1,-1,-1,-1
65,211,241.08,372.13,28.58,67.05,1,-1,-1,-1
65,200,170.85,375.96,38.07,69.77,1,-1,-1,-1
65,196,281.58,342.24,27.90,75.57,1,-1,-1,-1
65,194,241.71,372.24,33.59,69.61,1,-1,-1,-1
65,190,398.97,322.94,35.54,75.07,1,-1,-1,-1
65,188,317.24,356.11,31.82,74.53,1,-1,-1,-1
65,181,288.94,352.19,24.38,70.08,1,-1,-1,-1
65,177,370.04,342.08,32.10,70.46,1,-1,-1,-1
65,176,927.74,290.51,28.35,58.27,1,-1,-1,-1
65,174,346.27,367.14,34.43,70.48,1,-1,-1,-1
65,172,948.30,296.79,24.13,60.54,1,-1,-1,-1
65,170,205.50,344.49,31.82,63.32,1,-1,-1,-1
65,164,666.73,335.06,38.24,78.67,1,-1,-1,-1
66,211,249.93,373.50,25.72,65.80,1,-1,-1,-1
66,208,318.66,341.19,23.04,68.55,1,-1,-1,-1
66,200,176.40,375.67,37.81,69.62,1,-1,-1,-1
66,196,288.17,338.87,26.19,72.81,1,-1,-1,-1
66,194,248.86,371.77,34.32,69.70,1,-1,-1,-1
66,190,401.17,322.77,35.43,75.15,1,-1,-1,-1
66,188,324.42,355.83,32.27,74.60,1,-1,-1,-1
66,181,295.96,352.48,24.68,69.57,1,-1,-1,-1
66,177,373.23,342.27,33.08,68.88,1,-1,-1,-1
66,174,351.92,367.31,35.71,70.57,1,-1,-1,-1
66,170,186.95,342.51,33.49,62.32,1,-1,-1,-1
66,164,677.10,334.61,37.71,78.63,1,-1,-1,-1
67,211,258.03,373.24,29.13,69.28,1,-1,-1,-1
67,208,327.79,340.02,22.15,67.84,1,-1,-1,-1
67,200,187.47,374.97,37.62,69.50,1,-1,-1,-1
67,196,292.26,337.46,24.68,70.27,1,-1,-1,-1
67,194,258.78,369.20,33.91,70.74,1,-1,-1,-1
67,190,419.17,319.84,35.34,75.21,1,-1,-1,-1
67,188,334.47,353.20,31.56,74.55,1,-1,-1,-1
67,181,305.21,349.76,27.78,71.49,1,-1,-1,-1
67,177,382.47,343.02,33.43,68.75,1,-1,-1,-1
67,174,360.29,366.54,34.68,70.50,1,-1,-1,-1
67,170,165.65,344.69,32.74,64.26,1,-1,-1,-1
67,164,689.21,333.57,37.31,78.60,1,-1,-1,-1
68,211,265.54,371.01,28.39,69.13,1,-1,-1,-1
68,208,330.88,339.66,21.53,67.38,1,-1,-1,-1
68,200,194.50,374.68,39.12,69.56,1,-1,-1,-1
68,196,295.58,337.55,23.54,68.27,1,-1,-1,-1
68,194,268.05,367.77,33.61,71.53,1,-1,-1,-1
68,190,427.91,318.68,37.56,75.43,1,-1,-1,-1
68,188,343.01,352.13,33.64,74.75,1,-1,-1,-1
68,181,311.47,349.74,28.44,70.94,1,-1,-1,-1
68,177,390.70,339.92,33.70,68.65,1,-1,-1,-1
68,174,366.90,366.28,33.92,70.44,1,-1,-1,-1
68,170,145.90,345.20,33.56,66.99,1,-1,-1,-1
68,164,696.10,333.22,37.02,78.57,1,-1,-1,-1
69,211,270.71,369.98,29.59,70.64,1,-1,-1,-1
69,208,344.64,336.32,21.09,67.06,1,-1,-1,-1
69,200,201.87,373.59,38.32,69.42,1,-1,-1,-1
69,196,303.24,337.17,22.69,66.72,1,-1,-1,-1
69,190,435.88,318.31,38.08,75.49,1,-1,-1,-1
69,188,349.09,350.84,35.17,74.88,1,-1,-1,-1
69,181,318.45,347.68,28.28,70.27,1,-1,-1,-1
69,177,399.61,339.07,31.13,69.42,1,-1,-1,-1
69,174,377.06,366.51,35.18,70.52,1,-1,-1,-1
69,170,125.78,347.00,34.08,68.02,1,-1,-1,-1
70,211,278.93,369.85,27.83,69.52,1,-1,-1,-1
70,208,353.01,334.51,20.77,66.83,1,-1,-1,-1
70,200,208.72,372.45,37.72,69.31,1,-1,-1,-1
70,196,309.88,337.29,22.06,65.54,1,-1,-1,-1
70,190,444.13,318.21,38.46,75.52,1,-1,-1,-1
70,188,358.66,349.62,32.61,74.67,1,-1,-1,-1
70,181,325.59,345.96,30.28,69.83,1,-1,-1,-1
70,177,406.67,339.41,30.40,70.28,1,-1,-1,-1
70,174,383.23,364.47,35.18,70.52,1,-1,-1,-1
70,170,103.47,347.43,34.46,68.77,1,-1,-1,-1
71,211,289.80,368.45,25.06,68.46,1,-1,-1,-1
71,208,358.30,336.53,20.49,65.34,1,-1,-1,-1
71,200,217.52,372.65,37.28,69.23,1,-1,-1,-1
71,196,317.45,336.36,24.28,64.93,1,-1,-1,-1
71,190,454.85,316.99,38.74,75.54,1,-1,-1,-1
71,188,369.95,348.24,32.17,74.63,1,-1,-1,-1
71,181,335.68,343.42,29.70,69.47,1,-1,-1,-1
71,177,414.92,336.56,29.86,70.95,1,-1,-1,-1
71,174,389.82,363.40,34.04,70.43,1,-1,-1,-1
71,170,82.48,350.07,34.74,69.31,1,-1,-1,-1
72,218,1209.32,299.28,14.50,50.81,1,-1,-1,-1
72,217,1220.05,298.97,19.63,52.65,1,-1,-1,-1
72,216,1243.13,297.78,20.74,59.16,1,-1,-1,-1
72,215,348.79,345.83,26.44,70.45,1,-1,-1,-1
72,208,368.45,331.96,20.29,64.25,1,-1,-1,-1
72,200,221.55,371.79,36.95,69.16,1,-1,-1,-1
72,196,319.59,336.16,25.92,64.55,1,-1,-1,-1
72,194,297.59,365.73,34.82,72.70,1,-1,-1,-1
72,188,373.89,347.77,31.84,74.59,1,-1,-1,-1
72,181,344.92,344.15,27.53,69.33,1,-1,-1,-1
72,174,397.23,362.86,33.19,70.37,1,-1,-1,-1
72,170,75.48,350.89,34.94,69.71,1,-1,-1,-1
73,219,1159.24,295.02,33.41,72.61,1,-1,-1,-1
73,218,1202.30,298.21,16.53,54.87,1,-1,-1,-1
73,217,1216.35,297.09,19.42,51.40,1,-1,-1,-1
73,216,1240.03,295.48,19.97,53.85,1,-1,-1,-1
73,200,229.22,370.37,35.81,69.03,1,-1,-1,-1
73,194,305.43,366.15,32.21,70.71,1,-1,-1,-1
73,170,73.72,351.06,35.08,69.99,1,-1,-1,-1
74,221,1086.66,297.53,16.77,50.99,1,-1,-1,-1
74,220,1094.91,300.78,28.52,68.66,1,-1,-1,-1
74,219,1153.02,295.52,31.36,68.22,1,-1,-1,-1
74,218,1197.50,296.53,17.57,56.32,1,-1,-1,-1
74,217,1212.74,296.55,19.35,50.75,1,-1,-1,-1
74,216,1235.44,297.51,19.64,51.10,1,-1,-1,-1
75,225,1036.53,292.11,22.58,57.75,1,-1,-1,-1
75,224,1036.81,307.40,22.37,52.21,1,-1,-1,-1
75,223,1009.78,301.00,31.46,71.65,1,-1,-1,-1
75,221,1082.74,298.43,15.06,49.47,1,-1,-1,-1
75,220,1089.07,299.92,27.31,65.76,1,-1,-1,-1
75,219,1148.13,295.41,30.06,64.17,1,-1,-1,-1
75,218,1195.24,295.75,18.15,56.82,1,-1,-1,-1
75,217,1209.60,297.50,19.33,50.38,1,-1,-1,-1
75,216,1228.51,298.58,19.54,49.59,1,-1,-1,-1
76,227,994.16,305.47,28.16,65.08,1,-1,-1,-1
76,225,1029.96,292.37,22.16,55.38,1,-1,-1,-1
76,224,1030.95,308.17,21.12,52.02,1,-1,-1,-1
76,223,1000.54,302.49,27.97,68.03,1,-1,-1,-1
76,221,1080.68,300.74,14.15,49.17,1,-1,-1,-1
76,220,1082.58,299.95,26.42,62.13,1,-1,-1,-1
76,219,1141.59,298.59,30.26,67.37,1,-1,-1,-1
76,218,1191.77,296.82,18.50,56.94,1,-1,-1,-1
76,217,1205.73,300.81,19.55,52.03,1,-1,-1,-1
76,216,1221.36,302.15,20.25,53.93,1,-1,-1,-1
77,231,826.20,291.59,33.33,65.80,1,-1,-1,-1
77,230,860.56,303.11,26.11,62.58,1,-1,-1,-1
77,229,907.20,289.34,25.21,68.83,1,-1,-1,-1
77,227,989.63,305.48,27.35,63.80,1,-1,-1,-1
77,225,1026.07,292.80,21.97,54.08,1,-1,-1,-1
77,224,1025.08,306.82,20.51,52.47,1,-1,-1,-1
77,223,995.56,302.39,25.98,66.24,1,-1,-1,-1
77,221,1075.14,299.72,13.63,49.39,1,-1,-1,-1
77,220,1073.88,300.04,28.88,66.14,1,-1,-1,-1
77,219,1132.22,297.77,32.57,71.30,1,-1,-1,-1
77,218,1187.71,297.91,18.70,56.88,1,-1,-1,-1
77,217,1200.22,301.61,19.66,53.14,1,-1,-1,-1
77,216,1217.04,302.61,20.59,56.86,1,-1,-1,-1
78,233,998.81,295.74,22.33,59.57,1,-1,-1,-1
78,232,802.94,321.17,35.27,82.58,1,-1,-1,-1
78,231,818.66,291.21,34.64,66.21,1,-1,-1,-1
78,230,850.86,304.01,28.73,64.89,1,-1,-1,-1
78,229,895.72,286.24,31.30,73.92,1,-1,-1,-1
78,227,984.17,308.42,25.82,60.37,1,-1,-1,-1
78,225,1019.24,290.37,20.18,46.18,1,-1,-1,-1
78,224,1016.76,307.02,22.18,55.08,1,-1,-1,-1
78,223,984.59,303.50,28.34,66.32,1,-1,-1,-1
78,221,1068.45,297.21,13.08,46.98,1,-1,-1,-1
78,220,1069.72,302.94,30.35,68.23,1,-1,-1,-1
78,219,1127.56,296.73,33.98,73.50,1,-1,-1,-1
78,218,1182.77,298.35,18.83,56.76,1,-1,-1,-1
78,217,1196.77,301.81,19.47,53.72,1,-1,-1,-1
78,216,1211.87,302.26,20.74,58.89,1,-1,-1,-1
79,233,994.64,299.41,19.86,58.81,1,-1,-1,-1
79,232,814.69,322.30,32.25,73.56,1,-1,-1,-1
79,231,813.51,291.68,29.25,59.07,1,-1,-1,-1
79,230,844.91,304.30,30.15,65.55,1,-1,-1,-1
79,229,888.85,286.36,32.01,73.39,1,-1,-1,-1
79,227,978.52,306.98,25.62,62.94,1,-1,-1,-1
79,225,1013.69,295.65,19.83,48.35,1,-1,-1,-1
79,224,1006.90,307.58,19.78,53.46,1,-1,-1,-1
79,221,1063.16,298.77,12.95,47.62,1,-1,-1,-1
79,220,1061.75,305.22,26.85,66.49,1,-1,-1,-1
79,219,1119.89,297.66,32.60,73.58,1,-1,-1,-1
79,218,1177.08,298.55,18.90,56.61,1,-1,-1,-1
79,217,1190.73,301.76,19.33,54.17,1,-1,-1,-1
79,216,1206.21,301.09,20.81,60.34,1,-1,-1,-1
80,233,990.18,296.65,18.75,58.34,1,-1,-1,-1
80,232,827.93,323.45,29.00,67.60,1,-1,-1,-1
80,231,806.14,294.32,28.74,57.91,1,-1,-1,-1
80,230,837.14,305.33,27.43,63.41,1,-1,-1,-1
80,229,880.84,288.12,29.90,71.30,1,-1,-1,-1
80,225,1006.15,297.43,20.41,50.79,1,-1,-1,-1
80,224,996.39,305.77,19.72,55.08,1,-1,-1,-1
80,221,1056.98,297.84,14.86,50.30,1,-1,-1,-1
80,220,1054.70,306.64,24.49,65.54,1,-1,-1,-1
80,219,1113.25,299.29,31.63,73.77,1,-1,-1,-1
80,218,1171.61,298.81,18.94,56.45,1,-1,-1,-1
80,217,1185.16,302.72,19.22,54.50,1,-1,-1,-1
80,216,1200.26,299.09,22.82,62.56,1,-1,-1,-1
81,235,486.53,329.54,25.36,72.22,1,-1,-1,-1
81,234,545.01,304.47,39.41,79.06,1,-1,-1,-1
81,233,982.74,297.55,17.92,56.84,1,-1,-1,-1
81,232,837.05,325.12,27.84,68.80,1,-1,-1,-1
81,231,799.88,295.58,28.46,57.27,1,-1,-1,-1
81,230,827.25,305.86,25.69,62.24,1,-1,-1,-1
81,229,875.32,289.17,28.54,70.09,1,-1,-1,-1
81,225,997.85,297.29,20.75,52.43,1,-1,-1,-1
81,224,988.90,305.45,19.69,56.34,1,-1,-1,-1
81,221,1053.60,298.31,18.15,52.99,1,-1,-1,-1
81,220,1048.25,306.52,22.88,65.13,1,-1,-1,-1
81,219,1106.25,299.38,30.95,73.99,1,-1,-1,-1
81,218,1168.11,299.08,18.95,56.30,1,-1,-1,-1
81,217,1181.78,303.00,19.14,54.75,1,-1,-1,-1
81,216,1194.92,298.12,24.21,63.79,1,-1,-1,-1
82,242,472.59,360.30,27.32,60.49,1,-1,-1,-1
82,241,376.52,325.13,29.63,70.01,1,-1,-1,-1
82,240,367.80,353.30,38.34,78.04,1,-1,-1,-1
82,239,421.57,337.47,28.33,72.86,1,-1,-1,-1
82,238,416.12,336.47,27.53,71.71,1,-1,-1,-1
82,237,447.15,324.11,23.61,63.75,1,-1,-1,-1
82,236,456.96,343.08,27.24,70.59,1,-1,-1,-1
82,235,487.97,328.95,25.36,72.22,1,-1,-1,-1
82,234,546.23,304.61,39.41,79.06,1,-1,-1,-1
82,233,979.73,298.02,17.41,55.98,1,-1,-1,-1
82,232,848.45,322.74,31.48,73.82,1,-1,-1,-1
82,231,790.14,296.36,28.46,58.99,1,-1,-1,-1
82,230,821.46,306.57,26.67,62.98,1,-1,-1,-1
82,229,868.89,290.62,27.63,69.39,1,-1,-1,-1
82,225,991.15,296.49,20.96,53.55,1,-1,-1,-1
82,224,982.98,305.23,19.67,57.34,1,-1,-1,-1
82,223,951.33,304.04,30.90,70.28,1,-1,-1,-1
82,221,1047.99,298.01,18.98,53.03,1,-1,-1,-1
82,220,1042.77,305.61,21.78,65.05,1,-1,-1,-1
82,219,1099.86,300.05,30.46,74.21,1,-1,-1,-1
82,218,1164.79,299.70,18.96,56.17,1,-1,-1,-1
82,217,1176.65,303.56,20.68,55.63,1,-1,-1,-1
82,216,1189.16,297.96,23.45,63.83,1,-1,-1,-1
83,244,381.87,362.10,30.62,68.45,1,-1,-1,-1
83,243,305.10,363.11,38.47,71.98,1,-1,-1,-1
83,242,482.93,358.36,26.22,60.61,1,-1,-1,-1
83,241,386.42,326.97,29.80,69.59,1,-1,-1,-1
83,240,384.11,358.03,31.80,72.19,1,-1,-1,-1
83,239,431.44,332.84,29.86,73.22,1,-1,-1,-1
83,238,432.97,336.13,29.58,74.33,1,-1,-1,-1
83,237,459.27,323.18,23.51,63.78,1,-1,-1,-1
83,236,473.15,340.21,24.69,68.01,1,-1,-1,-1
83,235,499.66,328.78,25.36,72.22,1,-1,-1,-1
83,234,559.29,304.90,39.41,79.06,1,-1,-1,-1
83,233,971.50,297.10,16.87,51.89,1,-1,-1,-1
83,232,851.54,321.56,33.79,76.37,1,-1,-1,-1
83,231,782.46,296.32,28.41,60.25,1,-1,-1,-1
83,230,812.74,308.00,25.60,62.43,1,-1,-1,-1
83,229,860.96,291.22,27.02,68.98,1,-1,-1,-1
83,225,984.77,297.13,21.09,54.34,1,-1,-1,-1
83,224,972.95,304.60,21.72,59.54,1,-1,-1,-1
83,223,943.87,304.15,29.13,69.70,1,-1,-1,-1
83,221,1042.53,298.19,19.18,52.74,1,-1,-1,-1
83,220,1032.04,303.80,24.95,67.69,1,-1,-1,-1
83,219,1089.98,300.54,31.95,75.13,1,-1,-1,-1
83,218,1160.57,299.96,18.95,56.04,1,-1,-1,-1
83,217,1171.66,304.21,18.96,55.04,1,-1,-1,-1
83,216,1183.02,299.89,22.90,63.88,1,-1,-1,-1
84,244,390.91,360.26,31.29,70.34,1,-1,-1,-1
84,243,318.16,360.72,37.42,71.41,1,-1,-1,-1
84,242,492.75,358.43,25.65,61.13,1,-1,-1,-1
84,241,395.29,325.51,33.27,71.48,1,-1,-1,-1
84,240,398.10,360.56,31.40,70.34,1,-1,-1,-1
84,239,442.53,332.99,31.05,74.87,1,-1,-1,-1
84,238,442.95,333.73,26.89,70.74,1,-1,-1,-1
84,237,469.61,323.47,23.46,63.85,1,-1,-1,-1
84,236,484.14,341.48,23.59,69.28,1,-1,-1,-1
84,235,507.85,329.96,24.45,70.12,1,-1,-1,-1
84,234,570.79,302.76,39.21,77.71,1,-1,-1,-1
84,232,864.49,323.27,31.23,75.44,1,-1,-1,-1
84,231,774.22,294.89,28.37,61.18,1,-1,-1,-1
84,230,806.12,308.31,24.87,62.14,1,-1,-1,-1
84,229,849.98,292.51,28.06,69.47,1,-1,-1,-1
84,225,978.24,297.64,21.17,54.90,1,-1,-1,-1
84,224,965.80,305.07,23.16,60.79,1,-1,-1,-1
84,223,936.29,306.13,30.09,70.21,1,-1,-1,-1
84,221,1040.69,298.30,19.32,52.53,1,-1,-1,-1
84,220,1027.84,302.89,27.19,69.09,1,-1,-1,-1
84,219,1082.54,300.59,33.02,75.67,1,-1,-1,-1
84,218,1155.05,300.07,18.94,55.92,1,-1,-1,-1
84,217,1167.87,304.52,17.71,54.64,1,-1,-1,-1
84,216,1178.42,300.47,22.50,63.94,1,-1,-1,-1
85,244,402.58,358.71,31.37,69.86,1,-1,-1,-1
85,243,327.85,359.26,39.77,72.20,1,-1,-1,-1
85,242,502.57,356.83,25.35,61.74,1,-1,-1,-1
85,241,399.29,324.86,35.34,71.86,1,-1,-1,-1
85,240,405.89,356.97,26.97,66.28,1,-1,-1,-1
85,239,454.54,333.94,28.15,72.94,1,-1,-1,-1
85,238,450.34,334.29,23.80,67.48,1,-1,-1,-1
85,237,481.14,322.41,23.33,63.06,1,-1,-1,-1
85,236,492.59,340.37,22.89,70.50,1,-1,-1,-1
85,235,517.16,328.67,23.91,68.90,1,-1,-1,-1
85,234,583.17,301.95,35.51,74.88,1,-1,-1,-1
85,232,876.12,321.47,32.72,76.21,1,-1,-1,-1
85,231,767.89,295.81,28.32,61.87,1,-1,-1,-1
85,230,798.37,310.16,26.00,62.81,1,-1,-1,-1
85,229,843.46,292.07,28.78,69.70,1,-1,-1,-1
85,225,970.22,296.91,20.31,56.59,1,-1,-1,-1
85,224,957.42,304.58,21.84,62.28,1,-1,-1,-1
85,223,928.47,307.08,29.47,72.20,1,-1,-1,-1
85,221,1033.68,298.01,19.42,52.36,1,-1,-1,-1
85,220,1022.02,302.73,27.06,69.23,1,-1,-1,-1
85,219,1074.58,300.08,32.50,75.62,1,-1,-1,-1
85,218,1149.29,301.76,18.92,55.82,1,-1,-1,-1
85,217,1162.19,304.52,18.11,54.93,1,-1,-1,-1
85,216,1174.25,299.78,22.20,63.99,1,-1,-1,-1
86,244,405.97,358.28,31.44,69.53,1,-1,-1,-1
86,243,330.30,358.89,41.21,72.34,1,-1,-1,-1
86,242,505.65,356.14,25.18,62.33,1,-1,-1,-1
86,241,400.09,324.77,36.63,71.72,1,-1,-1,-1
86,240,408.75,356.21,24.18,63.88,1,-1,-1,-1
86,239,454.32,333.85,24.94,69.81,1,-1,-1,-1
86,238,457.30,335.30,23.25,68.24,1,-1,-1,-1
86,237,487.23,321.50,23.27,62.58,1,-1,-1,-1
86,236,504.66,335.48,22.20,69.29,1,-1,-1,-1
86,235,524.18,327.69,23.57,68.18,1,-1,-1,-1
86,234,594.99,301.14,33.10,73.22,1,-1,-1,-1
86,232,884.05,320.76,33.78,76.62,1,-1,-1,-1
86,231,758.46,296.53,28.29,62.39,1,-1,-1,-1
86,230,788.07,311.05,25.35,62.58,1,-1,-1,-1
86,229,835.86,292.52,26.12,68.53,1,-1,-1,-1
86,225,965.10,296.24,19.66,57.99,1,-1,-1,-1
86,224,949.62,304.81,23.20,64.14,1,-1,-1,-1
86,223,920.84,306.33,28.99,73.72,1,-1,-1,-1
86,221,1029.00,298.10,19.50,52.24,1,-1,-1,-1
86,220,1010.61,303.04,27.55,69.56,1,-1,-1,-1
86,219,1065.28,300.55,32.12,75.60,1,-1,-1,-1
86,218,1145.55,302.55,18.91,55.73,1,-1,-1,-1
86,217,1157.09,304.91,17.45,54.77,1,-1,-1,-1
86,216,1167.33,299.77,21.99,64.03,1,-1,-1,-1
87,244,419.60,356.73,31.48,69.29,1,-1,-1,-1
87,243,339.67,360.42,35.89,69.18,1,-1,-1,-1
87,242,514.64,355.49,26.31,63.74,1,-1,-1,-1
87,241,410.37,325.42,31.09,68.06,1,-1,-1,-1
87,240,419.42,354.35,22.38,62.56,1,-1,-1,-1
87,239,463.57,332.28,26.72,70.63,1,-1,-1,-1
87,238,469.03,333.07,27.07,72.36,1,-1,-1,-1
87,237,495.63,320.25,23.25,62.28,1,-1,-1,-1
87,236,514.98,334.76,21.77,68.63,1,-1,-1,-1
87,235,531.26,327.30,23.37,67.77,1,-1,-1,-1
87,234,602.84,299.82,35.33,74.40,1,-1,-1,-1
87,232,894.30,320.34,30.67,75.28,1,-1,-1,-1
87,231,751.31,298.87,28.27,62.79,1,-1,-1,-1
87,230,779.36,310.75,28.23,63.68,1,-1,-1,-1
87,229,828.14,292.41,26.26,68.61,1,-1,-1,-1
87,225,958.57,296.23,19.11,57.84,1,-1,-1,-1
87,224,942.86,304.79,24.17,65.33,1,-1,-1,-1
87,223,914.65,308.39,28.54,73.29,1,-1,-1,-1
87,221,1025.22,298.15,19.55,52.15,1,-1,-1,-1
87,220,1006.04,303.10,27.90,69.79,1,-1,-1,-1
87,219,1057.50,301.34,33.63,76.05,1,-1,-1,-1
87,218,1140.18,301.34,18.57,55.57,1,-1,-1,-1
87,217,1149.12,304.65,18.34,55.17,1,-1,-1,-1
87,216,1162.26,299.75,21.82,64.06,1,-1,-1,-1
88,244,430.70,358.86,30.56,67.39,1,-1,-1,-1
88,243,350.74,360.03,36.18,69.33,1,-1,-1,-1
88,242,523.63,355.94,25.15,63.36,1,-1,-1,-1
88,241,415.90,326.28,28.99,67.07,1,-1,-1,-1
88,239,472.47,332.92,24.54,68.95,1,-1,-1,-1
88,238,476.78,332.63,27.81,73.23,1,-1,-1,-1
88,237,506.04,319.68,23.24,62.10,1,-1,-1,-1
88,236,524.20,334.37,24.92,70.66,1,-1,-1,-1
88,235,540.91,326.54,24.96,68.52,1,-1,-1,-1
88,234,612.40,300.46,32.03,72.70,1,-1,-1,-1
88,232,905.97,321.99,30.83,73.78,1,-1,-1,-1
88,231,744.82,300.37,28.25,63.08,1,-1,-1,-1
88,230,769.26,310.54,30.28,64.22,1,-1,-1,-1
88,229,821.23,293.25,26.37,68.67,1,-1,-1,-1
88,225,951.46,291.30,18.66,53.48,1,-1,-1,-1
88,224,933.57,305.89,23.86,65.74,1,-1,-1,-1
88,223,904.39,308.74,30.15,73.92,1,-1,-1,-1
88,221,1018.84,299.48,19.59,52.08,1,-1,-1,-1
88,220,1000.28,302.93,28.16,69.95,1,-1,-1,-1
88,219,1049.48,301.89,31.83,75.64,1,-1,-1,-1
88,218,1135.17,301.44,18.32,55.44,1,-1,-1,-1
88,217,1144.38,304.66,18.98,55.41,1,-1,-1,-1
88,216,1157.37,299.72,21.70,64.08,1,-1,-1,-1
89,245,932.77,300.16,24.01,61.29,1,-1,-1,-1
89,244,440.79,359.37,30.09,67.52,1,-1,-1,-1
89,243,358.93,358.37,36.39,69.45,1,-1,-1,-1
89,242,534.04,355.08,28.67,65.69,1,-1,-1,-1
89,241,425.88,325.78,26.24,64.33,1,-1,-1,-1
89,239,480.07,334.46,21.61,66.91,1,-1,-1,-1
89,238,486.49,331.86,28.31,73.73,1,-1,-1,-1
89,237,513.31,320.10,23.25,61.99,1,-1,-1,-1
89,236,531.18,335.03,24.14,69.93,1,-1,-1,-1
89,235,546.07,326.08,26.07,68.87,1,-1,-1,-1
89,234,621.26,299.72,29.74,71.64,1,-1,-1,-1
89,232,912.68,322.60,31.96,73.02,1,-1,-1,-1
89,231,736.16,300.59,27.55,63.08,1,-1,-1,-1
89,230,761.84,312.75,28.85,63.78,1,-1,-1,-1
89,229,813.18,294.09,26.45,68.71,1,-1,-1,-1
89,225,943.04,294.23,18.40,54.30,1,-1,-1,-1
89,224,927.25,305.03,23.62,66.05,1,-1,-1,-1
89,223,895.13,309.38,29.48,73.84,1,-1,-1,-1
89,221,1013.22,298.88,19.73,54.07,1,-1,-1,-1
89,220,991.61,303.71,28.35,70.06,1,-1,-1,-1
89,219,1039.24,302.52,30.52,75.37,1,-1,-1,-1
89,218,1129.54,301.11,18.14,55.34,1,-1,-1,-1
89,217,1139.56,305.60,17.67,55.05,1,-1,-1,-1
89,216,1151.81,299.61,21.62,64.09,1,-1,-1,-1
90,245,927.23,304.14,24.45,64.76,1,-1,-1,-1
90,244,450.37,358.24,29.77,67.66,1,-1,-1,-1
90,243,365.78,357.49,34.31,68.58,1,-1,-1,-1
90,242,539.89,354.29,31.12,66.83,1,-1,-1,-1
90,241,434.73,326.05,25.31,62.80,1,-1,-1,-1
90,239,489.13,332.95,24.66,68.92,1,-1,-1,-1
90,238,495.99,329.13,30.50,74.84,1,-1,-1,-1
90,237,522.72,318.84,23.26,61.92,1,-1,-1,-1
90,236,543.21,332.80,25.66,69.44,1,-1,-1,-1
90,235,554.41,326.29,25.13,68.29,1,-1,-1,-1
90,234,624.49,299.59,28.16,71.04,1,-1,-1,-1
90,232,914.54,322.97,32.80,72.47,1,-1,-1,-1
90,231,733.38,300.61,27.05,63.12,1,-1,-1,-1
90,230,759.69,313.61,27.81,63.47,1,-1,-1,-1
90,229,810.50,294.39,26.50,68.74,1,-1,-1,-1
90,225,940.23,295.19,18.20,54.95,1,-1,-1,-1
90,224,928.56,300.02,22.48,64.65,1,-1,-1,-1
90,223,892.14,309.60,28.98,73.78,1,-1,-1,-1
90,221,1011.33,298.28,19.80,55.55,1,-1,-1,-1
90,220,988.64,303.97,28.49,70.14,1,-1,-1,-1
90,219,1035.98,302.77,29.56,75.18,1,-1,-1,-1
90,218,1127.67,301.01,18.00,55.26,1,-1,-1,-1
90,217,1138.21,305.99,16.71,54.79,1,-1,-1,-1
90,216,1149.98,299.56,21.55,64.10,1,-1,-1,-1
91,245,906.56,308.33,24.43,65.98,1,-1,-1,-1
91,244,456.33,356.80,32.80,69.13,1,-1,-1,-1
91,243,374.01,356.65,33.60,68.41,1,-1,-1,-1
91,242,547.98,353.05,29.68,67.05,1,-1,-1,-1
91,241,439.02,326.40,24.66,61.76,1,-1,-1,-1
91,239,498.93,332.33,22.76,67.89,1,-1,-1,-1
91,238,503.63,328.02,30.61,74.86,1,-1,-1,-1
91,237,532.59,318.25,23.27,61.88,1,-1,-1,-1
91,236,554.47,332.76,27.90,72.06,1,-1,-1,-1
91,235,564.12,325.15,24.42,67.14,1,-1,-1,-1
91,234,637.03,299.39,26.97,69.48,1,-1,-1,-1
91,232,931.86,317.91,31.53,72.68,1,-1,-1,-1
91,231,724.45,301.43,26.70,63.17,1,-1,-1,-1
91,230,746.95,316.32,28.96,64.77,1,-1,-1,-1
91,229,799.24,296.22,28.29,67.94,1,-1,-1,-1
91,225,928.62,295.62,18.55,53.12,1,-1,-1,-1
91,224,921.00,300.81,22.62,65.29,1,-1,-1,-1
91,223,880.95,312.48,28.61,73.73,1,-1,-1,-1
91,221,1003.52,299.07,19.84,56.65,1,-1,-1,-1
91,220,981.49,303.90,28.60,70.20,1,-1,-1,-1
91,219,1026.00,303.34,28.86,75.06,1,-1,-1,-1
91,218,1120.52,302.39,16.75,54.09,1,-1,-1,-1
91,217,1131.70,304.28,16.01,51.10,1,-1,-1,-1
91,216,1142.45,298.10,21.60,58.08,1,-1,-1,-1
92,245,895.04,307.47,24.33,66.64,1,-1,-1,-1
92,244,462.53,357.22,31.16,68.60,1,-1,-1,-1
92,243,382.80,355.98,36.26,69.54,1,-1,-1,-1
92,242,554.61,352.51,28.64,67.31,1,-1,-1,-1
92,241,446.96,325.71,24.23,61.08,1,-1,-1,-1
92,239,507.23,331.71,21.42,67.23,1,-1,-1,-1
92,238,512.74,327.85,29.59,74.48,1,-1,-1,-1
92,237,539.87,317.38,23.28,61.86,1,-1,-1,-1
92,236,561.65,331.05,27.66,69.33,1,-1,-1,-1
92,235,568.61,324.64,25.70,66.93,1,-1,-1,-1
92,234,649.66,299.41,26.15,68.44,1,-1,-1,-1
92,232,940.00,315.79,30.58,72.38,1,-1,-1,-1
92,231,715.28,301.84,25.37,62.92,1,-1,-1,-1
92,230,734.16,317.63,26.26,64.59,1,-1,-1,-1
92,229,785.80,296.01,27.35,66.99,1,-1,-1,-1
92,224,914.35,300.86,23.83,64.63,1,-1,-1,-1
92,223,871.54,313.53,28.33,73.69,1,-1,-1,-1
92,221,998.26,299.34,19.86,57.46,1,-1,-1,-1
92,220,972.22,305.02,29.52,70.43,1,-1,-1,-1
92,219,1017.46,303.75,26.76,74.58,1,-1,-1,-1
92,218,1114.28,302.25,15.83,53.15,1,-1,-1,-1
92,217,1126.72,305.60,15.44,49.25,1,-1,-1,-1
92,216,1136.66,301.60,21.47,56.11,1,-1,-1,-1
93,246,641.18,235.50,13.68,31.15,1,-1,-1,-1
93,245,884.61,307.58,23.43,67.33,1,-1,-1,-1
93,244,470.56,354.56,32.22,69.44,1,-1,-1,-1
93,243,389.66,354.02,35.31,69.28,1,-1,-1,-1
93,242,562.01,351.39,31.78,68.98,1,-1,-1,-1
93,241,456.05,324.91,24.64,63.33,1,-1,-1,-1
93,239,515.51,330.25,26.02,69.49,1,-1,-1,-1
93,238,520.77,327.50,32.26,75.29,1,-1,-1,-1
93,237,545.80,316.62,26.02,62.80,1,-1,-1,-1
93,236,569.18,331.22,24.23,66.77,1,-1,-1,-1
93,235,575.03,325.04,23.38,65.71,1,-1,-1,-1
93,234,654.11,299.60,25.59,67.78,1,-1,-1,-1
93,232,949.65,315.29,28.52,71.77,1,-1,-1,-1
93,231,705.32,305.12,24.41,62.76,1,-1,-1,-1
93,230,725.01,317.84,27.15,65.40,1,-1,-1,-1
93,229,776.18,297.80,28.42,66.61,1,-1,-1,-1
93,224,906.82,302.26,23.31,63.92,1,-1,-1,-1
93,223,860.23,316.45,31.77,74.16,1,-1,-1,-1
93,221,991.45,299.28,19.87,58.05,1,-1,-1,-1
93,220,967.66,305.59,28.43,70.22,1,-1,-1,-1
93,219,1004.95,300.96,27.20,70.38,1,-1,-1,-1
93,218,1108.98,304.76,15.19,54.06,1,-1,-1,-1
93,217,1118.64,306.52,16.18,51.86,1,-1,-1,-1
93,216,1129.89,305.55,21.84,59.01,1,-1,-1,-1
94,246,643.27,235.44,14.32,31.40,1,-1,-1,-1
94,245,876.33,306.65,24.64,69.23,1,-1,-1,-1
94,244,475.93,351.57,31.39,69.88,1,-1,-1,-1
94,243,396.46,353.09,34.64,69.15,1,-1,-1,-1
94,242,567.97,349.34,31.54,69.63,1,-1,-1,-1
94,241,461.33,324.23,24.92,64.97,1,-1,-1,-1
94,239,525.79,327.47,24.12,69.69,1,-1,-1,-1
94,238,528.91,327.04,31.06,73.77,1,-1,-1,-1
94,237,554.87,314.92,25.64,62.61,1,-1,-1,-1
94,236,583.68,332.16,26.56,68.57,1,-1,-1,-1
94,235,584.54,325.45,21.70,64.81,1,-1,-1,-1
94,234,664.81,298.39,26.79,68.06,1,-1,-1,-1
94,232,959.83,310.68,27.01,65.93,1,-1,-1,-1
94,231,698.76,306.33,23.71,62.68,1,-1,-1,-1
94,230,715.24,319.19,29.80,66.39,1,-1,-1,-1
94,224,900.10,302.16,22.93,63.40,1,-1,-1,-1
94,223,850.90,316.11,32.97,75.01,1,-1,-1,-1
94,221,986.49,299.76,19.87,58.48,1,-1,-1,-1
94,220,963.83,302.95,27.62,65.89,1,-1,-1,-1
94,219,999.52,303.64,26.14,71.44,1,-1,-1,-1
94,218,1105.21,305.37,14.72,54.81,1,-1,-1,-1
94,217,1114.35,306.59,15.24,52.91,1,-1,-1,-1
94,216,1123.78,306.49,22.08,61.17,1,-1,-1,-1
95,247,493.37,350.44,28.81,67.36,1,-1,-1,-1
95,246,644.69,235.51,14.95,31.54,1,-1,-1,-1
95,245,865.40,306.90,27.42,69.90,1,-1,-1,-1
95,244,486.32,351.49,30.74,69.43,1,-1,-1,-1
95,243,406.69,353.05,35.82,69.57,1,-1,-1,-1
95,242,576.10,347.48,29.52,69.54,1,-1,-1,-1
95,241,466.87,322.66,25.11,66.17,1,-1,-1,-1
95,239,532.23,325.66,23.64,70.42,1,-1,-1,-1
95,238,538.53,327.26,29.29,72.46,1,-1,-1,-1
95,237,563.08,314.18,25.37,62.48,1,-1,-1,-1
95,236,592.42,331.73,27.44,71.63,1,-1,-1,-1
95,235,594.80,324.34,20.49,64.17,1,-1,-1,-1
95,234,674.38,298.64,25.03,67.21,1,-1,-1,-1
95,232,967.47,315.33,28.42,66.32,1,-1,-1,-1
95,231,690.81,306.92,23.21,62.66,1,-1,-1,-1
95,230,704.18,321.18,27.88,66.22,1,-1,-1,-1
95,224,893.01,304.05,23.72,62.55,1,-1,-1,-1
95,223,842.41,316.65,30.53,73.13,1,-1,-1,-1
95,221,980.51,297.14,19.67,53.97,1,-1,-1,-1
95,220,951.86,306.06,28.80,67.56,1,-1,-1,-1
95,219,990.35,305.60,25.36,72.32,1,-1,-1,-1
95,218,1099.25,304.70,14.37,55.40,1,-1,-1,-1
95,217,1107.23,306.89,16.13,54.62,1,-1,-1,-1
95,216,1115.87,307.03,21.50,62.50,1,-1,-1,-1
96,247,501.43,354.08,23.42,63.10,1,-1,-1,-1
96,246,647.01,236.04,14.37,30.27,1,-1,-1,-1
96,245,855.07,307.69,26.55,69.00,1,-1,-1,-1
96,244,495.66,348.95,31.12,69.36,1,-1,-1,-1
96,243,412.69,353.02,36.68,69.83,1,-1,-1,-1
96,242,579.16,346.80,28.06,69.53,1,-1,-1,-1
96,241,476.18,321.93,23.00,66.07,1,-1,-1,-1
96,239,541.04,327.38,23.90,70.08,1,-1,-1,-1
96,238,535.38,325.15,27.39,72.32,1,-1,-1,-1
96,237,565.81,313.97,25.16,62.39,1,-1,-1,-1
96,236,595.10,331.09,28.04,73.79,1,-1,-1,-1
96,235,598.53,324.05,19.62,63.73,1,-1,-1,-1
96,234,685.59,291.93,22.63,59.27,1,-1,-1,-1
96,232,978.60,315.10,27.29,67.32,1,-1,-1,-1
96,231,678.54,307.09,25.46,63.37,1,-1,-1,-1
96,230,696.50,321.39,28.61,66.56,1,-1,-1,-1
96,224,890.51,304.90,24.30,61.96,1,-1,-1,-1
96,223,834.58,317.91,30.76,72.43,1,-1,-1,-1
96,221,975.92,299.74,17.89,54.57,1,-1,-1,-1
96,220,947.45,306.96,29.66,68.72,1,-1,-1,-1
96,219,979.00,305.30,29.60,74.46,1,-1,-1,-1
96,218,1092.54,303.70,15.38,56.31,1,-1,-1,-1
96,217,1102.57,306.60,16.77,55.79,1,-1,-1,-1
96,216,1108.36,307.51,23.02,64.19,1,-1,-1,-1
97,247,507.55,353.05,25.27,66.64,1,-1,-1,-1
97,246,649.63,236.31,13.75,29.71,1,-1,-1,-1
97,245,843.70,308.31,29.72,70.69,1,-1,-1,-1
97,244,502.73,349.60,33.38,69.72,1,-1,-1,-1
97,243,420.45,351.57,35.34,69.56,1,-1,-1,-1
97,242,587.07,346.49,30.31,70.73,1,-1,-1,-1
97,241,482.44,320.32,24.80,66.97,1,-1,-1,-1
97,239,553.09,327.57,25.81,70.33,1,-1,-1,-1
97,238,542.01,324.87,26.00,72.27,1,-1,-1,-1
97,237,578.68,312.82,25.02,62.32,1,-1,-1,-1
97,236,607.67,328.61,29.11,72.73,1,-1,-1,-1
97,235,607.26,318.52,20.40,53.38,1,-1,-1,-1
97,234,696.60,295.52,23.09,61.75,1,-1,-1,-1
97,232,987.63,314.30,26.47,68.17,1,-1,-1,-1
97,231,671.57,307.43,23.73,63.01,1,-1,-1,-1
97,230,686.01,321.94,29.15,66.78,1,-1,-1,-1
97,229,741.86,297.38,32.15,69.13,1,-1,-1,-1
97,224,879.64,304.35,23.15,63.77,1,-1,-1,-1
97,223,825.53,319.87,31.64,74.21,1,-1,-1,-1
97,221,970.82,302.27,16.67,56.79,1,-1,-1,-1
97,220,943.70,308.25,27.55,70.07,1,-1,-1,-1
97,219,972.12,305.28,29.54,75.01,1,-1,-1,-1
97,218,1084.08,303.80,17.35,57.21,1,-1,-1,-1
97,217,1092.24,308.17,19.16,57.94,1,-1,-1,-1
97,216,1103.11,308.19,23.08,65.04,1,-1,-1,-1
98,247,512.67,351.13,28.13,69.72,1,-1,-1,-1
98,246,651.92,236.09,13.23,29.37,1,-1,-1,-1
98,245,835.15,309.55,27.12,69.95,1,-1,-1,-1
98,244,512.77,347.79,35.02,69.89,1,-1,-1,-1
98,243,431.42,350.75,35.86,69.73,1,-1,-1,-1
98,242,600.24,344.77,28.07,69.77,1,-1,-1,-1
98,241,486.25,318.99,26.12,67.52,1,-1,-1,-1
98,239,563.00,327.66,24.60,69.78,1,-1,-1,-1
98,238,550.36,324.47,24.99,72.28,1,-1,-1,-1
98,237,586.38,312.43,24.91,62.28,1,-1,-1,-1
98,236,614.66,328.03,29.89,71.97,1,-1,-1,-1
98,235,612.48,317.00,20.64,47.20,1,-1,-1,-1
98,234,704.41,295.03,23.42,63.63,1,-1,-1,-1
98,232,995.85,313.36,28.67,69.83,1,-1,-1,-1
98,231,664.75,309.39,22.47,62.75,1,-1,-1,-1
98,230,675.19,323.55,27.00,66.48,1,-1,-1,-1
98,229,732.62,299.42,29.58,68.86,1,-1,-1,-1
98,224,872.69,304.19,24.11,65.30,1,-1,-1,-1
98,223,811.84,320.53,32.27,75.47,1,-1,-1,-1
98,220,938.01,309.48,25.98,71.26,1,-1,-1,-1
98,219,964.71,306.12,27.99,75.10,1,-1,-1,-1
98,218,1080.63,304.06,18.80,57.74,1,-1,-1,-1
98,217,1088.65,307.38,20.91,59.22,1,-1,-1,-1
98,216,1096.59,307.56,23.13,65.97,1,-1,-1,-1
99,247,522.50,349.29,28.22,69.98,1,-1,-1,-1
99,246,654.83,236.49,13.11,29.50,1,-1,-1,-1
99,245,825.98,310.44,26.56,69.90,1,-1,-1,-1
99,244,520.36,347.60,33.98,69.95,1,-1,-1,-1
99,243,438.61,350.30,36.25,69.85,1,-1,-1,-1
99,242,608.10,344.67,27.70,69.31,1,-1,-1,-1
99,241,491.56,318.72,27.08,67.87,1,-1,-1,-1
99,239,573.54,326.65,23.77,70.37,1,-1,-1,-1
99,238,558.62,323.79,26.82,73.11,1,-1,-1,-1
99,237,593.96,310.96,24.83,62.25,1,-1,-1,-1
99,236,624.08,327.41,28.94,71.20,1,-1,-1,-1
99,235,619.51,315.83,20.93,42.08,1,-1,-1,-1
99,234,712.94,293.69,28.64,67.29,1,-1,-1,-1
99,232,1003.23,313.18,27.67,70.18,1,-1,-1,-1
99,231,653.80,309.19,24.48,63.33,1,-1,-1,-1
99,230,664.18,323.68,29.33,66.94,1,-1,-1,-1
99,229,723.61,301.22,30.29,69.15,1,-1,-1,-1
99,224,864.54,304.05,24.81,66.37,1,-1,-1,-1
99,223,800.89,323.63,33.84,76.55,1,-1,-1,-1
99,220,928.04,308.92,29.35,73.71,1,-1,-1,-1
99,219,955.15,306.30,28.87,75.63,1,-1,-1,-1
99,218,1077.80,304.35,19.86,58.05,1,-1,-1,-1
99,217,1082.99,306.48,22.19,60.03,1,-1,-1,-1
99,216,1088.22,306.93,24.84,67.02,1,-1,-1,-1
