1,253,1.47,375.73,26.44,46.07,1,-1,-1,-1
1,252,1177.90,243.30,15.68,35.44,1,-1,-1,-1
1,251,1198.72,275.66,18.76,41.60,1,-1,-1,-1
2,254,0.65,378.05,20.27,55.46,1,-1,-1,-1
2,253,6.55,377.12,23.46,44.70,1,-1,-1,-1
2,252,1185.16,245.72,11.88,29.35,1,-1,-1,-1
2,251,1199.64,276.46,20.96,43.64,1,-1,-1,-1
3,254,2.05,377.75,22.39,57.69,1,-1,-1,-1
3,252,1188.72,243.58,13.44,32.98,1,-1,-1,-1
3,251,1203.42,276.12,21.37,43.53,1,-1,-1,-1
4,251,1207.68,278.30,18.24,39.55,1,-1,-1,-1
5,251,1211.05,276.71,17.82,38.94,1,-1,-1,-1
6,253,39.84,373.31,24.25,57.15,1,-1,-1,-1
6,251,1215.21,278.60,16.37,37.53,1,-1,-1,-1
7,253,53.25,372.24,23.43,57.66,1,-1,-1,-1
7,252,1206.46,245.33,12.49,30.06,1,-1,-1,-1
7,251,1218.96,278.80,16.53,37.61,1,-1,-1,-1
8,253,66.45,369.50,23.54,57.96,1,-1,-1,-1
8,252,1212.23,245.89,11.87,30.33,1,-1,-1,-1
8,251,1221.82,278.36,16.15,38.58,1,-1,-1,-1
9,253,80.48,366.83,24.06,57.11,1,-1,-1,-1
9,252,1215.16,245.23,12.38,30.84,1,-1,-1,-1
9,251,1225.41,276.59,14.87,33.29,1,-1,-1,-1
10,255,49.53,364.34,24.86,53.75,1,-1,-1,-1
10,253,95.05,364.97,25.54,61.27,1,-1,-1,-1
10,251,1227.77,275.54,17.56,30.20,1,-1,-1,-1
11,255,54.73,362.39,28.98,56.39,1,-1,-1,-1
11,253,109.24,363.26,25.50,60.06,1,-1,-1,-1
12,255,65.14,360.42,27.89,56.13,1,-1,-1,-1
12,253,125.21,361.73,25.49,59.75,1,-1,-1,-1
13,256,12.99,362.84,28.32,61.57,1,-1,-1,-1
13,255,72.67,361.03,27.32,56.58,1,-1,-1,-1
13,253,139.46,352.76,26.22,64.16,1,-1,-1,-1
14,256,17.45,359.33,27.47,62.22,1,-1,-1,-1
14,255,80.48,358.29,28.32,57.06,1,-1,-1,-1
14,253,155.87,354.37,26.30,62.17,1,-1,-1,-1
14,251,1236.98,274.71,22.26,28.14,1,-1,-1,-1
15,256,21.38,359.15,27.24,63.23,1,-1,-1,-1
15,255,87.51,358.60,28.09,59.24,1,-1,-1,-1
15,253,170.20,353.74,26.96,60.71,1,-1,-1,-1
15,251,1236.23,276.60,23.98,32.80,1,-1,-1,-1
16,256,29.39,359.68,29.83,64.62,1,-1,-1,-1
16,255,95.57,357.02,27.29,57.35,1,-1,-1,-1
16,253,186.96,352.23,26.49,58.11,1,-1,-1,-1
16,251,1237.67,276.72,24.86,35.94,1,-1,-1,-1
17,258,1124.31,277.96,20.95,35.79,1,-1,-1,-1
17,256,37.34,358.23,30.62,62.65,1,-1,-1,-1
17,255,103.86,353.97,28.80,59.61,1,-1,-1,-1
17,253,202.39,349.72,27.27,58.04,1,-1,-1,-1
17,251,1241.20,278.72,23.02,37.02,1,-1,-1,-1
18,259,23.94,393.39,29.77,65.69,1,-1,-1,-1
18,258,1127.69,280.48,18.72,33.47,1,-1,-1,-1
18,256,43.58,357.02,30.37,60.86,1,-1,-1,-1
18,255,111.17,356.69,28.02,60.00,1,-1,-1,-1
18,253,221.26,348.04,26.73,57.66,1,-1,-1,-1
18,251,1240.43,282.40,22.25,38.48,1,-1,-1,-1
19,260,1264.01,284.67,15.67,51.12,1,-1,-1,-1
19,259,26.37,392.47,30.98,66.00,1,-1,-1,-1
19,258,1132.96,277.79,17.49,30.59,1,-1,-1,-1
19,256,49.85,358.35,29.49,59.88,1,-1,-1,-1
19,255,118.12,357.07,27.44,60.30,1,-1,-1,-1
19,253,235.36,347.57,26.33,57.37,1,-1,-1,-1
19,251,1241.25,285.34,21.27,41.39,1,-1,-1,-1
20,260,1262.86,284.71,15.64,49.30,1,-1,-1,-1
20,259,34.33,392.36,31.65,65.88,1,-1,-1,-1
20,256,57.46,357.79,28.88,59.23,1,-1,-1,-1
20,255,123.79,357.18,27.00,60.52,1,-1,-1,-1
20,253,252.87,346.29,26.03,57.15,1,-1,-1,-1
20,251,1241.72,285.90,21.34,43.19,1,-1,-1,-1
21,261,13.79,381.48,32.93,68.94,1,-1,-1,-1
21,260,1260.43,283.52,18.29,53.51,1,-1,-1,-1
21,259,43.91,392.48,32.05,65.64,1,-1,-1,-1
21,256,60.08,357.72,28.45,58.78,1,-1,-1,-1
21,255,133.11,356.37,26.68,60.68,1,-1,-1,-1
21,253,269.15,342.62,25.81,56.98,1,-1,-1,-1
21,251,1241.08,286.62,21.55,43.90,1,-1,-1,-1
22,261,22.27,382.65,30.21,67.57,1,-1,-1,-1
22,260,1257.23,282.65,21.25,55.98,1,-1,-1,-1
22,259,52.10,392.65,32.29,65.39,1,-1,-1,-1
22,256,71.36,361.13,29.11,57.77,1,-1,-1,-1
22,255,141.50,356.06,26.43,60.79,1,-1,-1,-1
22,253,286.89,341.35,25.65,56.86,1,-1,-1,-1
22,251,1241.37,283.40,22.63,44.59,1,-1,-1,-1
23,261,31.12,382.92,28.59,67.06,1,-1,-1,-1
23,260,1254.87,284.48,19.71,53.59,1,-1,-1,-1
23,259,63.05,390.82,32.44,65.15,1,-1,-1,-1
23,256,77.32,358.98,28.64,57.72,1,-1,-1,-1
23,255,150.49,354.33,26.24,60.86,1,-1,-1,-1
23,253,303.78,339.86,25.53,56.76,1,-1,-1,-1
23,251,1242.85,286.89,22.42,43.44,1,-1,-1,-1
24,263,1092.93,271.59,22.23,43.90,1,-1,-1,-1
24,261,41.98,380.71,31.63,66.40,1,-1,-1,-1
24,260,1253.74,287.33,18.05,51.06,1,-1,-1,-1
24,259,71.45,389.44,32.54,64.94,1,-1,-1,-1
24,256,84.27,359.37,28.29,57.69,1,-1,-1,-1
24,255,158.97,353.55,28.06,61.07,1,-1,-1,-1
24,253,320.66,339.11,25.43,56.68,1,-1,-1,-1
24,251,1240.39,288.59,21.87,44.08,1,-1,-1,-1
25,265,19.32,368.11,30.75,67.68,1,-1,-1,-1
25,263,1094.96,273.17,20.45,41.11,1,-1,-1,-1
25,261,53.08,382.60,29.70,66.19,1,-1,-1,-1
25,260,1251.27,288.38,17.55,50.84,1,-1,-1,-1
25,259,81.78,388.19,32.59,64.77,1,-1,-1,-1
25,256,91.73,356.10,28.04,57.68,1,-1,-1,-1
25,255,165.09,351.46,27.43,61.02,1,-1,-1,-1
25,253,338.40,335.38,25.36,56.62,1,-1,-1,-1
25,251,1239.06,290.93,19.91,44.11,1,-1,-1,-1
26,265,25.09,368.07,28.79,66.09,1,-1,-1,-1
26,261,57.53,380.44,28.38,66.22,1,-1,-1,-1
26,260,1251.16,286.70,20.11,51.76,1,-1,-1,-1
26,259,87.58,388.41,32.62,64.62,1,-1,-1,-1
26,256,94.27,354.89,27.85,57.68,1,-1,-1,-1
26,255,175.41,350.72,26.96,60.99,1,-1,-1,-1
26,253,353.74,333.61,25.31,56.57,1,-1,-1,-1
26,251,1238.41,290.43,19.02,44.28,1,-1,-1,-1
27,265,32.64,367.50,26.82,61.78,1,-1,-1,-1
27,261,71.62,378.36,27.46,66.36,1,-1,-1,-1
27,260,1249.37,286.78,19.36,50.59,1,-1,-1,-1
27,259,96.47,388.87,32.63,64.49,1,-1,-1,-1
27,255,181.97,349.30,26.61,60.95,1,-1,-1,-1
27,253,370.49,332.35,25.27,56.53,1,-1,-1,-1
27,251,1237.37,289.29,18.16,44.38,1,-1,-1,-1
28,265,38.72,368.64,25.69,59.33,1,-1,-1,-1
28,261,81.44,377.98,26.81,66.53,1,-1,-1,-1
28,260,1247.92,287.54,18.89,49.90,1,-1,-1,-1
28,259,107.71,391.18,32.64,64.38,1,-1,-1,-1
28,255,189.64,348.82,26.35,60.92,1,-1,-1,-1
28,253,387.08,331.29,25.23,56.49,1,-1,-1,-1
28,251,1235.78,290.09,17.44,44.45,1,-1,-1,-1
29,265,39.08,365.07,25.03,57.92,1,-1,-1,-1
29,261,93.12,373.92,26.33,66.70,1,-1,-1,-1
29,260,1245.36,288.98,18.89,48.75,1,-1,-1,-1
29,259,116.85,390.02,32.63,64.29,1,-1,-1,-1
29,255,198.42,348.39,26.15,60.89,1,-1,-1,-1
29,253,402.92,329.33,25.21,56.47,1,-1,-1,-1
29,251,1233.95,290.54,17.96,44.71,1,-1,-1,-1
30,267,74.99,363.47,26.00,66.76,1,-1,-1,-1
30,265,41.57,364.02,24.65,57.11,1,-1,-1,-1
30,261,103.82,373.08,25.99,66.84,1,-1,-1,-1
30,260,1245.31,285.59,20.95,50.83,1,-1,-1,-1
30,259,124.93,388.01,32.63,64.21,1,-1,-1,-1
30,256,118.40,358.12,27.52,57.69,1,-1,-1,-1
30,255,208.42,346.62,26.01,60.87,1,-1,-1,-1
30,253,418.89,325.37,25.19,56.44,1,-1,-1,-1
30,251,1228.44,287.95,19.92,45.12,1,-1,-1,-1
31,268,12.50,386.60,28.75,71.50,1,-1,-1,-1
31,267,83.81,361.83,26.00,66.76,1,-1,-1,-1
31,265,58.11,365.14,24.44,56.66,1,-1,-1,-1
31,261,113.60,371.79,25.74,66.96,1,-1,-1,-1
31,260,1241.44,285.24,22.39,52.03,1,-1,-1,-1
31,259,133.38,387.62,32.61,64.14,1,-1,-1,-1
31,256,127.91,353.98,27.47,57.69,1,-1,-1,-1
31,255,215.72,345.35,25.89,60.84,1,-1,-1,-1
31,253,436.84,324.57,25.17,56.42,1,-1,-1,-1
31,251,1226.04,286.90,21.36,45.36,1,-1,-1,-1
32,268,20.91,387.01,27.36,69.70,1,-1,-1,-1
32,267,79.40,364.31,25.16,62.80,1,-1,-1,-1
32,265,61.48,363.02,24.96,59.38,1,-1,-1,-1
32,261,124.32,370.69,27.33,67.67,1,-1,-1,-1
32,260,1239.81,284.99,23.41,52.74,1,-1,-1,-1
32,259,143.32,387.20,32.60,64.09,1,-1,-1,-1
32,256,134.55,352.60,27.43,57.69,1,-1,-1,-1
32,255,224.50,344.68,25.81,60.81,1,-1,-1,-1
32,253,451.96,322.89,25.16,56.40,1,-1,-1,-1
32,251,1224.93,286.46,22.42,45.51,1,-1,-1,-1
33,268,29.09,384.48,30.42,71.68,1,-1,-1,-1
33,267,82.26,362.26,25.52,64.18,1,-1,-1,-1
33,265,66.36,361.99,25.30,61.49,1,-1,-1,-1
33,261,133.54,369.66,28.47,68.06,1,-1,-1,-1
33,260,1239.10,284.83,24.13,53.16,1,-1,-1,-1
33,259,151.37,386.50,32.59,64.03,1,-1,-1,-1
33,256,142.94,352.11,27.41,57.69,1,-1,-1,-1
33,255,232.96,344.48,25.74,60.79,1,-1,-1,-1
33,253,468.61,321.66,25.15,56.39,1,-1,-1,-1
33,251,1224.37,286.27,23.19,45.60,1,-1,-1,-1
34,270,13.07,368.12,25.00,58.26,1,-1,-1,-1
34,268,34.00,384.30,32.23,72.13,1,-1,-1,-1
34,267,89.03,362.81,25.75,65.25,1,-1,-1,-1
34,265,71.30,359.39,24.98,60.01,1,-1,-1,-1
34,261,141.64,369.28,29.28,68.27,1,-1,-1,-1
34,260,1238.78,284.73,24.63,53.40,1,-1,-1,-1
34,259,161.81,384.43,32.58,63.99,1,-1,-1,-1
34,256,149.01,351.50,27.39,57.69,1,-1,-1,-1
34,255,239.92,343.99,25.69,60.77,1,-1,-1,-1
34,253,482.81,319.22,25.14,56.37,1,-1,-1,-1
34,251,1224.06,286.18,23.77,45.65,1,-1,-1,-1
35,270,22.93,368.43,27.78,60.42,1,-1,-1,-1
35,268,44.97,382.14,29.99,70.31,1,-1,-1,-1
35,267,93.55,364.04,25.87,65.95,1,-1,-1,-1
35,265,77.44,359.09,24.78,59.00,1,-1,-1,-1
35,261,150.11,367.47,29.86,68.37,1,-1,-1,-1
35,260,1235.39,284.97,24.99,53.54,1,-1,-1,-1
35,259,172.09,383.70,32.56,63.95,1,-1,-1,-1
35,256,156.24,351.30,27.37,57.69,1,-1,-1,-1
35,255,248.18,344.04,25.65,60.74,1,-1,-1,-1
35,253,498.57,318.39,25.13,56.36,1,-1,-1,-1
35,251,1222.71,286.14,24.19,45.68,1,-1,-1,-1
36,272,113.00,355.31,26.71,67.07,1,-1,-1,-1
36,271,1232.90,296.63,25.94,57.43,1,-1,-1,-1
36,270,30.64,368.56,29.30,60.97,1,-1,-1,-1
36,268,54.57,381.66,28.48,69.20,1,-1,-1,-1
36,267,97.07,364.38,25.95,66.41,1,-1,-1,-1
36,265,79.49,359.19,24.64,58.32,1,-1,-1,-1
36,261,156.19,366.82,30.28,68.41,1,-1,-1,-1
36,260,1234.12,285.06,25.23,53.60,1,-1,-1,-1
36,259,179.68,384.84,32.55,63.92,1,-1,-1,-1
36,256,161.41,351.25,27.36,57.69,1,-1,-1,-1
36,255,257.81,344.78,25.62,60.72,1,-1,-1,-1
36,253,515.47,317.48,25.12,56.35,1,-1,-1,-1
36,251,1222.16,286.12,24.49,45.69,1,-1,-1,-1
37,272,117.49,354.93,26.62,67.27,1,-1,-1,-1
37,271,1231.37,296.82,25.94,57.43,1,-1,-1,-1
37,270,32.62,368.65,30.20,60.99,1,-1,-1,-1
37,268,61.72,382.11,27.45,68.52,1,-1,-1,-1
37,267,108.04,362.93,25.99,66.73,1,-1,-1,-1
37,265,89.48,359.10,24.56,57.85,1,-1,-1,-1
37,261,159.35,365.93,30.58,68.42,1,-1,-1,-1
37,260,1233.66,285.10,25.40,53.61,1,-1,-1,-1
37,259,193.14,379.12,32.54,63.89,1,-1,-1,-1
37,256,166.49,349.89,27.36,57.69,1,-1,-1,-1
37,255,265.20,342.35,25.60,60.70,1,-1,-1,-1
37,253,527.98,315.15,25.12,56.34,1,-1,-1,-1
37,251,1221.94,286.11,24.72,45.69,1,-1,-1,-1
38,272,127.54,355.80,26.53,67.35,1,-1,-1,-1
38,271,1220.44,296.52,26.96,58.24,1,-1,-1,-1
38,270,38.68,365.66,30.76,60.82,1,-1,-1,-1
38,268,71.33,382.11,26.74,68.11,1,-1,-1,-1
38,267,116.05,361.14,26.02,66.95,1,-1,-1,-1
38,265,97.71,356.83,24.51,57.54,1,-1,-1,-1
38,261,173.66,363.88,30.79,68.40,1,-1,-1,-1
38,259,202.80,376.43,32.53,63.86,1,-1,-1,-1
38,256,176.37,349.40,27.35,57.69,1,-1,-1,-1
38,255,274.40,340.29,25.58,60.68,1,-1,-1,-1
38,253,542.88,312.59,25.11,56.33,1,-1,-1,-1
39,273,11.92,361.21,26.44,60.60,1,-1,-1,-1
39,272,134.62,356.10,26.46,67.38,1,-1,-1,-1
39,271,1216.97,296.36,27.57,58.54,1,-1,-1,-1
39,270,42.34,366.54,31.11,60.59,1,-1,-1,-1
39,268,80.33,382.36,27.67,68.50,1,-1,-1,-1
39,267,120.61,359.29,26.03,67.10,1,-1,-1,-1
39,265,103.74,356.30,24.49,57.34,1,-1,-1,-1
39,261,187.79,361.78,30.94,68.37,1,-1,-1,-1
39,259,209.45,375.48,32.52,63.83,1,-1,-1,-1
39,256,182.08,349.25,27.34,57.69,1,-1,-1,-1
39,255,282.54,339.55,25.56,60.66,1,-1,-1,-1
39,253,557.41,309.64,25.11,56.32,1,-1,-1,-1
40,273,16.39,361.66,26.44,60.60,1,-1,-1,-1
40,272,136.82,356.20,26.40,67.37,1,-1,-1,-1
40,271,1209.75,297.48,27.94,58.62,1,-1,-1,-1
40,270,47.58,367.96,31.34,60.36,1,-1,-1,-1
40,268,88.34,380.49,28.32,68.68,1,-1,-1,-1
40,267,122.05,358.59,26.04,67.21,1,-1,-1,-1
40,265,105.72,356.18,24.48,57.22,1,-1,-1,-1
40,261,199.79,359.34,31.04,68.33,1,-1,-1,-1
40,259,220.12,375.68,32.51,63.81,1,-1,-1,-1
40,256,190.06,348.24,27.34,57.69,1,-1,-1,-1
40,255,290.88,337.85,25.55,60.64,1,-1,-1,-1
40,253,572.50,307.40,25.10,56.31,1,-1,-1,-1
41,274,1186.50,280.14,25.65,49.39,1,-1,-1,-1
41,273,25.37,363.07,26.44,60.60,1,-1,-1,-1
41,272,141.62,361.07,25.77,64.13,1,-1,-1,-1
41,271,1202.57,299.23,28.18,58.61,1,-1,-1,-1
41,270,55.78,365.54,31.48,60.15,1,-1,-1,-1
41,268,98.01,379.77,27.38,68.28,1,-1,-1,-1
41,267,123.22,356.85,26.04,67.28,1,-1,-1,-1
41,261,209.44,357.60,31.11,68.29,1,-1,-1,-1
41,259,229.32,375.82,32.50,63.79,1,-1,-1,-1
41,256,198.96,347.30,27.34,57.69,1,-1,-1,-1
41,255,299.54,338.73,25.53,60.63,1,-1,-1,-1
41,253,585.74,303.89,25.10,56.30,1,-1,-1,-1
42,274,1186.91,279.87,25.60,49.90,1,-1,-1,-1
42,273,32.77,358.84,26.44,60.60,1,-1,-1,-1
42,272,148.13,364.25,25.36,61.98,1,-1,-1,-1
42,271,1195.58,300.27,28.34,58.56,1,-1,-1,-1
42,270,65.01,364.70,31.56,59.96,1,-1,-1,-1
42,268,107.40,379.83,26.71,68.02,1,-1,-1,-1
42,267,127.81,355.99,26.04,67.33,1,-1,-1,-1
42,261,223.19,356.80,29.50,65.95,1,-1,-1,-1
42,259,240.16,372.95,32.49,63.77,1,-1,-1,-1
42,256,206.80,347.43,27.34,57.69,1,-1,-1,-1
42,255,309.54,338.65,25.52,60.61,1,-1,-1,-1
42,253,601.04,302.67,25.10,56.29,1,-1,-1,-1
43,275,1209.82,291.90,25.00,45.54,1,-1,-1,-1
43,274,1187.00,279.67,25.53,50.18,1,-1,-1,-1
43,273,35.05,357.34,26.44,60.60,1,-1,-1,-1
43,272,150.34,365.71,25.10,60.53,1,-1,-1,-1
43,271,1193.30,300.64,28.44,58.49,1,-1,-1,-1
43,270,70.41,364.13,31.61,59.79,1,-1,-1,-1
43,268,115.82,378.96,26.22,67.85,1,-1,-1,-1
43,267,129.32,355.69,26.04,67.37,1,-1,-1,-1
43,261,231.43,357.03,28.29,64.12,1,-1,-1,-1
43,259,246.39,371.93,32.48,63.76,1,-1,-1,-1
43,256,213.62,347.51,27.33,57.69,1,-1,-1,-1
43,255,318.73,337.05,25.51,60.60,1,-1,-1,-1
43,253,614.78,301.49,25.09,56.29,1,-1,-1,-1
44,276,162.24,356.46,27.81,68.46,1,-1,-1,-1
44,275,1203.58,296.04,25.00,45.54,1,-1,-1,-1
44,274,1193.33,295.73,27.25,54.02,1,-1,-1,-1
44,273,41.35,358.95,26.44,60.60,1,-1,-1,-1
44,271,1184.88,300.73,27.59,59.74,1,-1,-1,-1
44,270,76.56,363.38,31.64,59.65,1,-1,-1,-1
44,268,123.41,378.99,25.87,67.74,1,-1,-1,-1
44,267,139.73,355.89,26.04,67.39,1,-1,-1,-1
44,261,243.13,357.83,27.39,62.72,1,-1,-1,-1
44,259,256.57,371.31,32.47,63.74,1,-1,-1,-1
44,256,222.48,346.71,26.70,57.61,1,-1,-1,-1
44,255,326.52,336.18,25.51,60.58,1,-1,-1,-1
44,253,628.41,300.55,25.09,56.28,1,-1,-1,-1
45,276,167.19,355.07,27.12,67.72,1,-1,-1,-1
45,275,1197.73,297.50,25.00,45.54,1,-1,-1,-1
45,274,1195.33,300.85,28.16,56.16,1,-1,-1,-1
45,273,43.37,359.56,26.44,60.60,1,-1,-1,-1
45,271,1178.02,300.23,26.96,60.74,1,-1,-1,-1
45,270,86.74,363.29,30.33,61.36,1,-1,-1,-1
45,268,133.78,377.07,25.55,65.22,1,-1,-1,-1
45,267,150.62,353.21,25.72,62.87,1,-1,-1,-1
45,261,254.58,356.40,26.72,61.66,1,-1,-1,-1
45,259,268.01,369.30,32.47,63.73,1,-1,-1,-1
45,256,230.28,345.67,27.94,57.75,1,-1,-1,-1
45,255,335.64,334.63,28.23,60.82,1,-1,-1,-1
45,253,642.03,299.37,25.09,56.27,1,-1,-1,-1
46,276,171.41,354.81,26.72,67.40,1,-1,-1,-1
46,275,1194.01,298.77,25.00,45.54,1,-1,-1,-1
46,273,43.85,359.79,26.44,60.60,1,-1,-1,-1
46,271,1172.40,298.17,26.53,55.75,1,-1,-1,-1
46,270,91.84,360.90,29.35,62.76,1,-1,-1,-1
46,268,142.35,377.15,25.31,63.42,1,-1,-1,-1
46,267,156.06,351.31,25.43,59.70,1,-1,-1,-1
46,261,265.53,355.61,26.22,60.86,1,-1,-1,-1
46,259,278.39,368.43,32.46,63.71,1,-1,-1,-1
46,256,235.15,345.45,28.86,57.84,1,-1,-1,-1
46,255,340.35,332.59,29.57,60.90,1,-1,-1,-1
46,253,653.65,298.01,25.08,56.27,1,-1,-1,-1
47,276,180.56,355.22,26.48,67.26,1,-1,-1,-1
47,275,1190.32,297.98,24.73,43.47,1,-1,-1,-1
47,273,54.47,358.48,26.44,60.60,1,-1,-1,-1
47,271,1165.87,297.46,26.15,52.34,1,-1,-1,-1
47,270,96.84,359.49,28.61,63.87,1,-1,-1,-1
47,268,148.21,377.31,25.13,62.12,1,-1,-1,-1
47,267,165.49,350.72,25.19,57.45,1,-1,-1,-1
47,261,274.55,354.61,25.85,60.27,1,-1,-1,-1
47,259,288.75,367.13,30.45,63.48,1,-1,-1,-1
47,256,242.35,345.46,27.83,57.73,1,-1,-1,-1
47,255,351.40,330.56,28.41,60.79,1,-1,-1,-1
47,253,667.69,295.98,25.08,56.26,1,-1,-1,-1
48,277,206.28,339.03,27.48,58.97,1,-1,-1,-1
48,276,189.36,356.47,25.75,64.88,1,-1,-1,-1
48,275,1185.89,299.83,25.09,45.50,1,-1,-1,-1
48,273,65.65,355.52,26.44,60.60,1,-1,-1,-1
48,271,1159.37,305.47,25.94,52.32,1,-1,-1,-1
48,270,109.39,359.50,28.05,64.74,1,-1,-1,-1
48,268,159.36,379.47,25.30,61.74,1,-1,-1,-1
48,267,170.35,348.61,25.01,53.92,1,-1,-1,-1
48,261,283.93,353.66,25.58,59.83,1,-1,-1,-1
48,259,299.46,366.49,28.96,63.31,1,-1,-1,-1
48,256,252.53,345.02,27.07,57.66,1,-1,-1,-1
48,255,360.29,329.62,27.55,60.71,1,-1,-1,-1
48,253,680.88,294.70,25.08,56.25,1,-1,-1,-1
49,277,212.75,339.76,27.48,58.97,1,-1,-1,-1
49,276,194.39,357.24,25.31,63.37,1,-1,-1,-1
49,275,1181.70,299.88,25.25,46.89,1,-1,-1,-1
49,274,1196.03,289.87,25.59,46.17,1,-1,-1,-1
49,273,71.29,354.43,26.44,60.60,1,-1,-1,-1
49,271,1152.08,309.21,25.79,52.33,1,-1,-1,-1
49,270,115.38,359.59,27.63,65.41,1,-1,-1,-1
49,268,166.58,379.89,25.43,61.47,1,-1,-1,-1
49,267,177.12,348.70,24.84,51.45,1,-1,-1,-1
49,261,294.91,352.70,25.38,59.50,1,-1,-1,-1
49,259,308.48,367.08,27.86,63.17,1,-1,-1,-1
49,256,258.63,343.66,26.50,57.60,1,-1,-1,-1
49,255,366.85,328.85,26.91,60.64,1,-1,-1,-1
49,253,690.60,293.81,25.07,56.25,1,-1,-1,-1
50,278,1230.45,308.75,25.00,52.05,1,-1,-1,-1
50,277,214.25,340.03,27.48,58.97,1,-1,-1,-1
50,276,196.00,357.72,25.03,62.40,1,-1,-1,-1
50,275,1180.35,299.60,25.32,47.86,1,-1,-1,-1
50,274,1195.04,290.48,25.28,44.96,1,-1,-1,-1
50,273,73.12,354.05,26.44,60.60,1,-1,-1,-1
50,271,1149.67,310.57,25.69,52.35,1,-1,-1,-1
50,270,117.39,359.52,27.31,65.92,1,-1,-1,-1
50,268,168.88,380.12,25.52,61.28,1,-1,-1,-1
50,267,179.43,349.23,24.69,49.70,1,-1,-1,-1
50,261,298.61,352.45,25.23,59.27,1,-1,-1,-1
50,259,320.58,366.00,27.05,63.07,1,-1,-1,-1
50,256,260.69,343.18,26.09,57.55,1,-1,-1,-1
50,255,369.04,328.62,26.44,60.58,1,-1,-1,-1
50,253,702.58,291.49,25.07,56.24,1,-1,-1,-1
51,278,1220.28,312.17,25.00,52.05,1,-1,-1,-1
51,277,226.36,341.06,25.99,53.59,1,-1,-1,-1
51,276,211.07,357.18,24.86,61.78,1,-1,-1,-1
51,275,1175.45,299.69,25.34,48.54,1,-1,-1,-1
51,274,1194.67,290.87,25.08,44.15,1,-1,-1,-1
51,273,84.30,353.94,26.44,60.60,1,-1,-1,-1
51,271,1139.89,308.90,25.80,54.59,1,-1,-1,-1
51,270,124.51,357.76,27.08,66.30,1,-1,-1,-1
51,268,183.08,378.96,26.00,60.55,1,-1,-1,-1
51,267,187.97,351.84,25.12,52.53,1,-1,-1,-1
51,261,309.91,351.22,25.13,59.10,1,-1,-1,-1
51,259,331.03,364.41,26.46,63.00,1,-1,-1,-1
51,256,274.02,342.62,25.78,57.53,1,-1,-1,-1
51,255,381.57,328.18,26.09,60.54,1,-1,-1,-1
51,253,713.40,290.01,23.92,54.31,1,-1,-1,-1
52,278,1212.81,312.58,25.00,52.05,1,-1,-1,-1
52,277,230.41,342.16,25.07,50.28,1,-1,-1,-1
52,276,216.41,357.06,24.76,61.38,1,-1,-1,-1
52,275,1170.40,299.18,25.34,49.02,1,-1,-1,-1
52,274,1192.46,291.31,24.94,43.58,1,-1,-1,-1
52,273,88.23,353.92,26.44,60.60,1,-1,-1,-1
52,271,1131.98,308.17,25.84,56.28,1,-1,-1,-1
52,270,127.88,357.04,26.90,66.58,1,-1,-1,-1
52,268,191.73,378.20,26.35,60.03,1,-1,-1,-1
52,267,190.86,352.34,25.38,54.66,1,-1,-1,-1
52,261,321.40,349.51,25.05,58.97,1,-1,-1,-1
52,259,340.96,363.04,26.02,62.96,1,-1,-1,-1
52,256,279.95,342.27,25.55,57.50,1,-1,-1,-1
52,255,391.65,328.07,25.83,60.51,1,-1,-1,-1
52,253,725.54,289.54,23.04,52.80,1,-1,-1,-1
53,279,1255.93,289.00,15.89,58.29,1,-1,-1,-1
53,278,1205.41,312.45,25.00,52.05,1,-1,-1,-1
53,277,242.47,338.39,25.25,53.23,1,-1,-1,-1
53,276,228.90,357.69,24.61,59.55,1,-1,-1,-1
53,275,1164.17,298.31,25.32,49.35,1,-1,-1,-1
53,274,1190.32,291.73,24.85,43.20,1,-1,-1,-1
53,273,92.97,353.94,26.44,60.60,1,-1,-1,-1
53,271,1123.87,307.73,25.84,57.54,1,-1,-1,-1
53,270,136.27,357.92,26.76,66.78,1,-1,-1,-1
53,268,199.55,378.02,26.61,59.67,1,-1,-1,-1
53,267,199.62,353.05,25.55,56.26,1,-1,-1,-1
53,261,333.86,346.58,25.00,58.88,1,-1,-1,-1
53,259,350.22,362.87,25.69,62.93,1,-1,-1,-1
53,256,287.19,341.58,25.38,57.49,1,-1,-1,-1
53,255,400.43,328.37,25.63,60.48,1,-1,-1,-1
53,253,737.66,289.75,22.39,51.65,1,-1,-1,-1
54,281,1218.50,294.43,21.15,55.46,1,-1,-1,-1
54,280,1157.15,294.58,10.62,47.25,1,-1,-1,-1
54,279,1250.80,288.97,16.03,57.71,1,-1,-1,-1
54,278,1195.71,314.73,25.00,52.05,1,-1,-1,-1
54,277,250.15,338.17,25.28,55.36,1,-1,-1,-1
54,276,237.17,357.89,24.52,58.30,1,-1,-1,-1
54,275,1159.77,298.21,25.30,49.59,1,-1,-1,-1
54,274,1186.94,291.61,24.80,42.93,1,-1,-1,-1
54,273,100.94,354.29,26.44,60.60,1,-1,-1,-1
54,271,1115.96,308.57,25.84,58.49,1,-1,-1,-1
54,270,143.69,357.59,26.66,66.93,1,-1,-1,-1
54,268,206.89,377.40,26.80,59.40,1,-1,-1,-1
54,267,206.50,350.46,25.66,57.47,1,-1,-1,-1
54,261,341.65,345.55,24.96,58.82,1,-1,-1,-1
54,259,358.48,362.22,25.46,62.91,1,-1,-1,-1
54,256,293.49,342.00,25.26,57.48,1,-1,-1,-1
54,255,412.74,326.25,26.78,59.53,1,-1,-1,-1
54,253,747.56,288.83,21.89,50.76,1,-1,-1,-1
55,281,1215.11,295.62,21.15,55.46,1,-1,-1,-1
55,279,1246.63,290.96,16.07,57.16,1,-1,-1,-1
55,278,1188.08,313.13,25.00,52.05,1,-1,-1,-1
55,277,257.86,337.24,25.25,56.92,1,-1,-1,-1
55,276,245.62,358.16,24.46,57.44,1,-1,-1,-1
55,275,1156.55,298.59,23.41,49.24,1,-1,-1,-1
55,274,1183.49,292.22,23.03,42.38,1,-1,-1,-1
55,273,108.34,354.44,26.44,60.60,1,-1,-1,-1
55,271,1109.87,308.68,25.83,59.20,1,-1,-1,-1
55,270,151.63,357.45,26.58,67.03,1,-1,-1,-1
55,268,218.33,377.48,26.94,59.22,1,-1,-1,-1
55,267,213.22,349.02,25.73,58.37,1,-1,-1,-1
55,261,351.75,343.76,24.93,58.78,1,-1,-1,-1
55,259,365.36,363.24,25.28,62.90,1,-1,-1,-1
55,256,300.22,341.19,25.17,57.48,1,-1,-1,-1
55,255,419.72,325.88,27.62,58.88,1,-1,-1,-1
55,253,759.07,289.13,21.53,50.10,1,-1,-1,-1
56,281,1210.51,296.23,21.15,55.46,1,-1,-1,-1
56,279,1241.52,292.33,16.07,56.67,1,-1,-1,-1
56,278,1181.14,312.00,25.00,52.05,1,-1,-1,-1
56,277,260.36,336.64,25.20,58.08,1,-1,-1,-1
56,276,248.45,358.41,24.44,56.85,1,-1,-1,-1
56,275,1153.15,298.76,22.04,49.02,1,-1,-1,-1
56,274,1178.85,293.77,21.75,41.99,1,-1,-1,-1
56,273,114.04,355.00,26.44,60.60,1,-1,-1,-1
56,271,1102.74,308.80,25.81,59.72,1,-1,-1,-1
56,270,159.25,358.37,26.52,67.11,1,-1,-1,-1
56,268,226.40,376.59,27.05,59.08,1,-1,-1,-1
56,267,215.45,348.34,25.78,59.04,1,-1,-1,-1
56,261,362.23,343.66,24.91,58.75,1,-1,-1,-1
56,259,378.86,361.46,25.16,62.90,1,-1,-1,-1
56,256,307.61,340.18,25.11,57.48,1,-1,-1,-1
56,255,429.49,325.44,25.65,58.35,1,-1,-1,-1
56,253,767.83,289.68,21.25,49.60,1,-1,-1,-1
57,281,1204.30,297.87,21.15,55.46,1,-1,-1,-1
57,279,1235.89,293.16,16.05,56.26,1,-1,-1,-1
57,278,1176.14,314.13,25.00,52.05,1,-1,-1,-1
57,277,274.70,335.11,25.88,58.86,1,-1,-1,-1
57,276,259.42,354.17,24.53,57.88,1,-1,-1,-1
57,275,1148.64,299.28,21.05,48.89,1,-1,-1,-1
57,274,1177.39,294.39,20.83,41.72,1,-1,-1,-1
57,273,120.42,356.19,26.44,60.60,1,-1,-1,-1
57,271,1093.95,309.40,25.80,60.11,1,-1,-1,-1
57,270,165.69,357.75,26.47,67.16,1,-1,-1,-1
57,268,235.47,373.72,27.13,58.99,1,-1,-1,-1
57,267,218.27,347.98,25.82,59.54,1,-1,-1,-1
57,261,369.27,344.00,24.90,58.73,1,-1,-1,-1
57,259,388.06,359.20,25.06,62.90,1,-1,-1,-1
57,256,314.28,339.82,25.06,57.48,1,-1,-1,-1
57,255,438.78,325.06,26.17,58.00,1,-1,-1,-1
57,253,775.15,290.04,21.05,49.23,1,-1,-1,-1
58,282,1126.90,299.25,13.05,50.78,1,-1,-1,-1
58,281,1198.29,298.40,21.15,55.46,1,-1,-1,-1
58,279,1229.61,294.02,16.02,55.91,1,-1,-1,-1
58,278,1168.83,314.20,25.00,52.05,1,-1,-1,-1
58,277,282.36,332.84,26.36,59.37,1,-1,-1,-1
58,276,268.71,352.17,24.59,58.65,1,-1,-1,-1
58,275,1143.42,299.93,20.33,48.82,1,-1,-1,-1
58,273,128.04,356.64,26.44,60.60,1,-1,-1,-1
58,271,1084.77,310.44,25.79,60.40,1,-1,-1,-1
58,270,172.64,355.91,26.44,67.19,1,-1,-1,-1
58,268,243.97,371.54,27.19,58.92,1,-1,-1,-1
58,267,231.02,345.45,23.82,59.52,1,-1,-1,-1
58,261,379.51,342.82,24.89,58.72,1,-1,-1,-1
58,259,396.59,357.94,25.00,62.91,1,-1,-1,-1
58,256,323.09,338.28,26.82,56.73,1,-1,-1,-1
58,255,446.37,323.87,26.55,57.75,1,-1,-1,-1
58,253,782.23,288.22,20.90,48.96,1,-1,-1,-1
59,282,1120.80,298.65,14.21,51.30,1,-1,-1,-1
59,281,1190.94,298.55,21.15,55.46,1,-1,-1,-1
59,279,1222.45,294.91,19.46,59.06,1,-1,-1,-1
59,278,1162.50,314.66,25.00,52.05,1,-1,-1,-1
59,277,292.16,332.21,23.98,58.72,1,-1,-1,-1
59,276,276.45,349.01,24.63,59.23,1,-1,-1,-1
59,275,1139.48,299.92,19.81,48.80,1,-1,-1,-1
59,273,134.99,357.27,26.44,60.60,1,-1,-1,-1
59,271,1077.52,311.21,25.78,60.61,1,-1,-1,-1
59,270,179.54,353.85,26.41,67.21,1,-1,-1,-1
59,268,251.35,368.94,27.24,58.87,1,-1,-1,-1
59,267,237.99,344.29,22.35,59.52,1,-1,-1,-1
59,261,390.26,340.59,24.88,58.72,1,-1,-1,-1
59,259,408.09,353.51,26.50,63.11,1,-1,-1,-1
59,256,329.08,336.71,26.49,56.19,1,-1,-1,-1
59,255,456.13,323.65,22.59,57.29,1,-1,-1,-1
59,253,789.94,286.95,20.79,48.76,1,-1,-1,-1
60,284,1201.36,293.44,18.17,54.44,1,-1,-1,-1
60,282,1112.84,298.28,17.28,53.02,1,-1,-1,-1
60,281,1186.09,298.77,21.15,55.46,1,-1,-1,-1
60,279,1214.89,293.83,18.44,57.75,1,-1,-1,-1
60,278,1153.98,313.99,25.19,54.16,1,-1,-1,-1
60,277,301.25,334.70,24.29,55.85,1,-1,-1,-1
60,276,286.29,349.53,26.08,60.08,1,-1,-1,-1
60,275,1136.21,302.32,19.43,48.80,1,-1,-1,-1
60,273,141.08,355.32,26.44,60.60,1,-1,-1,-1
60,271,1070.16,310.36,24.43,62.12,1,-1,-1,-1
60,270,184.81,352.30,26.39,67.22,1,-1,-1,-1
60,268,262.20,370.53,25.35,58.58,1,-1,-1,-1
60,267,244.96,344.08,21.27,59.54,1,-1,-1,-1
60,261,400.62,338.21,24.88,58.72,1,-1,-1,-1
60,259,416.67,352.27,27.62,63.24,1,-1,-1,-1
60,256,337.16,336.69,24.78,55.71,1,-1,-1,-1
60,255,465.97,322.97,23.53,57.20,1,-1,-1,-1
60,253,798.19,286.66,18.52,48.40,1,-1,-1,-1
61,284,1198.05,293.59,18.17,54.44,1,-1,-1,-1
61,282,1104.96,295.48,19.12,53.06,1,-1,-1,-1
61,281,1181.19,299.95,21.15,55.46,1,-1,-1,-1
61,279,1208.01,293.46,17.71,56.80,1,-1,-1,-1
61,278,1146.95,314.29,25.29,55.71,1,-1,-1,-1
61,277,305.71,336.11,24.50,53.90,1,-1,-1,-1
61,276,291.74,349.95,27.13,60.64,1,-1,-1,-1
61,275,1131.38,302.79,19.15,48.82,1,-1,-1,-1
61,273,147.79,355.17,26.44,60.60,1,-1,-1,-1
61,271,1061.37,309.73,24.87,63.89,1,-1,-1,-1
61,270,192.40,352.63,26.37,67.22,1,-1,-1,-1
61,268,272.13,371.83,23.95,58.35,1,-1,-1,-1
61,267,253.10,344.61,20.48,59.57,1,-1,-1,-1
61,261,409.08,337.38,24.88,58.72,1,-1,-1,-1
61,259,427.03,352.33,24.98,62.95,1,-1,-1,-1
61,256,344.98,336.46,25.62,55.45,1,-1,-1,-1
61,255,470.29,320.40,24.22,57.14,1,-1,-1,-1
61,253,806.27,285.82,19.89,48.44,1,-1,-1,-1
62,284,1190.07,294.59,18.17,54.44,1,-1,-1,-1
62,282,1097.31,295.93,20.28,52.64,1,-1,-1,-1
62,281,1176.35,300.35,21.15,55.46,1,-1,-1,-1
62,279,1201.69,294.08,17.18,56.10,1,-1,-1,-1
62,278,1139.03,314.11,25.33,56.84,1,-1,-1,-1
62,277,312.88,332.24,24.65,52.56,1,-1,-1,-1
62,276,300.51,346.59,28.12,64.17,1,-1,-1,-1
62,275,1128.05,303.22,18.96,48.85,1,-1,-1,-1
62,273,156.00,355.25,24.84,60.33,1,-1,-1,-1
62,271,1051.84,309.44,25.18,65.18,1,-1,-1,-1
62,270,200.91,352.43,27.25,67.34,1,-1,-1,-1
62,268,279.55,370.63,22.92,58.18,1,-1,-1,-1
62,267,260.44,344.53,19.89,59.61,1,-1,-1,-1
62,261,417.71,336.53,24.88,58.72,1,-1,-1,-1
62,259,436.48,351.70,26.11,63.10,1,-1,-1,-1
62,256,351.28,335.86,26.24,55.28,1,-1,-1,-1
62,255,479.25,319.85,23.11,56.96,1,-1,-1,-1
62,253,813.86,285.71,17.91,48.14,1,-1,-1,-1
63,285,16.95,394.08,33.30,77.78,1,-1,-1,-1
63,282,1091.61,297.44,21.02,52.11,1,-1,-1,-1
63,281,1170.07,301.22,21.15,55.46,1,-1,-1,-1
63,279,1192.89,294.81,16.79,55.59,1,-1,-1,-1
63,278,1131.30,313.44,25.34,57.66,1,-1,-1,-1
63,277,323.83,332.72,24.77,51.62,1,-1,-1,-1
63,276,311.92,344.60,29.69,65.54,1,-1,-1,-1
63,275,1122.14,303.15,18.82,48.88,1,-1,-1,-1
63,273,162.55,354.45,25.26,60.41,1,-1,-1,-1
63,271,1043.11,309.64,25.40,66.12,1,-1,-1,-1
63,270,207.20,351.66,27.11,67.32,1,-1,-1,-1
63,268,289.46,370.43,22.17,58.05,1,-1,-1,-1
63,267,269.77,344.51,19.46,59.66,1,-1,-1,-1
63,261,425.59,335.52,24.88,58.73,1,-1,-1,-1
63,259,447.84,349.81,26.94,63.19,1,-1,-1,-1
63,256,357.71,335.32,26.70,55.15,1,-1,-1,-1
63,255,488.07,320.10,22.28,56.82,1,-1,-1,-1
63,253,821.71,285.97,16.44,47.88,1,-1,-1,-1
64,285,20.57,393.57,37.24,78.05,1,-1,-1,-1
64,282,1085.98,297.91,21.50,51.60,1,-1,-1,-1
64,281,1161.97,301.75,21.15,55.46,1,-1,-1,-1
64,279,1185.58,296.08,16.50,55.21,1,-1,-1,-1
64,278,1124.83,315.55,25.33,58.26,1,-1,-1,-1
64,277,331.23,331.49,24.86,50.96,1,-1,-1,-1
64,276,318.32,342.54,30.83,66.45,1,-1,-1,-1
64,275,1120.15,303.09,18.72,48.92,1,-1,-1,-1
64,273,167.11,354.55,25.57,60.47,1,-1,-1,-1
64,271,1032.09,308.37,27.99,67.27,1,-1,-1,-1
64,270,213.96,350.68,25.48,67.10,1,-1,-1,-1
64,268,299.56,370.34,25.39,58.56,1,-1,-1,-1
64,267,277.19,343.82,19.15,59.71,1,-1,-1,-1
64,261,435.84,334.12,23.74,58.60,1,-1,-1,-1
64,259,458.80,348.52,26.25,63.13,1,-1,-1,-1
64,256,365.91,335.40,27.04,55.07,1,-1,-1,-1
64,255,497.29,318.76,24.66,56.98,1,-1,-1,-1
64,253,829.33,285.71,15.35,47.67,1,-1,-1,-1
65,285,29.30,396.26,33.76,74.32,1,-1,-1,-1
65,282,1079.71,300.54,21.81,51.14,1,-1,-1,-1
65,281,1157.59,301.91,21.15,55.46,1,-1,-1,-1
65,279,1178.58,297.54,16.29,54.91,1,-1,-1,-1
65,278,1118.16,316.26,23.37,58.13,1,-1,-1,-1
65,277,340.63,331.61,22.73,50.09,1,-1,-1,-1
65,276,327.81,340.74,27.16,66.16,1,-1,-1,-1
65,273,173.02,354.18,25.80,60.51,1,-1,-1,-1
65,271,1025.09,309.34,29.89,67.98,1,-1,-1,-1
65,270,220.96,350.19,27.03,67.29,1,-1,-1,-1
65,268,306.25,368.05,27.82,60.46,1,-1,-1,-1
65,267,284.26,343.15,18.92,59.76,1,-1,-1,-1
65,261,447.05,331.15,22.90,58.51,1,-1,-1,-1
65,259,466.95,347.87,25.73,63.08,1,-1,-1,-1
65,256,372.96,334.11,27.29,55.00,1,-1,-1,-1
65,255,504.88,315.65,23.20,56.82,1,-1,-1,-1
65,253,836.12,285.00,14.55,47.50,1,-1,-1,-1
66,286,1252.55,300.28,18.16,54.44,1,-1,-1,-1
66,285,39.73,401.05,31.60,72.15,1,-1,-1,-1
66,282,1075.35,301.42,22.01,50.74,1,-1,-1,-1
66,281,1152.64,303.64,21.15,55.46,1,-1,-1,-1
66,279,1170.65,297.00,16.13,54.69,1,-1,-1,-1
66,278,1111.26,315.94,21.94,58.08,1,-1,-1,-1
66,277,350.98,331.16,22.50,49.71,1,-1,-1,-1
66,276,337.43,339.44,25.74,66.26,1,-1,-1,-1
66,273,181.67,352.16,25.97,60.54,1,-1,-1,-1
66,271,1015.87,309.62,27.84,67.99,1,-1,-1,-1
66,270,228.25,347.96,28.18,67.41,1,-1,-1,-1
66,268,317.19,367.70,24.35,60.59,1,-1,-1,-1
66,267,293.63,343.93,21.64,60.37,1,-1,-1,-1
66,261,455.87,329.55,22.28,58.44,1,-1,-1,-1
66,259,477.43,346.84,24.01,62.89,1,-1,-1,-1
66,256,379.65,333.53,25.83,54.83,1,-1,-1,-1
66,255,514.94,315.69,22.12,56.70,1,-1,-1,-1
66,253,842.25,283.80,16.83,47.88,1,-1,-1,-1
67,286,1251.38,300.31,18.16,54.44,1,-1,-1,-1
67,285,50.48,403.70,30.22,70.87,1,-1,-1,-1
67,282,1069.40,302.26,22.21,51.77,1,-1,-1,-1
67,281,1144.83,303.69,21.15,55.46,1,-1,-1,-1
67,279,1162.75,298.89,16.02,54.52,1,-1,-1,-1
67,278,1102.59,315.67,22.99,58.67,1,-1,-1,-1
67,277,358.98,330.08,22.21,49.99,1,-1,-1,-1
67,276,345.55,338.65,27.81,67.00,1,-1,-1,-1
67,273,189.42,352.10,26.09,60.56,1,-1,-1,-1
67,271,1006.78,310.76,27.13,68.13,1,-1,-1,-1
67,270,234.60,347.82,29.02,67.48,1,-1,-1,-1
67,268,326.66,364.62,23.17,61.09,1,-1,-1,-1
67,267,299.78,344.87,23.65,60.73,1,-1,-1,-1
67,261,463.93,327.90,21.82,58.39,1,-1,-1,-1
67,259,487.60,345.81,25.51,63.08,1,-1,-1,-1
67,256,386.23,333.38,24.75,54.69,1,-1,-1,-1
67,255,523.68,315.70,22.93,56.76,1,-1,-1,-1
67,253,848.84,282.85,17.27,47.94,1,-1,-1,-1
68,287,1113.03,293.77,18.71,49.78,1,-1,-1,-1
68,286,1251.21,300.28,18.16,54.44,1,-1,-1,-1
68,285,59.81,406.89,29.29,70.11,1,-1,-1,-1
68,282,1062.59,302.39,22.31,52.44,1,-1,-1,-1
68,281,1141.01,304.60,21.15,55.46,1,-1,-1,-1
68,279,1151.92,298.03,16.69,56.12,1,-1,-1,-1
68,278,1093.97,316.38,23.77,59.06,1,-1,-1,-1
68,277,364.87,330.57,22.00,50.22,1,-1,-1,-1
68,276,349.00,338.31,29.32,67.46,1,-1,-1,-1
68,273,195.22,352.32,26.19,60.57,1,-1,-1,-1
68,271,998.37,311.68,28.84,68.51,1,-1,-1,-1
68,270,240.65,347.57,29.64,67.52,1,-1,-1,-1
68,268,334.39,362.69,22.30,61.51,1,-1,-1,-1
68,267,305.98,342.89,25.14,60.95,1,-1,-1,-1
68,261,473.28,327.58,21.48,58.36,1,-1,-1,-1
68,259,495.30,344.99,26.62,63.20,1,-1,-1,-1
68,256,394.08,333.16,23.95,54.59,1,-1,-1,-1
68,255,528.95,315.74,23.53,56.80,1,-1,-1,-1
68,253,854.08,282.06,17.61,47.99,1,-1,-1,-1
69,287,1102.48,300.91,18.71,49.78,1,-1,-1,-1
69,286,1239.79,299.37,18.16,54.44,1,-1,-1,-1
69,285,69.27,407.38,28.67,69.65,1,-1,-1,-1
69,282,1056.54,302.13,22.36,52.88,1,-1,-1,-1
69,281,1135.81,303.99,20.26,55.91,1,-1,-1,-1
69,279,1143.26,296.38,18.07,56.59,1,-1,-1,-1
69,278,1086.74,316.76,22.58,58.93,1,-1,-1,-1
69,277,374.44,329.42,21.86,50.41,1,-1,-1,-1
69,276,359.66,338.09,28.87,67.53,1,-1,-1,-1
69,273,201.39,351.29,26.25,60.58,1,-1,-1,-1
69,271,987.72,312.24,28.21,68.55,1,-1,-1,-1
69,270,249.82,346.56,30.10,67.54,1,-1,-1,-1
69,268,343.81,360.60,21.66,61.85,1,-1,-1,-1
69,267,314.46,342.50,26.24,61.10,1,-1,-1,-1
69,261,481.69,326.03,21.23,58.34,1,-1,-1,-1
69,259,506.43,342.98,24.74,63.01,1,-1,-1,-1
69,256,401.93,330.87,23.36,54.51,1,-1,-1,-1
69,255,538.66,315.48,22.41,56.69,1,-1,-1,-1
69,253,860.51,281.04,17.86,48.03,1,-1,-1,-1
70,288,1160.76,302.66,16.98,53.87,1,-1,-1,-1
70,287,1092.48,304.11,18.71,49.78,1,-1,-1,-1
70,286,1232.86,300.06,18.16,54.44,1,-1,-1,-1
70,285,77.83,403.71,32.15,71.06,1,-1,-1,-1
70,282,1050.36,303.18,22.37,53.15,1,-1,-1,-1
70,281,1128.88,304.30,22.98,57.38,1,-1,-1,-1
70,278,1078.67,318.21,23.13,59.16,1,-1,-1,-1
70,277,380.15,328.73,21.76,50.57,1,-1,-1,-1
70,276,370.52,336.31,28.53,67.58,1,-1,-1,-1
70,273,207.58,350.43,26.30,60.59,1,-1,-1,-1
70,271,976.59,313.64,27.75,68.58,1,-1,-1,-1
70,270,257.04,345.72,30.43,67.55,1,-1,-1,-1
70,268,352.85,358.87,23.04,62.49,1,-1,-1,-1
70,267,322.03,340.14,27.05,61.20,1,-1,-1,-1
70,261,489.39,325.02,21.05,58.33,1,-1,-1,-1
70,259,516.11,341.38,26.92,63.25,1,-1,-1,-1
70,256,409.59,330.05,22.92,54.46,1,-1,-1,-1
70,255,548.62,315.30,24.67,56.88,1,-1,-1,-1
70,253,866.47,280.68,18.04,48.06,1,-1,-1,-1
71,288,1157.88,301.88,17.84,54.46,1,-1,-1,-1
71,287,1084.11,304.11,18.71,49.78,1,-1,-1,-1
71,286,1227.76,298.88,18.16,54.44,1,-1,-1,-1
71,285,82.79,398.80,34.57,71.63,1,-1,-1,-1
71,282,1044.18,306.27,22.36,53.31,1,-1,-1,-1
71,281,1122.67,303.83,24.96,58.22,1,-1,-1,-1
71,278,1072.28,318.28,23.52,59.31,1,-1,-1,-1
71,277,381.95,328.46,21.69,50.71,1,-1,-1,-1
71,276,375.66,334.98,28.27,67.62,1,-1,-1,-1
71,273,212.99,346.73,26.34,60.59,1,-1,-1,-1
71,271,969.86,314.79,30.82,69.20,1,-1,-1,-1
71,270,266.26,344.75,30.68,67.55,1,-1,-1,-1
71,268,360.26,358.18,24.06,62.92,1,-1,-1,-1
71,267,328.41,337.88,27.65,61.27,1,-1,-1,-1
71,261,496.73,323.33,20.92,58.33,1,-1,-1,-1
71,259,524.41,342.18,28.53,63.39,1,-1,-1,-1
71,256,412.22,329.79,22.60,54.42,1,-1,-1,-1
71,255,555.01,314.55,26.34,57.00,1,-1,-1,-1
71,253,872.46,280.58,18.18,48.09,1,-1,-1,-1
72,288,1152.08,303.67,18.32,54.56,1,-1,-1,-1
72,287,1077.57,303.41,18.71,49.78,1,-1,-1,-1
72,286,1221.22,300.56,18.16,54.44,1,-1,-1,-1
72,285,90.07,399.75,36.26,71.82,1,-1,-1,-1
72,282,1035.94,302.57,22.34,53.40,1,-1,-1,-1
72,281,1113.30,302.58,26.40,58.71,1,-1,-1,-1
72,278,1064.12,318.67,23.81,59.41,1,-1,-1,-1
72,277,391.92,329.05,21.64,50.83,1,-1,-1,-1
72,276,375.89,335.21,28.09,67.65,1,-1,-1,-1
72,273,218.43,345.54,27.71,62.33,1,-1,-1,-1
72,271,961.94,317.16,29.68,69.06,1,-1,-1,-1
72,270,273.47,345.11,30.86,67.54,1,-1,-1,-1
72,268,357.80,357.90,24.81,63.21,1,-1,-1,-1
72,267,326.34,338.42,28.09,61.31,1,-1,-1,-1
72,261,505.31,322.75,20.82,58.33,1,-1,-1,-1
72,259,535.36,341.04,26.73,63.24,1,-1,-1,-1
72,256,421.90,332.49,22.36,54.39,1,-1,-1,-1
72,255,563.62,314.14,25.15,56.91,1,-1,-1,-1
72,253,880.55,280.56,18.29,48.11,1,-1,-1,-1
73,288,1147.48,301.70,21.63,56.54,1,-1,-1,-1
73,287,1073.25,304.57,21.11,54.75,1,-1,-1,-1
73,285,102.77,400.42,37.45,71.82,1,-1,-1,-1
73,282,1029.44,304.19,21.50,52.78,1,-1,-1,-1
73,281,1105.67,303.41,27.45,59.01,1,-1,-1,-1
73,278,1052.14,317.91,27.73,62.33,1,-1,-1,-1
73,277,404.07,327.36,21.62,51.61,1,-1,-1,-1
73,276,381.33,345.82,27.95,67.67,1,-1,-1,-1
73,273,224.92,345.01,27.38,61.89,1,-1,-1,-1
73,271,951.37,314.98,32.24,69.48,1,-1,-1,-1
73,270,281.76,343.92,30.99,67.53,1,-1,-1,-1
73,268,373.71,335.38,24.05,60.17,1,-1,-1,-1
73,267,342.53,337.28,28.42,61.34,1,-1,-1,-1
73,261,514.72,319.57,20.75,58.34,1,-1,-1,-1
73,259,544.22,340.48,28.39,63.39,1,-1,-1,-1
73,256,428.57,326.13,23.65,57.15,1,-1,-1,-1
73,255,570.87,312.83,26.69,57.02,1,-1,-1,-1
73,253,885.11,278.57,18.37,48.13,1,-1,-1,-1
74,288,1141.73,300.77,23.73,56.98,1,-1,-1,-1
74,287,1067.99,303.40,22.58,57.49,1,-1,-1,-1
74,285,112.10,398.12,38.28,71.74,1,-1,-1,-1
74,282,1023.08,304.57,20.88,52.31,1,-1,-1,-1
74,281,1099.23,304.68,28.95,61.54,1,-1,-1,-1
74,278,1042.26,317.96,30.58,64.02,1,-1,-1,-1
74,277,413.81,329.99,21.57,48.63,1,-1,-1,-1
74,276,386.53,350.68,27.84,67.68,1,-1,-1,-1
74,273,234.02,344.06,27.14,61.56,1,-1,-1,-1
74,271,940.27,315.08,34.12,69.73,1,-1,-1,-1
74,270,289.88,344.18,31.08,67.52,1,-1,-1,-1
74,268,379.50,327.57,23.46,57.90,1,-1,-1,-1
74,267,351.95,336.54,28.66,61.36,1,-1,-1,-1
74,261,523.25,321.50,20.70,56.55,1,-1,-1,-1
74,259,555.88,338.77,27.72,63.33,1,-1,-1,-1
74,256,436.27,330.43,24.53,54.47,1,-1,-1,-1
74,255,578.16,312.21,27.84,57.09,1,-1,-1,-1
74,253,888.83,279.85,18.43,48.15,1,-1,-1,-1
75,287,1064.83,302.59,23.51,59.07,1,-1,-1,-1
75,285,121.94,397.30,38.87,71.62,1,-1,-1,-1
75,282,1017.40,304.79,20.42,51.93,1,-1,-1,-1
75,281,1093.82,304.40,30.01,63.28,1,-1,-1,-1
75,278,1032.35,317.42,32.66,65.07,1,-1,-1,-1
75,276,394.72,353.09,26.00,66.16,1,-1,-1,-1
75,273,239.94,345.18,26.96,61.31,1,-1,-1,-1
75,271,930.83,314.57,35.51,69.89,1,-1,-1,-1
75,270,297.39,342.93,31.15,67.51,1,-1,-1,-1
75,267,363.47,336.02,27.08,61.22,1,-1,-1,-1
75,261,530.10,318.55,20.67,57.03,1,-1,-1,-1
75,259,564.92,338.39,28.39,63.39,1,-1,-1,-1
75,256,443.75,331.91,25.15,53.66,1,-1,-1,-1
75,255,588.20,312.71,26.15,56.97,1,-1,-1,-1
75,253,894.26,280.36,18.47,48.17,1,-1,-1,-1
76,289,418.77,328.88,22.08,51.12,1,-1,-1,-1
76,287,1057.05,300.33,24.12,60.01,1,-1,-1,-1
76,285,132.47,396.02,43.70,75.95,1,-1,-1,-1
76,282,1009.93,304.93,20.07,51.64,1,-1,-1,-1
76,278,1021.23,317.72,34.18,65.75,1,-1,-1,-1
76,276,403.59,352.24,26.40,66.58,1,-1,-1,-1
76,273,246.73,345.69,26.82,61.13,1,-1,-1,-1
76,271,920.04,313.40,34.24,69.85,1,-1,-1,-1
76,270,303.23,342.02,31.20,67.49,1,-1,-1,-1
76,267,368.11,336.15,27.67,61.28,1,-1,-1,-1
76,261,538.74,320.61,20.63,55.51,1,-1,-1,-1
76,259,572.64,338.25,29.62,63.49,1,-1,-1,-1
76,256,451.58,329.31,25.60,52.55,1,-1,-1,-1
76,255,594.43,311.08,27.44,57.05,1,-1,-1,-1
76,253,900.69,278.56,18.51,48.18,1,-1,-1,-1
77,289,420.68,327.03,20.62,48.10,1,-1,-1,-1
77,285,141.63,395.21,42.41,77.43,1,-1,-1,-1
77,282,1001.49,304.30,21.19,54.66,1,-1,-1,-1
77,276,413.75,353.06,26.70,66.89,1,-1,-1,-1
77,273,254.94,344.66,26.73,60.99,1,-1,-1,-1
77,271,911.11,314.15,35.59,69.96,1,-1,-1,-1
77,270,310.16,341.70,31.23,67.48,1,-1,-1,-1
77,267,376.59,334.95,28.10,61.31,1,-1,-1,-1
77,261,546.51,318.94,20.62,56.26,1,-1,-1,-1
77,259,583.17,337.89,28.20,63.38,1,-1,-1,-1
77,256,459.91,327.15,25.18,52.54,1,-1,-1,-1
77,255,602.50,311.27,28.03,55.84,1,-1,-1,-1
77,253,909.59,281.28,18.53,48.20,1,-1,-1,-1
78,289,415.88,328.30,20.01,46.94,1,-1,-1,-1
78,285,152.03,395.10,38.84,77.94,1,-1,-1,-1
78,277,434.95,330.19,29.75,63.49,1,-1,-1,-1
78,276,422.14,353.86,26.25,64.48,1,-1,-1,-1
78,273,261.79,345.86,28.08,61.56,1,-1,-1,-1
78,271,901.18,313.56,38.05,72.05,1,-1,-1,-1
78,270,319.62,340.35,31.25,67.46,1,-1,-1,-1
78,267,388.04,334.21,25.78,61.10,1,-1,-1,-1
78,261,554.56,317.37,20.61,56.82,1,-1,-1,-1
78,259,593.90,336.03,29.48,63.48,1,-1,-1,-1
78,256,466.12,325.83,25.96,52.93,1,-1,-1,-1
78,255,613.57,305.24,27.73,55.45,1,-1,-1,-1
78,253,917.78,280.73,18.73,47.76,1,-1,-1,-1
79,289,414.09,328.94,19.80,46.62,1,-1,-1,-1
79,285,164.48,394.85,40.49,76.99,1,-1,-1,-1
79,277,442.79,327.23,29.21,64.62,1,-1,-1,-1
79,276,432.31,355.19,25.49,62.37,1,-1,-1,-1
79,273,268.82,345.63,27.66,61.32,1,-1,-1,-1
79,271,888.47,316.45,39.85,73.45,1,-1,-1,-1
79,270,323.83,343.90,31.31,64.42,1,-1,-1,-1
79,267,395.30,333.88,26.71,61.19,1,-1,-1,-1
79,261,562.02,318.10,20.61,57.24,1,-1,-1,-1
79,259,603.25,335.44,28.17,63.38,1,-1,-1,-1
79,256,473.17,320.68,26.34,55.74,1,-1,-1,-1
79,255,621.54,307.30,27.51,53.91,1,-1,-1,-1
80,289,413.35,329.26,19.78,46.69,1,-1,-1,-1
80,285,173.05,391.29,38.99,78.00,1,-1,-1,-1
80,277,453.66,328.45,28.82,65.48,1,-1,-1,-1
80,276,439.39,351.45,27.65,63.55,1,-1,-1,-1
80,273,275.35,345.19,27.34,61.13,1,-1,-1,-1
80,270,330.85,340.80,31.32,65.18,1,-1,-1,-1
80,267,402.44,332.95,27.39,61.25,1,-1,-1,-1
80,261,570.65,318.34,20.61,57.56,1,-1,-1,-1
80,259,611.89,334.35,27.42,63.32,1,-1,-1,-1
80,256,478.75,318.67,26.58,57.87,1,-1,-1,-1
80,255,627.49,306.67,27.34,54.02,1,-1,-1,-1
81,289,412.99,329.39,19.85,46.94,1,-1,-1,-1
81,285,183.18,390.64,37.86,78.81,1,-1,-1,-1
81,277,459.85,327.35,28.53,66.12,1,-1,-1,-1
81,276,450.06,350.29,24.18,63.45,1,-1,-1,-1
81,273,282.57,345.07,27.11,60.99,1,-1,-1,-1
81,270,342.61,340.40,31.32,65.74,1,-1,-1,-1
81,261,577.09,317.21,20.60,57.80,1,-1,-1,-1
81,259,620.98,334.19,26.87,63.27,1,-1,-1,-1
81,256,487.05,316.16,26.73,59.47,1,-1,-1,-1
81,255,635.93,306.46,27.21,54.10,1,-1,-1,-1
82,285,194.14,390.26,37.02,79.43,1,-1,-1,-1
82,277,469.59,325.29,28.31,66.60,1,-1,-1,-1
82,276,461.22,349.18,21.61,63.38,1,-1,-1,-1
82,273,290.03,344.77,26.93,60.89,1,-1,-1,-1
82,270,349.06,340.17,31.31,66.16,1,-1,-1,-1
82,261,579.14,316.78,20.60,57.99,1,-1,-1,-1
82,259,624.07,334.18,26.47,63.24,1,-1,-1,-1
82,256,489.83,314.97,26.83,60.67,1,-1,-1,-1
82,255,638.76,306.41,27.12,54.16,1,-1,-1,-1
83,285,203.28,389.44,36.39,79.90,1,-1,-1,-1
83,277,474.91,324.91,28.14,66.96,1,-1,-1,-1
83,276,470.08,348.16,25.96,64.53,1,-1,-1,-1
83,273,297.28,344.39,26.80,60.81,1,-1,-1,-1
83,270,359.45,340.09,28.18,64.73,1,-1,-1,-1
83,261,592.03,313.67,20.45,56.84,1,-1,-1,-1
83,259,640.05,332.60,26.17,63.22,1,-1,-1,-1
83,256,502.73,314.39,23.79,61.00,1,-1,-1,-1
83,255,651.88,307.14,25.12,54.06,1,-1,-1,-1
84,290,458.63,330.84,19.91,50.62,1,-1,-1,-1
84,285,215.32,388.46,33.87,77.59,1,-1,-1,-1
84,277,485.57,320.76,24.18,64.11,1,-1,-1,-1
84,276,479.85,349.57,24.16,63.46,1,-1,-1,-1
84,273,305.10,343.84,27.44,59.29,1,-1,-1,-1
84,270,368.44,338.82,29.77,64.75,1,-1,-1,-1
84,267,439.80,327.30,21.57,55.53,1,-1,-1,-1
84,261,601.39,310.06,19.05,56.99,1,-1,-1,-1
84,256,511.06,318.96,26.10,57.82,1,-1,-1,-1
85,291,14.86,370.07,28.64,66.15,1,-1,-1,-1
85,290,468.85,328.83,15.17,44.51,1,-1,-1,-1
85,285,227.84,389.60,34.97,75.99,1,-1,-1,-1
85,277,495.94,318.02,23.03,61.27,1,-1,-1,-1
85,276,490.78,351.72,23.77,59.52,1,-1,-1,-1
85,273,309.78,343.57,27.91,58.59,1,-1,-1,-1
85,270,373.12,335.36,31.13,66.71,1,-1,-1,-1
85,267,451.16,330.98,20.84,53.99,1,-1,-1,-1
85,256,519.08,318.33,23.99,54.35,1,-1,-1,-1
86,291,22.07,369.96,31.97,67.35,1,-1,-1,-1
86,285,237.29,389.17,32.67,74.59,1,-1,-1,-1
86,276,489.81,340.54,24.52,57.27,1,-1,-1,-1
86,273,313.26,338.92,27.34,59.30,1,-1,-1,-1
86,270,377.44,338.27,29.22,63.75,1,-1,-1,-1
86,267,456.46,326.87,23.28,56.24,1,-1,-1,-1
87,291,33.35,369.40,30.11,58.97,1,-1,-1,-1
87,285,248.77,388.02,30.86,75.50,1,-1,-1,-1
87,273,324.50,338.61,26.63,57.43,1,-1,-1,-1
87,270,389.50,342.70,26.90,62.94,1,-1,-1,-1
88,291,45.17,375.45,26.51,56.19,1,-1,-1,-1
88,285,259.82,388.12,32.57,72.96,1,-1,-1,-1
88,273,329.41,341.40,26.85,56.85,1,-1,-1,-1
89,292,1114.05,313.07,19.86,45.76,1,-1,-1,-1
90,293,1056.44,316.76,26.87,46.93,1,-1,-1,-1
90,292,1109.29,312.24,22.20,47.95,1,-1,-1,-1
91,294,13.17,381.56,30.12,77.87,1,-1,-1,-1
91,293,1047.53,320.88,29.10,49.17,1,-1,-1,-1
91,292,1103.29,311.88,24.82,49.44,1,-1,-1,-1
92,296,934.66,304.03,27.29,69.58,1,-1,-1,-1
92,295,961.98,307.13,32.74,72.84,1,-1,-1,-1
92,294,25.93,381.53,31.80,74.90,1,-1,-1,-1
92,293,1041.08,316.01,30.27,55.03,1,-1,-1,-1
92,292,1092.67,306.74,25.86,54.16,1,-1,-1,-1
93,298,897.50,300.81,20.83,49.85,1,-1,-1,-1
93,297,890.99,314.10,27.65,58.54,1,-1,-1,-1
93,296,927.52,306.28,28.44,69.47,1,-1,-1,-1
93,295,955.83,312.18,31.17,69.13,1,-1,-1,-1
93,293,1033.43,312.38,31.92,60.70,1,-1,-1,-1
93,292,1088.28,308.10,26.12,55.33,1,-1,-1,-1
94,299,840.43,326.89,38.23,78.70,1,-1,-1,-1
94,298,891.36,298.94,20.97,45.93,1,-1,-1,-1
94,297,882.46,313.39,28.64,60.66,1,-1,-1,-1
94,296,915.12,307.57,26.39,68.33,1,-1,-1,-1
94,295,946.19,312.33,32.05,72.48,1,-1,-1,-1
94,293,1026.05,311.97,32.21,61.45,1,-1,-1,-1
94,292,1078.47,306.00,27.59,58.46,1,-1,-1,-1
95,299,832.84,330.55,36.88,74.29,1,-1,-1,-1
95,298,884.12,299.39,22.12,47.93,1,-1,-1,-1
95,297,871.60,316.35,29.46,61.38,1,-1,-1,-1
95,296,905.28,307.64,27.30,67.14,1,-1,-1,-1
95,295,939.93,311.47,30.50,70.49,1,-1,-1,-1
95,293,1023.00,313.81,30.42,57.38,1,-1,-1,-1
95,292,1070.66,308.23,26.06,57.66,1,-1,-1,-1
96,302,701.19,331.28,36.70,75.25,1,-1,-1,-1
96,299,824.52,335.74,33.79,69.88,1,-1,-1,-1
96,297,864.07,317.36,27.74,58.21,1,-1,-1,-1
96,296,904.17,307.79,29.23,69.29,1,-1,-1,-1
96,295,931.51,314.01,31.91,69.40,1,-1,-1,-1
96,293,1019.02,318.42,29.34,51.69,1,-1,-1,-1
96,292,1068.02,306.47,25.08,54.80,1,-1,-1,-1
97,305,701.85,297.14,25.45,48.21,1,-1,-1,-1
97,302,692.68,331.67,40.43,77.10,1,-1,-1,-1
97,299,810.87,334.94,31.19,69.44,1,-1,-1,-1
97,297,855.69,317.03,28.16,57.17,1,-1,-1,-1
97,296,894.75,308.01,29.24,69.22,1,-1,-1,-1
97,295,923.75,315.65,31.76,68.25,1,-1,-1,-1
97,293,1009.95,316.45,30.43,50.89,1,-1,-1,-1
97,292,1055.51,306.82,24.21,52.14,1,-1,-1,-1
98,307,763.77,316.78,33.13,67.10,1,-1,-1,-1
98,306,607.63,338.87,30.56,55.34,1,-1,-1,-1
98,305,709.63,297.80,26.77,49.19,1,-1,-1,-1
98,304,1070.84,273.08,14.72,32.55,1,-1,-1,-1
98,302,683.67,332.20,36.02,74.45,1,-1,-1,-1
98,301,940.65,310.53,23.64,54.71,1,-1,-1,-1
98,299,799.33,336.76,34.66,70.28,1,-1,-1,-1
98,297,848.41,318.62,29.15,56.92,1,-1,-1,-1
98,296,885.76,307.95,27.92,70.75,1,-1,-1,-1
98,295,913.76,316.02,29.76,68.62,1,-1,-1,-1
98,293,1006.88,312.90,29.18,48.63,1,-1,-1,-1
98,292,1050.22,307.49,22.39,47.47,1,-1,-1,-1
99,308,558.70,321.40,34.08,60.24,1,-1,-1,-1
99,307,774.17,316.04,27.93,58.08,1,-1,-1,-1
99,306,615.20,340.34,28.11,53.99,1,-1,-1,-1
99,305,717.10,299.84,27.69,48.41,1,-1,-1,-1
99,304,1070.13,274.86,20.70,43.30,1,-1,-1,-1
99,302,671.03,332.76,34.23,74.35,1,-1,-1,-1
99,301,931.26,310.22,27.23,62.09,1,-1,-1,-1
99,299,787.38,340.19,38.49,68.67,1,-1,-1,-1
99,297,838.71,320.07,31.81,60.49,1,-1,-1,-1
99,296,880.02,309.65,28.90,70.78,1,-1,-1,-1
99,295,907.49,316.92,28.31,66.51,1,-1,-1,-1
99,293,998.03,314.03,26.93,43.01,1,-1,-1,-1
99,292,1046.10,310.26,24.43,49.37,1,-1,-1,-1
