1,812,0.00,406.02,10.32,68.48,1,-1,-1,-1
1,811,1248.64,254.38,18.21,41.38,1,-1,-1,-1
2,812,0.26,395.79,14.38,88.33,1,-1,-1,-1
2,811,1252.51,256.23,17.83,41.16,1,-1,-1,-1
3,812,0.69,392.86,17.73,97.91,1,-1,-1,-1
3,811,1258.37,256.49,14.54,36.95,1,-1,-1,-1
4,812,0.75,388.83,20.23,103.65,1,-1,-1,-1
4,811,1262.64,257.31,14.19,37.46,1,-1,-1,-1
5,812,0.97,388.12,21.82,98.31,1,-1,-1,-1
5,811,1265.69,256.61,14.23,37.35,1,-1,-1,-1
6,812,1.02,387.61,23.45,96.09,1,-1,-1,-1
7,812,1.43,389.41,24.56,93.37,1,-1,-1,-1
8,812,3.09,390.55,24.95,90.99,1,-1,-1,-1
9,812,4.75,389.68,27.16,91.18,1,-1,-1,-1
10,812,10.09,391.79,27.74,87.48,1,-1,-1,-1
11,812,15.00,394.76,28.12,84.88,1,-1,-1,-1
12,812,20.58,396.65,28.37,83.01,1,-1,-1,-1
13,812,26.88,400.18,27.80,82.52,1,-1,-1,-1
14,813,25.29,385.01,31.62,93.15,1,-1,-1,-1
14,812,35.23,399.34,30.61,83.60,1,-1,-1,-1
15,813,42.44,386.18,30.73,88.57,1,-1,-1,-1
15,812,42.69,404.58,33.64,80.40,1,-1,-1,-1
16,813,58.28,385.81,34.85,89.07,1,-1,-1,-1
16,812,52.94,401.84,31.93,81.00,1,-1,-1,-1
17,813,75.48,384.32,32.05,84.39,1,-1,-1,-1
17,812,63.91,395.50,32.65,84.59,1,-1,-1,-1
18,813,93.53,384.45,33.15,81.37,1,-1,-1,-1
18,812,71.69,397.34,35.57,83.59,1,-1,-1,-1
19,813,105.43,383.38,31.31,79.86,1,-1,-1,-1
19,812,81.81,396.87,33.23,82.67,1,-1,-1,-1
20,813,121.22,381.58,33.10,79.80,1,-1,-1,-1
20,812,92.02,396.50,33.08,82.00,1,-1,-1,-1
21,813,131.69,381.02,33.22,78.52,1,-1,-1,-1
21,812,101.02,396.52,35.43,81.68,1,-1,-1,-1
22,813,142.32,378.89,31.13,78.13,1,-1,-1,-1
22,812,110.83,395.98,33.84,82.31,1,-1,-1,-1
23,813,155.09,378.54,34.78,78.10,1,-1,-1,-1
23,812,124.28,395.36,33.96,81.73,1,-1,-1,-1
24,813,163.86,377.37,35.90,78.10,1,-1,-1,-1
24,812,132.96,394.66,36.62,81.85,1,-1,-1,-1
25,814,17.43,390.17,28.91,79.02,1,-1,-1,-1
25,813,176.30,375.90,32.37,77.73,1,-1,-1,-1
25,812,143.23,393.02,33.58,81.64,1,-1,-1,-1
26,814,31.14,394.14,26.10,75.18,1,-1,-1,-1
26,813,189.23,375.69,35.04,77.76,1,-1,-1,-1
26,812,154.01,392.69,34.53,81.25,1,-1,-1,-1
27,814,41.97,389.65,32.35,80.07,1,-1,-1,-1
27,813,198.79,374.24,35.18,77.36,1,-1,-1,-1
27,812,163.71,392.75,36.93,80.91,1,-1,-1,-1
28,815,17.37,376.13,28.38,79.66,1,-1,-1,-1
28,814,58.31,390.13,29.74,77.05,1,-1,-1,-1
28,813,209.88,372.48,32.19,77.13,1,-1,-1,-1
28,812,175.01,391.59,33.94,80.63,1,-1,-1,-1
29,815,22.88,375.71,33.19,82.64,1,-1,-1,-1
29,814,73.15,387.43,32.31,77.91,1,-1,-1,-1
29,813,222.04,371.78,35.48,77.65,1,-1,-1,-1
29,812,187.31,391.15,35.32,80.87,1,-1,-1,-1
30,815,32.35,375.97,31.38,79.64,1,-1,-1,-1
30,814,89.16,386.41,30.09,75.37,1,-1,-1,-1
30,813,231.13,370.41,35.45,77.34,1,-1,-1,-1
30,812,195.12,390.48,36.35,81.13,1,-1,-1,-1
31,815,42.84,375.75,30.85,78.00,1,-1,-1,-1
31,814,105.58,384.27,31.77,75.08,1,-1,-1,-1
31,813,243.21,368.77,31.91,76.91,1,-1,-1,-1
31,812,206.82,388.91,33.54,80.80,1,-1,-1,-1
32,815,50.46,375.01,33.87,77.99,1,-1,-1,-1
32,814,121.26,384.07,28.65,72.86,1,-1,-1,-1
32,813,255.44,368.14,35.21,76.79,1,-1,-1,-1
32,812,219.42,388.74,35.57,80.91,1,-1,-1,-1
33,816,18.71,368.41,26.42,70.70,1,-1,-1,-1
33,815,58.56,373.96,33.08,77.27,1,-1,-1,-1
33,814,136.29,381.07,30.10,74.11,1,-1,-1,-1
33,813,265.55,367.13,35.61,76.47,1,-1,-1,-1
33,812,228.44,387.50,35.86,81.07,1,-1,-1,-1
34,816,29.15,366.96,29.42,70.16,1,-1,-1,-1
34,815,69.62,373.20,32.26,77.24,1,-1,-1,-1
34,814,150.72,379.92,30.06,73.26,1,-1,-1,-1
34,813,276.52,364.66,32.55,76.35,1,-1,-1,-1
34,812,239.33,386.81,33.08,80.80,1,-1,-1,-1
35,816,33.81,366.66,31.08,69.39,1,-1,-1,-1
35,815,78.97,371.36,35.94,78.90,1,-1,-1,-1
35,814,167.40,377.86,33.15,73.88,1,-1,-1,-1
35,813,288.70,363.01,36.19,77.36,1,-1,-1,-1
35,812,250.67,385.33,36.49,81.59,1,-1,-1,-1
36,817,12.68,379.81,25.97,70.08,1,-1,-1,-1
36,816,43.00,367.52,28.46,67.13,1,-1,-1,-1
36,815,87.05,371.80,34.88,77.02,1,-1,-1,-1
36,814,184.46,376.87,29.99,72.29,1,-1,-1,-1
36,813,298.28,362.35,36.19,76.89,1,-1,-1,-1
36,812,259.95,383.43,34.57,81.33,1,-1,-1,-1
37,817,19.88,377.59,28.37,72.21,1,-1,-1,-1
37,816,52.56,367.20,28.24,66.70,1,-1,-1,-1
37,815,94.59,370.85,32.71,76.54,1,-1,-1,-1
37,814,200.18,373.79,32.57,74.56,1,-1,-1,-1
37,813,309.51,360.01,34.05,76.59,1,-1,-1,-1
37,812,271.14,381.98,33.15,81.11,1,-1,-1,-1
38,818,5.52,364.39,29.23,81.66,1,-1,-1,-1
38,817,25.66,377.49,32.55,73.52,1,-1,-1,-1
38,816,58.11,366.19,30.82,68.24,1,-1,-1,-1
38,815,105.49,369.95,34.77,77.34,1,-1,-1,-1
38,814,215.38,372.09,31.57,73.96,1,-1,-1,-1
38,813,321.42,358.59,37.15,76.94,1,-1,-1,-1
38,812,283.59,381.63,36.46,81.24,1,-1,-1,-1
39,818,8.90,363.99,30.42,81.57,1,-1,-1,-1
39,817,32.69,376.24,30.97,71.92,1,-1,-1,-1
39,816,66.95,365.53,27.56,66.90,1,-1,-1,-1
39,815,112.00,369.50,36.23,77.72,1,-1,-1,-1
39,814,232.35,369.00,35.29,74.51,1,-1,-1,-1
39,813,329.63,358.13,38.66,77.05,1,-1,-1,-1
39,812,293.92,379.82,36.45,81.16,1,-1,-1,-1
40,818,17.53,364.00,28.88,79.50,1,-1,-1,-1
40,817,40.58,376.79,28.41,70.86,1,-1,-1,-1
40,816,75.20,364.61,30.52,67.84,1,-1,-1,-1
40,815,121.11,368.46,34.14,77.22,1,-1,-1,-1
40,814,249.73,367.10,32.57,73.66,1,-1,-1,-1
40,813,340.84,356.50,34.56,76.92,1,-1,-1,-1
40,812,303.18,378.40,36.09,81.60,1,-1,-1,-1
41,818,24.23,361.06,27.87,78.19,1,-1,-1,-1
41,817,48.62,375.54,31.50,72.29,1,-1,-1,-1
41,816,82.34,364.31,31.31,67.58,1,-1,-1,-1
41,815,131.44,368.10,35.08,77.39,1,-1,-1,-1
41,814,265.15,364.43,34.28,74.37,1,-1,-1,-1
41,813,354.53,355.33,37.88,77.72,1,-1,-1,-1
41,812,314.20,377.95,39.16,82.05,1,-1,-1,-1
42,818,32.83,363.31,29.78,79.32,1,-1,-1,-1
42,817,55.45,375.08,31.33,72.20,1,-1,-1,-1
42,816,92.30,363.00,28.66,66.38,1,-1,-1,-1
42,815,139.52,367.80,37.44,77.90,1,-1,-1,-1
42,814,280.44,362.67,33.56,73.75,1,-1,-1,-1
42,813,361.39,354.50,39.58,78.13,1,-1,-1,-1
42,812,323.44,376.69,38.78,82.15,1,-1,-1,-1
43,820,16.02,387.58,32.60,76.49,1,-1,-1,-1
43,818,43.36,361.66,27.74,78.20,1,-1,-1,-1
43,817,63.51,374.77,29.36,71.13,1,-1,-1,-1
43,816,102.17,362.38,31.09,66.99,1,-1,-1,-1
43,815,148.78,366.47,35.40,77.56,1,-1,-1,-1
43,814,295.75,359.95,34.87,73.49,1,-1,-1,-1
43,813,374.56,351.56,35.55,77.86,1,-1,-1,-1
43,812,332.60,370.60,38.91,74.48,1,-1,-1,-1
44,820,19.76,386.18,37.81,80.36,1,-1,-1,-1
44,818,52.88,359.46,29.03,78.90,1,-1,-1,-1
44,817,71.35,374.54,32.39,72.37,1,-1,-1,-1
44,816,108.52,361.75,32.01,67.07,1,-1,-1,-1
44,815,158.52,364.79,34.84,77.46,1,-1,-1,-1
44,814,312.76,358.46,33.30,73.00,1,-1,-1,-1
44,813,387.36,349.67,37.83,78.23,1,-1,-1,-1
44,812,346.83,374.55,40.63,76.07,1,-1,-1,-1
45,820,28.30,384.97,35.43,78.07,1,-1,-1,-1
45,818,58.47,360.59,29.89,79.12,1,-1,-1,-1
45,817,78.82,372.83,33.59,72.65,1,-1,-1,-1
45,816,117.02,361.11,29.09,66.25,1,-1,-1,-1
45,815,167.85,364.46,36.88,77.74,1,-1,-1,-1
45,814,328.82,356.30,34.02,72.98,1,-1,-1,-1
45,813,394.94,349.06,40.39,77.92,1,-1,-1,-1
45,812,358.67,375.06,38.73,77.05,1,-1,-1,-1
46,820,38.26,382.36,33.05,76.23,1,-1,-1,-1
46,818,68.52,359.89,28.27,78.31,1,-1,-1,-1
46,817,87.62,371.83,30.97,71.81,1,-1,-1,-1
46,816,126.16,360.76,30.67,66.52,1,-1,-1,-1
46,815,178.10,363.44,35.08,77.44,1,-1,-1,-1
46,814,344.17,354.66,31.88,72.16,1,-1,-1,-1
46,813,406.66,347.28,36.55,77.38,1,-1,-1,-1
46,812,371.42,374.74,37.12,78.28,1,-1,-1,-1
47,821,22.33,378.27,31.16,75.49,1,-1,-1,-1
47,820,48.58,383.92,33.59,75.38,1,-1,-1,-1
47,818,74.96,359.84,28.75,76.48,1,-1,-1,-1
47,817,98.60,371.90,31.93,70.33,1,-1,-1,-1
47,816,133.10,361.04,29.78,65.95,1,-1,-1,-1
47,815,187.76,364.41,33.53,76.07,1,-1,-1,-1
47,814,360.00,352.51,30.99,71.04,1,-1,-1,-1
47,813,420.57,347.49,37.27,76.49,1,-1,-1,-1
47,812,382.53,373.65,39.97,79.48,1,-1,-1,-1
48,821,32.55,377.94,28.92,72.57,1,-1,-1,-1
48,820,52.75,384.02,35.77,76.33,1,-1,-1,-1
48,818,83.99,359.00,31.13,77.54,1,-1,-1,-1
48,817,107.23,371.65,31.11,69.54,1,-1,-1,-1
48,816,142.54,359.95,27.89,65.61,1,-1,-1,-1
48,815,197.48,364.17,34.38,75.83,1,-1,-1,-1
48,814,375.53,350.63,29.64,69.95,1,-1,-1,-1
48,813,429.08,347.23,37.83,75.60,1,-1,-1,-1
48,812,394.64,372.43,36.43,79.36,1,-1,-1,-1
49,821,41.90,377.87,29.48,72.63,1,-1,-1,-1
49,820,60.59,383.80,32.13,74.38,1,-1,-1,-1
49,818,92.71,358.45,28.53,76.89,1,-1,-1,-1
49,817,113.72,370.87,29.09,69.40,1,-1,-1,-1
49,816,149.98,359.57,29.47,66.00,1,-1,-1,-1
49,815,203.92,361.99,34.98,76.17,1,-1,-1,-1
49,814,389.07,348.72,29.28,70.77,1,-1,-1,-1
49,813,439.22,344.95,34.62,75.05,1,-1,-1,-1
49,812,408.31,371.89,37.71,79.55,1,-1,-1,-1
50,821,50.29,376.74,30.20,72.79,1,-1,-1,-1
50,820,70.77,382.77,32.93,74.74,1,-1,-1,-1
50,818,102.02,356.97,27.41,76.66,1,-1,-1,-1
50,817,123.35,369.87,30.75,69.90,1,-1,-1,-1
50,816,157.84,358.50,29.37,66.01,1,-1,-1,-1
50,815,214.15,360.44,33.30,76.10,1,-1,-1,-1
50,814,405.48,346.42,28.14,70.28,1,-1,-1,-1
50,813,451.98,343.58,36.09,75.44,1,-1,-1,-1
50,812,417.81,370.28,40.47,80.30,1,-1,-1,-1
51,823,5.83,390.60,36.43,89.09,1,-1,-1,-1
51,821,60.14,375.05,28.59,72.14,1,-1,-1,-1
51,820,76.70,382.18,35.58,75.69,1,-1,-1,-1
51,818,110.49,357.32,26.33,76.42,1,-1,-1,-1
51,817,129.36,369.33,31.96,70.18,1,-1,-1,-1
51,816,166.63,357.12,28.16,65.80,1,-1,-1,-1
51,815,225.42,359.68,35.45,76.50,1,-1,-1,-1
51,814,419.49,344.79,27.29,69.89,1,-1,-1,-1
51,813,459.68,342.85,38.68,75.82,1,-1,-1,-1
51,812,428.66,367.88,37.75,80.88,1,-1,-1,-1
52,823,13.84,396.24,35.42,86.66,1,-1,-1,-1
52,821,69.92,374.95,27.49,71.61,1,-1,-1,-1
52,820,85.07,381.46,32.77,74.59,1,-1,-1,-1
52,818,119.01,356.65,25.54,76.25,1,-1,-1,-1
52,817,138.38,368.18,29.57,69.72,1,-1,-1,-1
52,816,174.49,356.52,30.48,66.18,1,-1,-1,-1
52,815,233.63,358.80,36.50,76.68,1,-1,-1,-1
52,814,432.72,342.47,26.67,69.60,1,-1,-1,-1
52,813,470.38,341.00,36.34,75.72,1,-1,-1,-1
52,812,442.22,366.62,38.91,81.32,1,-1,-1,-1
53,824,117.80,357.93,13.49,69.56,1,-1,-1,-1
53,823,20.58,397.96,35.67,85.77,1,-1,-1,-1
53,821,79.19,374.46,25.94,70.86,1,-1,-1,-1
53,820,94.32,381.69,30.76,73.86,1,-1,-1,-1
53,818,128.56,356.30,28.85,77.04,1,-1,-1,-1
53,817,148.26,367.43,30.76,69.95,1,-1,-1,-1
53,816,180.82,354.61,30.03,66.10,1,-1,-1,-1
53,815,242.84,358.05,34.07,76.44,1,-1,-1,-1
53,814,451.65,341.38,29.45,71.03,1,-1,-1,-1
53,813,482.84,339.54,36.39,75.81,1,-1,-1,-1
53,812,450.72,365.37,39.77,81.62,1,-1,-1,-1
54,824,123.91,355.62,13.95,71.08,1,-1,-1,-1
54,823,32.77,397.98,39.14,87.64,1,-1,-1,-1
54,821,90.06,372.10,24.89,70.48,1,-1,-1,-1
54,820,103.56,380.93,32.67,74.53,1,-1,-1,-1
54,818,136.37,354.56,29.11,77.03,1,-1,-1,-1
54,817,154.57,366.75,31.62,70.07,1,-1,-1,-1
54,816,190.44,353.97,29.09,66.36,1,-1,-1,-1
54,815,254.93,356.54,36.03,76.67,1,-1,-1,-1
54,814,463.37,339.36,29.95,71.67,1,-1,-1,-1
54,813,490.50,338.96,38.72,76.04,1,-1,-1,-1
54,812,460.83,363.59,38.18,81.68,1,-1,-1,-1
55,824,133.53,356.04,16.27,73.01,1,-1,-1,-1
55,823,41.52,399.38,39.28,85.56,1,-1,-1,-1
55,821,103.91,371.36,29.52,73.59,1,-1,-1,-1
55,820,110.29,380.48,32.95,74.90,1,-1,-1,-1
55,818,145.17,356.06,27.15,75.88,1,-1,-1,-1
55,817,163.96,367.03,29.28,69.63,1,-1,-1,-1
55,816,197.91,353.81,30.44,66.37,1,-1,-1,-1
55,815,261.72,357.25,36.02,75.45,1,-1,-1,-1
55,814,475.01,337.16,31.11,72.26,1,-1,-1,-1
55,813,500.85,337.66,35.55,74.94,1,-1,-1,-1
55,812,474.70,362.82,40.93,81.86,1,-1,-1,-1
56,826,1269.92,297.26,10.98,47.74,1,-1,-1,-1
56,825,1244.91,299.33,22.57,73.43,1,-1,-1,-1
56,824,142.09,355.56,22.97,76.91,1,-1,-1,-1
56,823,49.74,398.92,36.80,83.97,1,-1,-1,-1
56,821,112.78,370.07,32.76,75.01,1,-1,-1,-1
56,820,120.07,379.87,30.76,74.45,1,-1,-1,-1
56,818,154.28,355.43,29.98,75.44,1,-1,-1,-1
56,817,174.06,365.54,30.74,70.73,1,-1,-1,-1
56,816,205.39,353.01,29.41,66.12,1,-1,-1,-1
56,815,271.23,354.82,34.46,75.46,1,-1,-1,-1
56,814,485.69,335.71,31.96,72.65,1,-1,-1,-1
56,813,514.39,336.55,35.17,74.64,1,-1,-1,-1
56,812,484.80,362.30,40.80,81.87,1,-1,-1,-1
57,826,1268.87,296.83,10.55,49.07,1,-1,-1,-1
57,825,1236.91,301.31,23.07,72.97,1,-1,-1,-1
57,824,149.02,351.10,27.22,77.05,1,-1,-1,-1
57,823,58.23,398.05,35.08,82.96,1,-1,-1,-1
57,821,125.20,370.74,33.54,75.26,1,-1,-1,-1
57,820,129.41,378.93,32.78,75.20,1,-1,-1,-1
57,818,161.50,354.84,30.23,74.92,1,-1,-1,-1
57,817,180.23,364.39,33.33,71.01,1,-1,-1,-1
57,816,214.50,352.11,28.66,65.93,1,-1,-1,-1
57,815,274.67,353.95,33.30,75.47,1,-1,-1,-1
57,814,498.04,333.43,33.67,73.80,1,-1,-1,-1
57,813,523.65,335.16,38.20,74.61,1,-1,-1,-1
57,812,496.13,359.22,38.37,81.75,1,-1,-1,-1
58,826,1263.60,294.10,13.34,54.69,1,-1,-1,-1
58,825,1229.23,301.05,23.31,72.37,1,-1,-1,-1
58,824,153.55,350.05,30.01,76.33,1,-1,-1,-1
58,823,60.77,398.29,37.14,83.65,1,-1,-1,-1
58,821,132.88,370.64,35.83,75.80,1,-1,-1,-1
58,820,135.56,378.53,34.25,75.64,1,-1,-1,-1
58,818,168.09,353.38,29.00,74.38,1,-1,-1,-1
58,817,188.18,363.56,31.44,70.72,1,-1,-1,-1
58,816,221.70,351.18,31.27,66.16,1,-1,-1,-1
58,815,286.55,353.95,36.51,75.45,1,-1,-1,-1
58,814,510.06,332.32,34.93,74.56,1,-1,-1,-1
58,813,533.18,333.05,36.59,74.37,1,-1,-1,-1
58,812,509.39,357.88,40.38,81.85,1,-1,-1,-1
59,827,1244.84,289.45,19.67,59.81,1,-1,-1,-1
59,826,1259.27,292.59,14.95,56.51,1,-1,-1,-1
59,825,1218.23,300.32,27.90,74.74,1,-1,-1,-1
59,824,160.95,348.24,28.16,74.42,1,-1,-1,-1
59,823,65.40,398.56,38.55,83.90,1,-1,-1,-1
59,821,139.35,368.77,35.24,75.57,1,-1,-1,-1
59,820,141.20,374.68,34.28,75.70,1,-1,-1,-1
59,818,176.61,351.43,28.09,73.95,1,-1,-1,-1
59,817,197.33,362.99,30.04,70.49,1,-1,-1,-1
59,816,229.70,349.79,30.20,65.98,1,-1,-1,-1
59,815,297.42,353.14,34.30,75.44,1,-1,-1,-1
59,814,522.37,330.32,35.08,75.00,1,-1,-1,-1
59,813,544.19,331.42,35.40,74.17,1,-1,-1,-1
59,812,520.27,356.30,40.96,81.87,1,-1,-1,-1
60,827,1239.08,289.91,19.47,59.25,1,-1,-1,-1
60,826,1254.58,292.69,15.93,57.06,1,-1,-1,-1
60,825,1213.11,301.22,29.87,74.64,1,-1,-1,-1
60,824,167.03,347.96,26.83,73.03,1,-1,-1,-1
60,823,76.19,397.99,40.96,85.14,1,-1,-1,-1
60,820,154.87,376.27,36.93,76.20,1,-1,-1,-1
60,818,185.45,350.26,29.07,73.81,1,-1,-1,-1
60,817,205.17,363.02,32.28,70.72,1,-1,-1,-1
60,816,240.26,348.75,30.33,65.94,1,-1,-1,-1
60,815,309.71,351.70,33.98,75.59,1,-1,-1,-1
60,814,539.92,326.42,33.84,72.70,1,-1,-1,-1
60,813,555.50,331.56,35.59,74.10,1,-1,-1,-1
60,812,529.23,354.45,39.06,81.76,1,-1,-1,-1
61,827,1234.67,291.43,19.30,57.25,1,-1,-1,-1
61,826,1248.61,294.19,17.68,56.97,1,-1,-1,-1
61,825,1206.21,302.28,27.65,73.48,1,-1,-1,-1
61,824,176.68,349.69,25.19,71.90,1,-1,-1,-1
61,823,85.42,398.43,41.99,85.14,1,-1,-1,-1
61,820,159.96,376.60,38.74,76.28,1,-1,-1,-1
61,818,194.45,350.47,26.63,73.31,1,-1,-1,-1
61,817,213.52,362.10,30.30,70.20,1,-1,-1,-1
61,816,246.14,348.97,31.99,66.04,1,-1,-1,-1
61,815,319.59,351.56,36.93,75.75,1,-1,-1,-1
61,814,552.97,322.48,29.67,69.05,1,-1,-1,-1
61,813,565.44,330.24,32.96,73.47,1,-1,-1,-1
61,812,541.32,355.10,41.54,81.56,1,-1,-1,-1
62,827,1231.50,292.21,19.21,55.98,1,-1,-1,-1
62,826,1245.86,295.06,17.90,56.19,1,-1,-1,-1
62,825,1198.89,303.15,29.72,73.27,1,-1,-1,-1
62,824,182.72,347.26,25.35,71.49,1,-1,-1,-1
62,823,95.38,397.11,40.69,84.63,1,-1,-1,-1
62,820,172.51,374.15,37.79,76.00,1,-1,-1,-1
62,818,204.61,349.58,28.73,73.42,1,-1,-1,-1
62,817,221.97,361.38,28.84,69.78,1,-1,-1,-1
62,816,255.16,347.70,29.75,65.77,1,-1,-1,-1
62,815,327.34,350.23,36.99,75.69,1,-1,-1,-1
62,814,566.66,322.77,29.05,68.18,1,-1,-1,-1
62,813,577.21,329.05,32.33,73.02,1,-1,-1,-1
62,812,551.65,354.27,41.57,81.35,1,-1,-1,-1
63,828,1254.27,291.06,15.24,51.09,1,-1,-1,-1
63,827,1227.31,290.11,19.04,53.43,1,-1,-1,-1
63,826,1240.36,291.23,17.98,53.48,1,-1,-1,-1
63,825,1192.11,300.85,29.83,67.97,1,-1,-1,-1
63,823,104.56,396.55,39.19,84.13,1,-1,-1,-1
63,820,180.31,373.31,37.09,75.80,1,-1,-1,-1
63,818,210.30,348.87,30.28,73.46,1,-1,-1,-1
63,817,229.47,361.42,32.02,69.89,1,-1,-1,-1
63,816,265.53,346.92,29.44,65.88,1,-1,-1,-1
63,815,336.54,348.96,34.63,75.45,1,-1,-1,-1
63,814,579.30,319.80,26.07,65.84,1,-1,-1,-1
63,813,584.25,328.64,35.87,72.90,1,-1,-1,-1
63,812,561.85,353.38,40.36,81.15,1,-1,-1,-1
64,828,1251.08,292.39,16.05,51.03,1,-1,-1,-1
64,827,1223.44,290.29,18.78,51.69,1,-1,-1,-1
64,826,1236.59,291.04,17.75,50.90,1,-1,-1,-1
64,825,1183.38,297.18,28.00,57.91,1,-1,-1,-1
64,823,114.11,396.04,40.37,84.22,1,-1,-1,-1
64,820,186.22,372.03,38.37,75.86,1,-1,-1,-1
64,818,218.52,350.00,28.86,73.20,1,-1,-1,-1
64,817,237.63,359.90,31.62,69.70,1,-1,-1,-1
64,816,271.87,346.73,30.51,66.11,1,-1,-1,-1
64,815,347.13,348.71,37.21,75.60,1,-1,-1,-1
64,814,590.26,317.69,23.36,63.27,1,-1,-1,-1
64,813,595.24,328.72,33.05,72.52,1,-1,-1,-1
64,812,574.37,351.89,39.47,80.99,1,-1,-1,-1
65,830,1257.47,285.90,17.78,69.12,1,-1,-1,-1
65,828,1244.46,293.69,18.04,54.74,1,-1,-1,-1
65,827,1218.38,292.08,19.68,52.14,1,-1,-1,-1
65,826,1232.96,293.42,17.21,51.42,1,-1,-1,-1
65,825,1173.92,298.87,27.08,50.74,1,-1,-1,-1
65,823,122.06,395.68,40.48,84.09,1,-1,-1,-1
65,820,194.92,371.75,36.65,75.57,1,-1,-1,-1
65,818,226.76,349.64,29.13,73.14,1,-1,-1,-1
65,817,246.34,359.10,30.90,69.51,1,-1,-1,-1
65,816,282.50,344.96,30.19,66.14,1,-1,-1,-1
65,815,354.67,348.18,38.84,75.66,1,-1,-1,-1
65,814,603.07,320.49,21.46,61.62,1,-1,-1,-1
65,813,606.40,326.48,31.16,72.21,1,-1,-1,-1
65,812,583.21,350.58,38.80,80.86,1,-1,-1,-1
66,830,1250.64,286.45,19.75,72.34,1,-1,-1,-1
66,828,1240.10,294.89,18.63,56.58,1,-1,-1,-1
66,827,1213.35,293.25,19.69,52.54,1,-1,-1,-1
66,826,1228.77,295.09,17.21,53.00,1,-1,-1,-1
66,825,1166.14,304.48,25.71,51.82,1,-1,-1,-1
66,823,124.64,395.59,40.55,83.96,1,-1,-1,-1
66,820,198.12,371.74,35.37,75.35,1,-1,-1,-1
66,818,229.44,349.55,29.32,73.08,1,-1,-1,-1
66,817,249.37,358.87,30.36,69.36,1,-1,-1,-1
66,816,286.18,344.32,29.96,66.17,1,-1,-1,-1
66,815,356.77,348.01,40.04,75.69,1,-1,-1,-1
66,814,612.95,321.88,20.21,62.08,1,-1,-1,-1
66,813,617.34,326.09,31.63,71.38,1,-1,-1,-1
66,812,593.17,349.16,37.44,80.71,1,-1,-1,-1
67,830,1245.73,298.25,20.56,70.32,1,-1,-1,-1
67,828,1232.78,294.62,18.94,57.53,1,-1,-1,-1
67,827,1208.02,294.46,20.00,53.35,1,-1,-1,-1
67,826,1224.43,295.25,17.17,54.14,1,-1,-1,-1
67,825,1160.06,306.45,24.75,53.13,1,-1,-1,-1
67,823,139.32,395.11,42.20,84.62,1,-1,-1,-1
67,820,210.63,371.27,36.99,75.51,1,-1,-1,-1
67,818,241.79,346.95,26.82,72.74,1,-1,-1,-1
67,817,260.89,358.72,29.96,69.25,1,-1,-1,-1
67,816,296.74,342.62,29.79,66.18,1,-1,-1,-1
67,815,372.58,345.38,40.25,75.67,1,-1,-1,-1
67,814,622.83,320.03,19.11,58.71,1,-1,-1,-1
67,813,624.63,325.29,30.60,70.73,1,-1,-1,-1
67,812,604.95,348.96,39.89,80.78,1,-1,-1,-1
68,831,231.19,346.52,27.63,69.45,1,-1,-1,-1
68,830,1240.16,301.38,22.72,70.64,1,-1,-1,-1
68,828,1228.04,295.26,18.37,57.18,1,-1,-1,-1
68,827,1202.59,294.40,21.14,54.41,1,-1,-1,-1
68,826,1220.30,295.15,17.20,54.11,1,-1,-1,-1
68,825,1151.72,309.89,28.03,58.64,1,-1,-1,-1
68,823,147.67,394.73,42.23,84.98,1,-1,-1,-1
68,820,217.31,370.37,37.77,75.55,1,-1,-1,-1
68,818,251.96,345.75,27.82,72.81,1,-1,-1,-1
68,817,272.31,356.88,28.88,69.55,1,-1,-1,-1
68,816,307.56,342.40,28.18,66.04,1,-1,-1,-1
68,815,381.14,344.74,40.40,75.64,1,-1,-1,-1
68,813,634.87,323.98,29.63,71.40,1,-1,-1,-1
68,812,615.37,347.30,39.29,80.70,1,-1,-1,-1
69,831,241.21,345.29,24.22,65.39,1,-1,-1,-1
69,830,1233.60,303.22,24.06,70.20,1,-1,-1,-1
69,828,1225.70,296.10,16.55,56.01,1,-1,-1,-1
69,827,1198.97,294.76,20.24,54.37,1,-1,-1,-1
69,826,1217.03,295.29,16.68,53.91,1,-1,-1,-1
69,825,1143.40,310.43,27.85,62.02,1,-1,-1,-1
69,823,158.26,392.45,38.67,84.64,1,-1,-1,-1
69,820,225.99,368.80,34.20,75.10,1,-1,-1,-1
69,818,259.07,343.61,27.96,72.78,1,-1,-1,-1
69,817,282.03,356.19,31.30,70.23,1,-1,-1,-1
69,816,316.97,341.14,29.27,66.17,1,-1,-1,-1
69,815,390.40,341.89,36.60,75.77,1,-1,-1,-1
69,813,645.44,323.25,32.21,71.16,1,-1,-1,-1
69,812,625.98,346.15,37.94,80.58,1,-1,-1,-1
70,832,1253.89,296.34,17.91,67.86,1,-1,-1,-1
70,831,250.68,345.81,22.39,63.64,1,-1,-1,-1
70,830,1225.64,304.28,26.18,69.18,1,-1,-1,-1
70,828,1223.08,296.31,15.97,55.76,1,-1,-1,-1
70,827,1194.22,294.74,19.58,54.37,1,-1,-1,-1
70,826,1211.83,296.35,15.99,54.35,1,-1,-1,-1
70,825,1134.18,310.06,27.63,64.62,1,-1,-1,-1
70,823,169.83,391.66,38.69,84.44,1,-1,-1,-1
70,820,236.69,367.95,34.04,75.06,1,-1,-1,-1
70,818,268.09,344.31,26.62,72.59,1,-1,-1,-1
70,817,289.11,356.04,32.15,70.55,1,-1,-1,-1
70,816,324.63,339.97,29.14,66.06,1,-1,-1,-1
70,815,401.57,339.77,36.24,76.17,1,-1,-1,-1
70,813,646.53,322.79,35.49,71.08,1,-1,-1,-1
70,812,636.82,345.05,38.91,80.60,1,-1,-1,-1
71,832,1248.57,296.23,19.25,68.46,1,-1,-1,-1
71,831,258.35,346.13,21.35,63.03,1,-1,-1,-1
71,830,1220.12,305.49,26.94,68.01,1,-1,-1,-1
71,828,1218.02,296.95,16.11,55.95,1,-1,-1,-1
71,827,1188.07,294.69,21.00,55.03,1,-1,-1,-1
71,826,1207.65,296.14,15.96,54.90,1,-1,-1,-1
71,825,1125.92,310.15,29.93,67.01,1,-1,-1,-1
71,823,176.80,391.73,39.82,84.41,1,-1,-1,-1
71,820,242.46,367.36,35.07,75.16,1,-1,-1,-1
71,818,278.37,343.69,27.18,72.62,1,-1,-1,-1
71,817,299.42,354.73,30.10,70.50,1,-1,-1,-1
71,816,334.96,339.39,27.92,65.88,1,-1,-1,-1
71,815,410.07,339.33,38.71,76.71,1,-1,-1,-1
71,814,664.42,316.72,18.26,61.28,1,-1,-1,-1
71,813,659.55,322.57,32.47,70.53,1,-1,-1,-1
71,812,646.97,338.01,36.34,74.80,1,-1,-1,-1
72,832,1240.65,296.89,21.66,69.61,1,-1,-1,-1
72,831,266.59,347.71,23.45,71.13,1,-1,-1,-1
72,830,1213.73,305.62,26.36,66.79,1,-1,-1,-1
72,828,1213.12,297.04,16.20,56.05,1,-1,-1,-1
72,827,1183.44,294.38,22.02,55.39,1,-1,-1,-1
72,826,1202.22,296.61,15.87,55.27,1,-1,-1,-1
72,825,1117.28,309.33,29.05,68.07,1,-1,-1,-1
72,823,184.04,390.85,38.28,84.57,1,-1,-1,-1
72,820,250.40,367.07,32.49,75.27,1,-1,-1,-1
72,818,285.26,342.30,27.59,72.08,1,-1,-1,-1
72,817,308.57,354.19,32.59,70.64,1,-1,-1,-1
72,816,343.13,338.49,30.20,66.02,1,-1,-1,-1
72,815,418.80,337.55,37.84,76.42,1,-1,-1,-1
72,813,671.41,320.67,33.33,69.37,1,-1,-1,-1
72,812,658.02,338.60,35.51,69.82,1,-1,-1,-1
73,832,1235.50,297.06,23.71,69.07,1,-1,-1,-1
73,831,273.54,346.27,24.23,75.69,1,-1,-1,-1
73,830,1207.71,306.83,25.93,65.85,1,-1,-1,-1
73,828,1208.45,296.97,16.25,56.10,1,-1,-1,-1
73,827,1179.07,294.27,20.77,55.11,1,-1,-1,-1
73,826,1197.19,295.95,15.50,54.92,1,-1,-1,-1
73,825,1108.51,309.34,29.78,69.25,1,-1,-1,-1
73,823,192.14,389.87,39.48,85.05,1,-1,-1,-1
73,820,259.47,366.45,31.36,75.22,1,-1,-1,-1
73,818,292.89,341.38,27.50,71.86,1,-1,-1,-1
73,817,316.18,353.07,32.50,70.57,1,-1,-1,-1
73,816,350.71,337.04,29.36,65.58,1,-1,-1,-1
73,815,421.81,336.98,37.19,76.20,1,-1,-1,-1
73,813,675.29,320.19,33.96,68.57,1,-1,-1,-1
73,812,661.91,339.81,34.78,66.19,1,-1,-1,-1
74,832,1230.29,297.49,23.72,67.62,1,-1,-1,-1
74,831,280.14,344.20,26.27,80.21,1,-1,-1,-1
74,830,1202.51,308.04,26.36,65.29,1,-1,-1,-1
74,828,1201.95,297.66,16.96,56.39,1,-1,-1,-1
74,827,1173.53,294.52,20.41,55.05,1,-1,-1,-1
74,826,1190.60,295.66,16.12,54.84,1,-1,-1,-1
74,825,1100.03,309.90,31.98,70.50,1,-1,-1,-1
74,823,202.45,389.54,41.05,85.45,1,-1,-1,-1
74,820,267.19,366.09,33.06,75.52,1,-1,-1,-1
74,818,302.27,341.01,27.24,72.01,1,-1,-1,-1
74,817,325.60,351.68,29.78,70.30,1,-1,-1,-1
74,816,360.27,336.50,28.66,65.22,1,-1,-1,-1
74,815,436.11,335.26,37.81,75.29,1,-1,-1,-1
74,813,685.60,318.04,30.34,68.51,1,-1,-1,-1
74,812,678.10,343.49,33.52,68.13,1,-1,-1,-1
75,833,1213.69,291.64,17.33,60.29,1,-1,-1,-1
75,832,1225.41,294.75,23.79,55.59,1,-1,-1,-1
75,831,290.35,342.78,25.52,80.85,1,-1,-1,-1
75,830,1196.27,307.02,26.62,61.28,1,-1,-1,-1
75,827,1167.30,295.56,20.91,55.18,1,-1,-1,-1
75,826,1187.29,296.71,16.58,54.75,1,-1,-1,-1
75,825,1090.77,309.53,30.55,71.02,1,-1,-1,-1
75,823,210.28,386.09,39.30,83.10,1,-1,-1,-1
75,820,271.30,363.78,33.47,75.22,1,-1,-1,-1
75,818,310.69,341.16,27.05,72.12,1,-1,-1,-1
75,817,335.20,350.80,31.76,70.43,1,-1,-1,-1
75,816,366.32,336.12,30.52,65.51,1,-1,-1,-1
75,815,444.77,334.55,37.05,74.62,1,-1,-1,-1
75,814,699.20,312.98,19.52,63.53,1,-1,-1,-1
75,813,700.39,318.45,31.24,68.91,1,-1,-1,-1
75,812,691.41,344.29,34.67,70.17,1,-1,-1,-1
76,833,1207.84,289.40,16.40,41.16,1,-1,-1,-1
76,831,302.71,347.19,24.87,79.30,1,-1,-1,-1
76,827,1163.89,295.96,19.94,55.13,1,-1,-1,-1
76,826,1182.28,296.68,16.30,54.57,1,-1,-1,-1
76,825,1079.27,309.21,32.08,71.91,1,-1,-1,-1
76,823,219.27,378.34,36.74,72.63,1,-1,-1,-1
76,820,281.89,363.57,30.71,74.69,1,-1,-1,-1
76,818,318.68,339.64,25.88,72.08,1,-1,-1,-1
76,817,341.50,350.34,33.23,70.86,1,-1,-1,-1
76,816,374.12,335.15,28.81,65.43,1,-1,-1,-1
76,815,454.74,333.26,35.34,74.07,1,-1,-1,-1
76,813,705.37,318.59,31.91,69.19,1,-1,-1,-1
76,812,700.56,342.24,35.50,71.64,1,-1,-1,-1
77,833,1203.60,290.06,15.35,32.41,1,-1,-1,-1
77,831,317.14,349.75,28.28,76.55,1,-1,-1,-1
77,827,1159.06,291.73,19.75,46.49,1,-1,-1,-1
77,825,1070.43,309.77,33.19,72.48,1,-1,-1,-1
77,823,231.93,385.61,38.17,75.09,1,-1,-1,-1
77,820,292.84,363.37,31.58,74.60,1,-1,-1,-1
77,818,328.39,338.30,25.73,72.14,1,-1,-1,-1
77,817,350.29,348.11,30.57,70.45,1,-1,-1,-1
77,816,385.16,333.99,29.29,65.53,1,-1,-1,-1
77,815,465.33,332.90,36.21,73.72,1,-1,-1,-1
77,813,713.65,314.74,30.38,68.74,1,-1,-1,-1
77,812,711.46,340.98,33.85,72.37,1,-1,-1,-1
78,833,1198.13,291.78,14.65,27.83,1,-1,-1,-1
78,831,324.52,351.05,30.81,74.80,1,-1,-1,-1
78,827,1154.05,290.43,19.26,40.84,1,-1,-1,-1
78,825,1061.12,303.61,31.05,65.69,1,-1,-1,-1
78,823,239.04,388.47,39.93,77.63,1,-1,-1,-1
78,820,298.86,363.26,34.12,74.70,1,-1,-1,-1
78,818,337.46,337.02,26.64,71.75,1,-1,-1,-1
78,817,361.30,346.47,31.86,70.32,1,-1,-1,-1
78,816,391.52,333.11,31.01,65.71,1,-1,-1,-1
78,815,472.70,332.05,36.85,73.47,1,-1,-1,-1
78,813,726.25,313.98,31.14,68.43,1,-1,-1,-1
78,812,722.80,340.85,36.74,73.49,1,-1,-1,-1
79,833,1191.47,299.67,18.96,40.02,1,-1,-1,-1
79,831,333.96,350.35,29.72,74.53,1,-1,-1,-1
79,827,1148.53,292.17,18.70,36.95,1,-1,-1,-1
79,823,246.50,388.15,39.15,79.45,1,-1,-1,-1
79,820,308.57,362.93,32.56,74.45,1,-1,-1,-1
79,818,344.00,336.35,25.78,71.37,1,-1,-1,-1
79,817,367.34,346.47,33.44,70.26,1,-1,-1,-1
79,816,399.22,331.41,29.54,65.61,1,-1,-1,-1
79,815,474.94,331.83,37.33,73.28,1,-1,-1,-1
79,813,736.54,313.59,30.18,67.68,1,-1,-1,-1
79,812,730.87,340.34,38.88,74.21,1,-1,-1,-1
80,835,11.29,360.55,29.31,76.06,1,-1,-1,-1
80,834,332.13,335.39,20.30,72.87,1,-1,-1,-1
80,833,1185.93,302.02,20.91,48.65,1,-1,-1,-1
80,831,347.68,350.03,31.39,74.53,1,-1,-1,-1
80,827,1142.84,298.77,19.06,41.26,1,-1,-1,-1
80,823,256.01,387.37,40.43,81.26,1,-1,-1,-1
80,820,319.41,361.74,31.63,74.28,1,-1,-1,-1
80,818,351.71,336.00,24.95,71.06,1,-1,-1,-1
80,817,376.28,344.82,30.89,69.98,1,-1,-1,-1
80,816,408.83,330.58,29.01,65.59,1,-1,-1,-1
80,815,489.69,330.81,37.15,73.12,1,-1,-1,-1
80,813,743.68,312.56,26.75,67.53,1,-1,-1,-1
80,812,741.25,338.86,35.84,74.32,1,-1,-1,-1
81,836,1232.74,300.80,26.27,68.18,1,-1,-1,-1
81,835,21.38,361.28,26.12,71.86,1,-1,-1,-1
81,834,339.02,333.88,20.99,73.44,1,-1,-1,-1
81,833,1179.89,302.44,21.68,54.55,1,-1,-1,-1
81,831,355.90,347.83,31.43,74.05,1,-1,-1,-1
81,827,1136.13,300.45,20.46,45.47,1,-1,-1,-1
81,823,265.05,386.69,42.73,82.74,1,-1,-1,-1
81,820,325.58,361.66,32.96,74.36,1,-1,-1,-1
81,818,356.87,335.14,24.33,70.82,1,-1,-1,-1
81,817,385.89,343.69,30.84,69.88,1,-1,-1,-1
81,816,414.95,330.27,29.96,65.68,1,-1,-1,-1
81,815,499.29,330.91,37.56,73.02,1,-1,-1,-1
81,813,755.47,312.01,28.38,67.46,1,-1,-1,-1
81,812,753.06,337.75,36.71,74.68,1,-1,-1,-1
82,838,1193.77,304.39,20.23,59.69,1,-1,-1,-1
82,836,1228.60,301.62,25.24,67.36,1,-1,-1,-1
82,835,27.59,360.16,31.21,73.75,1,-1,-1,-1
82,834,345.86,333.67,21.34,73.39,1,-1,-1,-1
82,833,1173.57,302.50,21.96,58.77,1,-1,-1,-1
82,831,366.66,347.85,30.83,73.55,1,-1,-1,-1
82,827,1132.41,301.88,21.38,48.46,1,-1,-1,-1
82,823,272.53,384.04,41.68,83.38,1,-1,-1,-1
82,820,332.99,360.48,32.35,74.26,1,-1,-1,-1
82,818,362.96,333.95,23.87,70.63,1,-1,-1,-1
82,817,391.54,343.70,31.83,69.88,1,-1,-1,-1
82,816,423.83,329.32,28.20,65.54,1,-1,-1,-1
82,815,508.64,329.01,35.52,72.82,1,-1,-1,-1
82,813,762.28,304.19,26.45,57.75,1,-1,-1,-1
82,812,763.78,331.73,36.95,67.95,1,-1,-1,-1
83,841,1139.43,311.00,27.57,63.51,1,-1,-1,-1
83,839,1259.94,290.93,16.00,63.93,1,-1,-1,-1
83,838,1187.87,305.76,20.30,60.50,1,-1,-1,-1
83,836,1222.34,301.37,25.65,68.01,1,-1,-1,-1
83,835,34.33,360.49,32.61,72.92,1,-1,-1,-1
83,834,355.60,332.46,21.52,73.15,1,-1,-1,-1
83,833,1167.96,300.41,22.95,63.16,1,-1,-1,-1
83,831,377.83,347.04,31.10,73.33,1,-1,-1,-1
83,827,1126.89,300.68,20.82,50.59,1,-1,-1,-1
83,823,282.87,382.24,38.78,83.60,1,-1,-1,-1
83,820,345.47,358.90,31.91,74.66,1,-1,-1,-1
83,818,371.89,325.40,23.05,57.73,1,-1,-1,-1
83,817,401.43,342.57,30.06,70.39,1,-1,-1,-1
83,816,433.62,328.95,28.63,65.58,1,-1,-1,-1
83,815,518.55,327.57,33.72,72.63,1,-1,-1,-1
83,813,769.40,303.70,24.76,55.95,1,-1,-1,-1
83,812,773.86,324.78,35.40,56.28,1,-1,-1,-1
84,842,1004.58,310.60,31.92,72.53,1,-1,-1,-1
84,841,1133.99,311.82,28.46,64.08,1,-1,-1,-1
84,839,1256.05,290.18,19.54,63.26,1,-1,-1,-1
84,838,1181.45,305.16,21.81,63.45,1,-1,-1,-1
84,836,1218.95,301.85,25.98,68.13,1,-1,-1,-1
84,835,42.36,360.82,29.49,70.71,1,-1,-1,-1
84,834,365.21,330.49,21.07,65.13,1,-1,-1,-1
84,833,1159.78,299.48,24.23,66.38,1,-1,-1,-1
84,831,388.69,345.71,31.62,72.96,1,-1,-1,-1
84,827,1120.28,300.31,20.71,52.04,1,-1,-1,-1
84,823,293.99,382.90,39.59,83.21,1,-1,-1,-1
84,820,354.02,358.87,34.40,74.65,1,-1,-1,-1
84,818,381.90,333.14,23.20,59.76,1,-1,-1,-1
84,817,413.09,341.96,29.26,69.05,1,-1,-1,-1
84,816,440.19,329.74,30.01,64.84,1,-1,-1,-1
84,815,526.31,328.35,33.64,71.62,1,-1,-1,-1
84,813,779.25,305.47,22.94,54.26,1,-1,-1,-1
84,812,786.12,325.50,31.17,50.27,1,-1,-1,-1
85,842,994.36,310.40,33.42,75.17,1,-1,-1,-1
85,841,1126.39,310.64,28.04,63.55,1,-1,-1,-1
85,839,1251.59,289.11,21.05,57.39,1,-1,-1,-1
85,838,1174.85,304.71,22.67,64.87,1,-1,-1,-1
85,836,1213.45,297.31,24.83,56.47,1,-1,-1,-1
85,835,48.97,360.04,33.59,72.28,1,-1,-1,-1
85,834,371.38,330.09,20.74,60.11,1,-1,-1,-1
85,833,1156.06,298.84,24.23,68.03,1,-1,-1,-1
85,831,399.52,344.65,30.28,72.39,1,-1,-1,-1
85,827,1114.39,300.55,20.62,53.14,1,-1,-1,-1
85,823,300.18,382.65,40.18,82.93,1,-1,-1,-1
85,820,362.29,357.24,33.31,74.42,1,-1,-1,-1
85,818,391.09,335.56,20.98,61.01,1,-1,-1,-1
85,817,419.82,341.45,30.56,68.01,1,-1,-1,-1
85,816,448.61,328.17,28.01,64.87,1,-1,-1,-1
85,815,534.89,325.84,31.94,70.53,1,-1,-1,-1
85,813,786.98,306.56,21.58,55.44,1,-1,-1,-1
85,812,795.61,335.56,32.67,55.74,1,-1,-1,-1
86,842,986.25,310.66,33.28,75.61,1,-1,-1,-1
86,841,1118.45,311.13,26.34,62.24,1,-1,-1,-1
86,839,1247.24,290.92,21.95,53.08,1,-1,-1,-1
86,838,1170.14,301.19,22.20,55.22,1,-1,-1,-1
86,836,1207.74,296.96,23.84,49.42,1,-1,-1,-1
86,835,56.02,359.18,36.32,72.69,1,-1,-1,-1
86,834,379.48,329.06,20.50,56.85,1,-1,-1,-1
86,833,1148.53,294.94,24.12,63.28,1,-1,-1,-1
86,831,410.33,343.83,30.83,72.23,1,-1,-1,-1
86,827,1109.22,300.09,20.55,53.98,1,-1,-1,-1
86,823,307.89,381.42,37.41,83.45,1,-1,-1,-1
86,820,371.35,356.41,32.08,74.47,1,-1,-1,-1
86,818,399.28,334.95,19.33,62.15,1,-1,-1,-1
86,817,428.53,339.29,27.69,67.24,1,-1,-1,-1
86,816,457.60,327.44,29.74,65.24,1,-1,-1,-1
86,815,544.70,322.25,30.72,67.71,1,-1,-1,-1
86,813,798.38,308.77,21.82,57.78,1,-1,-1,-1
86,812,807.70,337.69,30.61,59.31,1,-1,-1,-1
87,843,1140.13,300.26,10.28,37.43,1,-1,-1,-1
87,842,975.29,311.73,31.89,74.97,1,-1,-1,-1
87,841,1111.25,307.23,24.08,52.86,1,-1,-1,-1
87,839,1243.47,293.35,22.53,54.53,1,-1,-1,-1
87,838,1164.52,301.57,20.96,49.31,1,-1,-1,-1
87,836,1202.39,299.41,23.26,47.03,1,-1,-1,-1
87,835,63.06,358.88,35.59,71.95,1,-1,-1,-1
87,834,386.56,329.04,20.35,54.67,1,-1,-1,-1
87,833,1143.70,294.83,23.97,59.99,1,-1,-1,-1
87,831,421.30,337.83,29.15,67.30,1,-1,-1,-1
87,827,1102.11,299.73,20.48,54.60,1,-1,-1,-1
87,823,316.25,370.88,33.43,76.12,1,-1,-1,-1
87,820,379.97,347.93,29.97,67.77,1,-1,-1,-1
87,818,407.85,332.22,19.99,63.89,1,-1,-1,-1
87,817,438.58,335.80,25.63,64.02,1,-1,-1,-1
87,816,463.90,325.83,30.80,64.74,1,-1,-1,-1
87,815,554.57,324.50,33.34,69.81,1,-1,-1,-1
87,813,802.25,309.21,21.97,59.56,1,-1,-1,-1
87,812,812.18,337.63,29.00,62.47,1,-1,-1,-1
88,843,1133.70,303.62,10.72,41.44,1,-1,-1,-1
88,842,963.52,311.45,30.94,74.62,1,-1,-1,-1
88,841,1104.69,307.98,22.44,46.82,1,-1,-1,-1
88,839,1239.29,293.78,22.75,54.35,1,-1,-1,-1
88,838,1158.86,304.13,21.62,50.40,1,-1,-1,-1
88,836,1196.34,303.26,23.33,48.68,1,-1,-1,-1
88,835,69.42,357.70,34.93,71.35,1,-1,-1,-1
88,834,393.64,328.82,20.26,53.20,1,-1,-1,-1
88,833,1137.65,296.37,23.87,59.82,1,-1,-1,-1
88,831,432.90,339.80,28.86,68.96,1,-1,-1,-1
88,827,1097.95,297.70,20.43,55.06,1,-1,-1,-1
88,820,387.95,344.32,28.21,62.62,1,-1,-1,-1
88,818,414.58,331.35,21.25,64.83,1,-1,-1,-1
88,817,449.32,338.07,26.38,63.72,1,-1,-1,-1
88,816,472.78,324.88,28.01,64.26,1,-1,-1,-1
88,815,562.76,324.01,33.20,70.87,1,-1,-1,-1
88,813,812.10,307.58,22.75,62.03,1,-1,-1,-1
88,812,825.18,335.30,29.66,65.97,1,-1,-1,-1
89,845,1113.14,302.16,16.76,50.35,1,-1,-1,-1
89,842,954.40,308.91,29.31,68.61,1,-1,-1,-1
89,841,1095.63,313.33,21.64,46.07,1,-1,-1,-1
89,838,1152.46,307.47,21.89,54.28,1,-1,-1,-1
89,836,1190.91,302.27,22.15,46.31,1,-1,-1,-1
89,835,78.32,356.54,36.49,71.38,1,-1,-1,-1
89,834,404.22,328.55,20.27,53.17,1,-1,-1,-1
89,833,1130.97,299.08,23.97,62.83,1,-1,-1,-1
89,831,443.27,341.65,28.63,70.24,1,-1,-1,-1
89,827,1092.66,298.23,20.11,55.35,1,-1,-1,-1
89,820,398.52,350.82,26.78,64.10,1,-1,-1,-1
89,818,424.83,330.94,20.63,66.71,1,-1,-1,-1
89,817,457.65,337.82,23.08,63.19,1,-1,-1,-1
89,816,481.87,324.96,27.94,63.95,1,-1,-1,-1
89,815,573.02,322.38,31.85,71.49,1,-1,-1,-1
89,813,823.68,307.22,22.67,63.00,1,-1,-1,-1
89,812,836.55,332.93,29.66,68.45,1,-1,-1,-1
90,845,1106.65,303.05,16.60,52.58,1,-1,-1,-1
90,842,946.72,308.69,28.18,64.54,1,-1,-1,-1
90,841,1085.69,316.42,23.50,50.78,1,-1,-1,-1
90,838,1147.07,302.55,20.89,47.57,1,-1,-1,-1
90,835,86.33,356.23,36.38,71.03,1,-1,-1,-1
90,834,411.36,331.30,20.28,53.17,1,-1,-1,-1
90,833,1125.05,296.71,23.87,62.39,1,-1,-1,-1
90,831,454.60,341.56,28.45,71.21,1,-1,-1,-1
90,827,1087.25,297.98,19.85,54.81,1,-1,-1,-1
90,820,408.39,351.93,27.11,66.09,1,-1,-1,-1
90,818,434.51,330.52,21.19,68.59,1,-1,-1,-1
90,817,465.80,336.45,20.64,62.70,1,-1,-1,-1
90,816,489.27,324.31,27.88,63.73,1,-1,-1,-1
90,815,582.58,322.49,33.07,71.25,1,-1,-1,-1
90,813,835.54,307.55,22.60,62.92,1,-1,-1,-1
90,812,848.23,327.22,28.22,64.10,1,-1,-1,-1
91,845,1101.59,299.31,15.85,41.01,1,-1,-1,-1
91,842,938.02,312.36,28.13,65.46,1,-1,-1,-1
91,841,1079.48,312.19,21.96,43.34,1,-1,-1,-1
91,835,92.42,355.39,35.07,70.12,1,-1,-1,-1
91,833,1118.50,291.56,24.38,51.25,1,-1,-1,-1
91,831,466.56,339.19,27.33,71.69,1,-1,-1,-1
91,827,1082.12,293.64,20.64,44.43,1,-1,-1,-1
91,823,355.98,377.37,33.31,80.94,1,-1,-1,-1
91,820,415.63,350.53,28.46,69.00,1,-1,-1,-1
91,818,442.27,328.63,22.84,70.29,1,-1,-1,-1
91,816,498.50,323.57,26.73,63.49,1,-1,-1,-1
91,815,589.21,320.62,33.98,71.08,1,-1,-1,-1
91,813,842.34,306.66,23.27,63.29,1,-1,-1,-1
91,812,860.58,324.54,26.47,60.09,1,-1,-1,-1
92,845,1095.72,298.65,15.15,34.72,1,-1,-1,-1
92,842,928.29,314.82,27.91,67.77,1,-1,-1,-1
92,835,101.13,355.95,36.55,69.83,1,-1,-1,-1
92,833,1111.98,290.90,23.81,44.44,1,-1,-1,-1
92,831,478.67,339.29,27.93,72.43,1,-1,-1,-1
92,823,361.70,376.70,34.83,81.94,1,-1,-1,-1
92,820,421.54,349.41,29.43,71.06,1,-1,-1,-1
92,818,448.80,327.10,23.85,71.38,1,-1,-1,-1
92,816,505.95,322.96,25.88,63.30,1,-1,-1,-1
92,815,598.30,319.10,32.28,70.83,1,-1,-1,-1
92,813,852.10,304.84,23.28,63.48,1,-1,-1,-1
92,812,872.03,327.36,26.47,61.59,1,-1,-1,-1
93,845,1090.22,300.05,14.83,33.47,1,-1,-1,-1
93,842,917.14,312.70,26.91,65.28,1,-1,-1,-1
93,835,109.78,355.52,37.60,69.55,1,-1,-1,-1
93,833,1106.26,293.50,22.91,42.68,1,-1,-1,-1
93,831,489.05,337.40,28.36,72.95,1,-1,-1,-1
93,823,369.25,376.16,33.91,82.34,1,-1,-1,-1
93,820,431.65,349.14,28.71,72.21,1,-1,-1,-1
93,818,457.27,325.76,24.61,72.14,1,-1,-1,-1
93,816,513.12,322.66,25.25,63.15,1,-1,-1,-1
93,815,607.75,318.78,32.05,70.15,1,-1,-1,-1
93,813,860.64,304.13,23.29,63.63,1,-1,-1,-1
93,812,880.93,328.24,30.42,65.46,1,-1,-1,-1
94,845,1084.24,306.68,15.95,40.44,1,-1,-1,-1
94,842,909.21,308.85,24.85,54.78,1,-1,-1,-1
94,835,117.14,355.19,36.19,69.02,1,-1,-1,-1
94,833,1099.02,302.47,23.10,48.78,1,-1,-1,-1
94,831,501.93,335.92,26.46,72.88,1,-1,-1,-1
94,823,380.52,375.59,36.31,83.02,1,-1,-1,-1
94,820,439.50,347.93,29.31,72.89,1,-1,-1,-1
94,818,464.06,325.39,26.83,72.37,1,-1,-1,-1
94,816,522.61,321.82,24.37,63.00,1,-1,-1,-1
94,815,616.64,318.15,31.87,69.64,1,-1,-1,-1
94,813,867.74,303.96,23.29,61.93,1,-1,-1,-1
94,812,889.79,318.96,29.80,53.44,1,-1,-1,-1
95,847,1207.81,297.62,23.37,61.02,1,-1,-1,-1
95,845,1077.88,307.70,16.37,45.53,1,-1,-1,-1
95,842,899.85,309.00,22.94,47.36,1,-1,-1,-1
95,835,123.95,355.34,35.16,68.61,1,-1,-1,-1
95,833,1090.01,304.43,23.95,54.57,1,-1,-1,-1
95,831,513.35,336.08,26.99,71.97,1,-1,-1,-1
95,823,390.40,368.63,33.52,75.79,1,-1,-1,-1
95,820,447.47,344.32,28.94,70.77,1,-1,-1,-1
95,818,471.94,323.64,26.56,72.36,1,-1,-1,-1
95,816,531.69,321.75,25.45,62.41,1,-1,-1,-1
95,815,624.28,317.19,29.64,69.16,1,-1,-1,-1
95,813,877.98,299.78,22.39,58.34,1,-1,-1,-1
96,849,1107.88,306.35,19.73,63.96,1,-1,-1,-1
96,848,1137.91,306.20,25.99,70.11,1,-1,-1,-1
96,847,1201.92,297.34,24.15,61.35,1,-1,-1,-1
96,845,1071.60,306.64,16.99,49.81,1,-1,-1,-1
96,842,890.18,319.44,22.95,52.40,1,-1,-1,-1
96,835,132.81,355.07,36.85,68.61,1,-1,-1,-1
96,833,1085.82,304.36,24.38,59.00,1,-1,-1,-1
96,831,524.48,333.98,27.38,71.32,1,-1,-1,-1
96,823,400.99,367.77,31.13,71.79,1,-1,-1,-1
96,820,456.39,345.36,28.55,71.20,1,-1,-1,-1
96,818,480.36,323.17,25.81,72.30,1,-1,-1,-1
96,816,540.02,321.08,24.00,61.90,1,-1,-1,-1
96,815,632.86,316.43,28.07,68.77,1,-1,-1,-1
96,813,885.40,298.28,21.69,55.21,1,-1,-1,-1
97,852,521.27,327.57,21.06,76.55,1,-1,-1,-1
97,851,1026.99,310.49,30.89,73.03,1,-1,-1,-1
97,850,1049.94,300.28,15.83,61.55,1,-1,-1,-1
97,849,1099.43,305.28,22.13,67.90,1,-1,-1,-1
97,848,1130.94,304.68,29.94,73.57,1,-1,-1,-1
97,847,1196.99,297.11,24.57,61.31,1,-1,-1,-1
97,845,1065.65,305.80,17.28,52.79,1,-1,-1,-1
97,842,879.67,322.02,25.53,58.55,1,-1,-1,-1
97,835,140.34,354.45,37.09,68.45,1,-1,-1,-1
97,833,1078.84,303.62,25.03,62.60,1,-1,-1,-1
97,831,533.68,331.96,27.14,71.96,1,-1,-1,-1
97,823,411.76,372.31,30.78,75.32,1,-1,-1,-1
97,820,465.20,345.71,28.27,71.54,1,-1,-1,-1
97,818,488.30,322.72,26.93,72.40,1,-1,-1,-1
97,816,546.67,320.22,22.93,61.49,1,-1,-1,-1
97,815,640.12,314.56,26.91,66.84,1,-1,-1,-1
97,813,894.05,301.68,21.17,56.49,1,-1,-1,-1
98,852,529.57,326.88,20.08,68.22,1,-1,-1,-1
98,851,1019.52,312.07,29.23,70.43,1,-1,-1,-1
98,850,1041.68,299.35,18.49,64.40,1,-1,-1,-1
98,849,1091.74,305.16,23.38,69.25,1,-1,-1,-1
98,848,1123.21,303.84,28.86,72.11,1,-1,-1,-1
98,847,1191.66,297.91,24.82,61.15,1,-1,-1,-1
98,845,1059.04,305.30,17.42,54.90,1,-1,-1,-1
98,842,869.62,321.97,26.09,62.37,1,-1,-1,-1
98,835,145.96,352.50,35.83,68.15,1,-1,-1,-1
98,833,1071.65,303.89,25.44,65.24,1,-1,-1,-1
98,831,543.27,328.46,25.87,67.34,1,-1,-1,-1
98,823,418.21,372.33,30.87,76.46,1,-1,-1,-1
98,820,470.81,344.47,29.76,72.02,1,-1,-1,-1
98,818,494.79,321.77,27.15,72.42,1,-1,-1,-1
98,816,554.89,318.78,21.92,59.70,1,-1,-1,-1
98,815,648.87,313.05,26.04,65.34,1,-1,-1,-1
98,813,901.55,303.67,22.08,57.88,1,-1,-1,-1
98,812,927.22,326.45,32.11,65.07,1,-1,-1,-1
99,852,537.82,326.01,19.61,64.41,1,-1,-1,-1
99,851,1011.25,313.92,26.67,67.80,1,-1,-1,-1
99,850,1037.00,299.04,18.67,63.74,1,-1,-1,-1
99,849,1085.07,304.38,24.10,69.66,1,-1,-1,-1
99,848,1113.87,304.76,28.21,71.30,1,-1,-1,-1
99,847,1186.49,299.11,24.55,60.71,1,-1,-1,-1
99,845,1052.97,304.30,17.46,56.38,1,-1,-1,-1
99,842,857.59,321.45,26.41,65.20,1,-1,-1,-1
99,835,155.03,352.32,37.18,68.17,1,-1,-1,-1
99,833,1063.95,302.08,25.70,67.19,1,-1,-1,-1
99,831,554.09,328.11,24.88,63.36,1,-1,-1,-1
99,820,481.45,336.00,27.42,67.02,1,-1,-1,-1
99,818,504.25,320.13,25.42,71.24,1,-1,-1,-1
99,816,563.23,318.10,21.04,58.91,1,-1,-1,-1
99,815,657.85,314.33,24.85,65.51,1,-1,-1,-1
99,813,910.92,302.19,22.10,59.45,1,-1,-1,-1
99,812,937.35,325.72,33.00,67.03,1,-1,-1,-1
