1,778,6.43,352.02,22.87,37.23,1,-1,-1,-1
1,777,363.17,365.21,31.12,49.88,1,-1,-1,-1
1,776,1041.36,249.24,11.88,40.62,1,-1,-1,-1
1,775,1112.39,243.31,12.56,27.16,1,-1,-1,-1
1,774,416.77,340.87,36.48,76.48,1,-1,-1,-1
1,773,1089.10,311.57,25.00,47.80,1,-1,-1,-1
1,772,1105.86,313.79,25.00,49.16,1,-1,-1,-1
1,771,431.40,344.07,36.07,77.96,1,-1,-1,-1
1,770,301.90,338.42,34.59,58.22,1,-1,-1,-1
1,769,156.25,353.23,36.11,56.63,1,-1,-1,-1
1,768,356.37,378.79,34.61,83.70,1,-1,-1,-1
1,767,140.93,384.13,32.49,69.99,1,-1,-1,-1
1,766,584.16,331.11,31.87,72.04,1,-1,-1,-1
1,765,671.67,317.35,33.57,68.78,1,-1,-1,-1
1,764,888.79,313.06,25.00,65.71,1,-1,-1,-1
1,763,518.41,346.14,50.65,81.95,1,-1,-1,-1
2,778,6.25,353.62,22.97,33.47,1,-1,-1,-1
2,777,377.92,372.42,38.13,65.01,1,-1,-1,-1
2,776,1039.78,248.74,11.72,37.58,1,-1,-1,-1
2,775,1112.04,243.73,13.68,27.58,1,-1,-1,-1
2,774,427.28,340.38,31.11,73.48,1,-1,-1,-1
2,773,1081.77,312.88,25.94,53.10,1,-1,-1,-1
2,772,1099.94,315.41,26.87,59.91,1,-1,-1,-1
2,771,437.55,340.61,36.07,77.96,1,-1,-1,-1
2,770,301.90,338.42,34.59,58.22,1,-1,-1,-1
2,769,156.25,353.23,36.11,56.63,1,-1,-1,-1
2,768,356.37,378.79,34.61,83.70,1,-1,-1,-1
2,767,159.47,380.75,37.48,73.22,1,-1,-1,-1
2,766,592.02,329.16,28.21,69.01,1,-1,-1,-1
2,765,683.18,314.62,29.88,67.48,1,-1,-1,-1
2,764,876.58,312.33,29.00,71.21,1,-1,-1,-1
2,763,534.27,346.74,36.57,72.30,1,-1,-1,-1
3,778,3.86,351.68,24.52,36.41,1,-1,-1,-1
3,777,384.14,370.53,35.68,65.60,1,-1,-1,-1
3,776,1041.40,249.49,11.14,31.09,1,-1,-1,-1
3,775,1112.45,244.10,14.28,29.61,1,-1,-1,-1
3,774,441.88,338.59,29.81,73.89,1,-1,-1,-1
3,773,1075.74,311.52,25.87,54.40,1,-1,-1,-1
3,772,1090.59,314.11,30.05,68.34,1,-1,-1,-1
3,771,453.35,343.46,29.67,71.85,1,-1,-1,-1
3,770,301.90,338.42,34.59,58.22,1,-1,-1,-1
3,769,156.25,353.23,36.11,56.63,1,-1,-1,-1
3,768,356.37,378.79,34.61,83.70,1,-1,-1,-1
3,767,181.94,385.24,30.08,66.21,1,-1,-1,-1
3,766,602.19,328.65,27.36,69.05,1,-1,-1,-1
3,765,694.40,311.32,38.97,75.89,1,-1,-1,-1
3,764,866.47,312.58,29.85,71.53,1,-1,-1,-1
3,763,551.95,346.44,33.34,71.83,1,-1,-1,-1
4,777,395.31,369.24,30.98,63.27,1,-1,-1,-1
4,775,1111.55,243.22,15.32,33.12,1,-1,-1,-1
4,774,448.45,335.55,34.32,79.45,1,-1,-1,-1
4,773,1070.39,312.02,26.23,57.53,1,-1,-1,-1
4,772,1083.53,312.43,30.83,70.86,1,-1,-1,-1
4,771,462.33,341.17,32.86,76.36,1,-1,-1,-1
4,770,301.90,338.42,34.59,58.22,1,-1,-1,-1
4,769,156.25,353.23,36.11,56.63,1,-1,-1,-1
4,768,356.37,378.79,34.61,83.70,1,-1,-1,-1
4,767,199.25,382.42,34.13,70.34,1,-1,-1,-1
4,766,612.41,327.24,27.05,69.43,1,-1,-1,-1
4,765,702.10,312.69,37.28,73.64,1,-1,-1,-1
4,764,855.41,315.36,27.02,64.91,1,-1,-1,-1
4,763,561.27,343.18,38.14,79.69,1,-1,-1,-1
5,777,404.84,367.25,34.10,68.71,1,-1,-1,-1
5,775,1111.33,243.32,15.01,33.76,1,-1,-1,-1
5,774,459.26,337.45,30.18,75.62,1,-1,-1,-1
5,773,1061.86,312.55,26.20,59.08,1,-1,-1,-1
5,772,1076.92,312.60,28.93,70.05,1,-1,-1,-1
5,771,473.06,341.22,31.63,75.53,1,-1,-1,-1
5,770,301.90,338.42,34.59,58.22,1,-1,-1,-1
5,769,156.25,353.23,36.11,56.63,1,-1,-1,-1
5,768,356.37,378.79,34.61,83.70,1,-1,-1,-1
5,767,217.42,380.54,30.69,67.40,1,-1,-1,-1
5,766,621.88,324.04,30.18,74.73,1,-1,-1,-1
5,765,713.98,313.30,32.16,69.39,1,-1,-1,-1
5,764,844.22,318.10,28.08,64.50,1,-1,-1,-1
5,763,574.17,343.87,34.06,77.16,1,-1,-1,-1
6,777,414.72,367.14,30.40,64.45,1,-1,-1,-1
6,775,1111.19,243.11,14.97,33.81,1,-1,-1,-1
6,774,470.06,334.46,31.04,76.62,1,-1,-1,-1
6,773,1055.43,312.44,26.17,60.50,1,-1,-1,-1
6,772,1070.54,314.33,30.42,71.48,1,-1,-1,-1
6,771,481.91,339.00,30.61,74.88,1,-1,-1,-1
6,770,302.68,339.45,34.35,58.42,1,-1,-1,-1
6,769,158.29,353.12,35.28,55.99,1,-1,-1,-1
6,768,356.97,379.60,33.45,82.48,1,-1,-1,-1
6,767,235.45,376.50,33.72,69.91,1,-1,-1,-1
6,766,631.70,324.17,28.28,71.07,1,-1,-1,-1
6,765,727.84,312.73,32.63,69.41,1,-1,-1,-1
6,764,830.54,319.81,26.85,63.90,1,-1,-1,-1
6,763,587.77,342.97,32.61,76.74,1,-1,-1,-1
7,777,424.05,365.86,28.39,63.55,1,-1,-1,-1
7,775,1111.39,243.50,14.40,34.10,1,-1,-1,-1
7,774,477.51,334.61,30.36,76.07,1,-1,-1,-1
7,773,1049.45,312.79,26.06,61.36,1,-1,-1,-1
7,772,1064.81,314.24,31.25,71.94,1,-1,-1,-1
7,771,491.76,338.94,31.23,75.80,1,-1,-1,-1
7,770,302.97,339.75,34.19,58.58,1,-1,-1,-1
7,769,159.07,353.13,34.79,55.69,1,-1,-1,-1
7,768,357.32,379.94,32.77,81.94,1,-1,-1,-1
7,767,253.50,375.95,31.04,68.02,1,-1,-1,-1
7,766,639.68,322.78,27.33,70.35,1,-1,-1,-1
7,765,737.76,310.48,32.93,69.37,1,-1,-1,-1
7,764,820.07,320.06,27.99,65.71,1,-1,-1,-1
7,763,594.94,340.97,35.18,79.78,1,-1,-1,-1
8,777,432.84,364.02,32.22,67.79,1,-1,-1,-1
8,775,1111.06,242.66,14.11,33.94,1,-1,-1,-1
8,774,485.46,332.80,29.94,75.86,1,-1,-1,-1
8,773,1041.00,313.01,25.95,61.89,1,-1,-1,-1
8,772,1057.07,314.58,29.38,70.67,1,-1,-1,-1
8,771,502.12,337.92,29.84,75.02,1,-1,-1,-1
8,770,303.10,339.80,34.08,58.70,1,-1,-1,-1
8,769,159.39,353.16,34.50,55.56,1,-1,-1,-1
8,768,357.53,380.07,32.35,81.72,1,-1,-1,-1
8,767,270.11,372.56,33.57,70.06,1,-1,-1,-1
8,766,649.49,321.74,26.75,70.06,1,-1,-1,-1
8,765,747.36,307.94,32.15,69.84,1,-1,-1,-1
8,764,809.17,319.93,28.67,66.68,1,-1,-1,-1
8,763,607.73,338.21,32.03,73.75,1,-1,-1,-1
9,777,440.37,362.91,31.90,68.39,1,-1,-1,-1
9,775,1110.88,242.04,14.42,34.40,1,-1,-1,-1
9,774,497.37,330.61,29.68,75.82,1,-1,-1,-1
9,773,1033.28,314.23,25.83,62.23,1,-1,-1,-1
9,772,1048.61,314.30,28.76,70.30,1,-1,-1,-1
9,771,511.53,337.28,28.94,74.73,1,-1,-1,-1
9,770,303.15,339.78,34.00,58.80,1,-1,-1,-1
9,769,159.51,353.17,34.31,55.52,1,-1,-1,-1
9,768,357.66,380.10,32.09,81.66,1,-1,-1,-1
9,767,288.65,381.70,29.46,62.19,1,-1,-1,-1
9,766,658.94,320.79,26.37,69.98,1,-1,-1,-1
9,765,758.47,307.11,35.17,72.09,1,-1,-1,-1
9,764,797.14,319.78,27.49,66.25,1,-1,-1,-1
9,763,620.53,337.59,30.70,74.45,1,-1,-1,-1
10,779,1038.91,248.32,14.84,41.54,1,-1,-1,-1
10,777,451.82,358.21,29.94,64.74,1,-1,-1,-1
10,775,1111.78,241.44,14.07,34.77,1,-1,-1,-1
10,774,507.03,329.36,31.59,77.33,1,-1,-1,-1
10,773,1026.63,314.06,25.73,62.44,1,-1,-1,-1
10,772,1043.71,313.85,29.80,70.77,1,-1,-1,-1
10,771,522.65,336.33,30.60,76.09,1,-1,-1,-1
10,770,303.17,339.73,33.95,58.88,1,-1,-1,-1
10,769,159.57,353.17,34.19,55.52,1,-1,-1,-1
10,768,357.74,380.09,31.92,81.69,1,-1,-1,-1
10,767,303.96,373.72,32.40,65.88,1,-1,-1,-1
10,766,668.55,318.90,26.13,70.02,1,-1,-1,-1
10,765,766.83,306.02,34.72,72.10,1,-1,-1,-1
10,764,785.28,322.53,30.78,68.59,1,-1,-1,-1
10,763,632.77,336.59,33.96,78.74,1,-1,-1,-1
11,779,1038.39,248.69,14.68,40.96,1,-1,-1,-1
11,777,461.68,357.76,33.23,69.14,1,-1,-1,-1
11,775,1111.95,242.20,13.74,34.31,1,-1,-1,-1
11,774,517.04,329.13,31.75,77.57,1,-1,-1,-1
11,773,1019.03,314.78,25.65,62.56,1,-1,-1,-1
11,772,1036.99,314.50,28.55,70.12,1,-1,-1,-1
11,771,532.48,336.92,31.74,76.84,1,-1,-1,-1
11,770,303.18,339.69,33.91,58.93,1,-1,-1,-1
11,769,159.58,353.17,34.12,55.53,1,-1,-1,-1
11,768,357.80,380.05,31.81,81.75,1,-1,-1,-1
11,767,319.72,369.57,30.69,65.60,1,-1,-1,-1
11,766,677.07,317.63,29.09,72.37,1,-1,-1,-1
11,765,778.17,306.62,31.64,70.88,1,-1,-1,-1
11,764,771.98,326.27,29.08,68.02,1,-1,-1,-1
11,763,642.31,334.77,32.84,79.25,1,-1,-1,-1
12,779,1039.07,249.64,13.95,40.26,1,-1,-1,-1
12,777,469.53,356.52,33.16,70.69,1,-1,-1,-1
12,775,1111.71,242.69,13.35,34.04,1,-1,-1,-1
12,774,525.93,329.01,29.59,76.63,1,-1,-1,-1
12,773,1009.55,314.75,25.57,62.64,1,-1,-1,-1
12,772,1030.01,313.06,27.54,67.25,1,-1,-1,-1
12,771,540.72,334.23,29.54,75.83,1,-1,-1,-1
12,770,303.19,339.66,33.88,58.98,1,-1,-1,-1
12,769,159.59,353.16,34.08,55.56,1,-1,-1,-1
12,768,357.83,380.01,31.74,81.83,1,-1,-1,-1
12,767,337.14,366.70,29.50,65.54,1,-1,-1,-1
12,766,685.64,315.31,28.20,72.22,1,-1,-1,-1
12,765,790.79,304.94,33.59,71.51,1,-1,-1,-1
12,764,759.26,324.91,30.62,68.90,1,-1,-1,-1
12,763,653.45,333.97,32.06,79.78,1,-1,-1,-1
13,779,1039.23,249.16,14.04,40.29,1,-1,-1,-1
13,777,479.72,355.81,32.00,71.35,1,-1,-1,-1
13,775,1111.54,242.94,13.70,33.97,1,-1,-1,-1
13,774,533.92,328.60,31.38,77.61,1,-1,-1,-1
13,773,1002.49,311.18,25.50,54.92,1,-1,-1,-1
13,772,1024.14,311.57,27.08,56.94,1,-1,-1,-1
13,771,550.35,332.21,31.88,77.03,1,-1,-1,-1
13,770,303.19,339.63,33.86,59.01,1,-1,-1,-1
13,769,159.58,353.15,34.05,55.59,1,-1,-1,-1
13,768,357.85,379.97,31.70,81.91,1,-1,-1,-1
13,767,351.57,365.00,26.95,64.28,1,-1,-1,-1
13,766,693.98,313.71,27.57,72.19,1,-1,-1,-1
13,765,800.27,304.84,31.93,70.78,1,-1,-1,-1
13,764,749.38,324.27,31.69,69.37,1,-1,-1,-1
13,763,666.70,332.29,37.23,83.14,1,-1,-1,-1
14,779,1039.15,248.45,14.00,40.09,1,-1,-1,-1
14,777,489.57,354.99,34.33,73.29,1,-1,-1,-1
14,775,1111.74,242.90,13.90,34.37,1,-1,-1,-1
14,774,541.88,327.94,30.05,77.15,1,-1,-1,-1
14,773,993.39,310.47,25.26,49.94,1,-1,-1,-1
14,772,1015.61,312.41,26.38,50.32,1,-1,-1,-1
14,771,555.82,331.60,32.44,77.27,1,-1,-1,-1
14,770,303.19,339.60,33.85,59.04,1,-1,-1,-1
14,769,159.57,353.14,34.03,55.63,1,-1,-1,-1
14,768,357.86,379.93,31.68,81.98,1,-1,-1,-1
14,767,369.67,361.86,26.15,61.25,1,-1,-1,-1
14,766,701.43,313.16,27.12,72.21,1,-1,-1,-1
14,765,810.32,302.61,30.75,70.30,1,-1,-1,-1
14,764,737.38,325.34,30.07,68.88,1,-1,-1,-1
14,763,675.04,331.99,37.88,83.83,1,-1,-1,-1
15,779,1040.26,248.90,13.34,39.58,1,-1,-1,-1
15,777,496.16,352.41,34.16,73.91,1,-1,-1,-1
15,775,1110.78,243.17,14.09,34.31,1,-1,-1,-1
15,774,553.70,327.07,28.46,76.62,1,-1,-1,-1
15,773,984.67,314.74,26.07,53.65,1,-1,-1,-1
15,772,1006.35,318.77,26.62,55.69,1,-1,-1,-1
15,771,568.43,331.52,30.17,76.48,1,-1,-1,-1
15,770,303.19,339.58,33.84,59.06,1,-1,-1,-1
15,769,159.56,353.12,34.03,55.66,1,-1,-1,-1
15,768,357.87,379.89,31.67,82.06,1,-1,-1,-1
15,767,384.74,363.35,25.99,62.35,1,-1,-1,-1
15,766,710.22,310.90,26.37,70.63,1,-1,-1,-1
15,765,820.61,301.78,34.51,71.44,1,-1,-1,-1
15,764,727.62,326.64,30.74,70.68,1,-1,-1,-1
15,763,688.43,330.02,34.01,82.74,1,-1,-1,-1
16,779,1039.92,249.06,13.44,39.69,1,-1,-1,-1
16,777,506.40,352.63,32.11,73.68,1,-1,-1,-1
16,775,1111.16,242.23,14.04,34.46,1,-1,-1,-1
16,774,564.27,325.80,30.27,75.87,1,-1,-1,-1
16,773,975.43,316.54,26.09,57.08,1,-1,-1,-1
16,772,996.81,320.72,29.72,62.53,1,-1,-1,-1
16,771,578.14,331.12,32.58,76.05,1,-1,-1,-1
16,770,302.82,338.99,33.69,58.71,1,-1,-1,-1
16,769,158.59,352.96,34.33,56.54,1,-1,-1,-1
16,768,357.55,379.88,31.96,81.80,1,-1,-1,-1
16,767,398.05,360.41,28.86,65.41,1,-1,-1,-1
16,766,719.33,310.30,27.75,68.65,1,-1,-1,-1
16,765,830.87,302.07,32.22,69.87,1,-1,-1,-1
16,763,701.79,330.44,35.16,81.26,1,-1,-1,-1
17,779,1039.63,248.61,13.45,39.35,1,-1,-1,-1
17,777,516.47,350.64,33.19,74.23,1,-1,-1,-1
17,775,1111.62,242.64,14.43,34.75,1,-1,-1,-1
17,774,573.57,324.32,28.61,74.59,1,-1,-1,-1
17,773,967.14,317.37,26.02,59.70,1,-1,-1,-1
17,772,993.16,320.48,31.70,67.01,1,-1,-1,-1
17,771,584.97,330.04,32.21,75.24,1,-1,-1,-1
17,770,302.71,338.83,33.59,58.46,1,-1,-1,-1
17,769,158.17,352.74,34.54,57.17,1,-1,-1,-1
17,768,357.38,379.91,32.18,81.62,1,-1,-1,-1
17,767,408.69,359.38,30.26,66.07,1,-1,-1,-1
17,766,726.16,309.19,27.27,68.65,1,-1,-1,-1
17,765,842.71,301.64,30.56,68.69,1,-1,-1,-1
18,779,1039.80,249.53,13.22,38.91,1,-1,-1,-1
18,777,524.41,349.54,34.09,73.48,1,-1,-1,-1
18,775,1112.06,242.37,13.92,34.44,1,-1,-1,-1
18,774,583.86,323.52,27.42,73.66,1,-1,-1,-1
18,773,960.85,317.63,27.29,63.02,1,-1,-1,-1
18,772,986.07,321.32,30.04,68.80,1,-1,-1,-1
18,771,595.20,326.97,30.01,73.30,1,-1,-1,-1
18,770,302.68,338.81,33.52,58.28,1,-1,-1,-1
18,769,157.98,352.55,34.68,57.63,1,-1,-1,-1
18,768,357.27,379.96,32.35,81.49,1,-1,-1,-1
18,767,420.51,356.43,29.88,66.52,1,-1,-1,-1
18,766,736.15,307.82,26.49,67.22,1,-1,-1,-1
18,765,852.23,301.90,32.39,69.47,1,-1,-1,-1
19,779,1039.48,248.83,13.82,39.14,1,-1,-1,-1
19,777,535.47,344.13,32.09,67.92,1,-1,-1,-1
19,775,1112.06,241.93,14.18,34.57,1,-1,-1,-1
19,774,594.53,323.96,30.09,73.96,1,-1,-1,-1
19,773,950.42,315.40,26.85,64.81,1,-1,-1,-1
19,772,977.98,321.17,28.80,70.30,1,-1,-1,-1
19,771,606.07,326.57,28.41,71.82,1,-1,-1,-1
19,770,302.68,338.84,33.47,58.15,1,-1,-1,-1
19,769,157.89,352.40,34.78,57.96,1,-1,-1,-1
19,768,357.20,380.00,32.47,81.40,1,-1,-1,-1
19,767,429.86,354.92,32.42,67.66,1,-1,-1,-1
19,766,745.35,307.62,25.93,66.19,1,-1,-1,-1
19,765,864.11,299.90,31.21,69.35,1,-1,-1,-1
19,764,686.64,328.67,28.45,67.01,1,-1,-1,-1
20,779,1039.00,248.74,14.08,39.51,1,-1,-1,-1
20,777,543.70,347.46,34.02,69.10,1,-1,-1,-1
20,775,1112.01,241.97,13.90,34.07,1,-1,-1,-1
20,774,602.39,323.51,33.18,73.84,1,-1,-1,-1
20,773,941.18,315.88,28.82,66.29,1,-1,-1,-1
20,772,970.99,321.95,29.87,72.31,1,-1,-1,-1
20,771,615.51,328.26,27.25,70.72,1,-1,-1,-1
20,770,302.70,338.87,33.43,58.06,1,-1,-1,-1
20,769,157.84,352.29,34.85,58.20,1,-1,-1,-1
20,768,357.18,377.54,32.51,77.08,1,-1,-1,-1
20,767,440.73,352.41,31.70,64.54,1,-1,-1,-1
20,766,754.95,306.36,25.49,64.20,1,-1,-1,-1
20,765,874.11,298.57,30.35,69.28,1,-1,-1,-1
20,764,676.75,331.54,29.18,68.23,1,-1,-1,-1
20,763,738.06,325.92,38.52,81.31,1,-1,-1,-1
21,779,1039.62,248.47,13.69,39.50,1,-1,-1,-1
21,777,550.16,348.89,32.95,69.36,1,-1,-1,-1
21,775,1111.62,242.71,13.49,34.01,1,-1,-1,-1
21,774,612.14,322.50,33.49,75.93,1,-1,-1,-1
21,773,932.07,316.61,30.24,67.21,1,-1,-1,-1
21,772,964.13,321.63,30.63,73.68,1,-1,-1,-1
21,771,623.43,327.50,26.48,71.43,1,-1,-1,-1
21,770,302.71,338.90,33.41,58.00,1,-1,-1,-1
21,769,157.81,352.20,34.90,58.37,1,-1,-1,-1
21,768,356.57,373.02,33.74,61.88,1,-1,-1,-1
21,767,451.47,352.80,31.21,64.39,1,-1,-1,-1
21,766,760.77,306.47,26.93,64.57,1,-1,-1,-1
21,765,883.13,298.34,32.23,69.00,1,-1,-1,-1
21,764,666.72,332.65,29.68,69.06,1,-1,-1,-1
21,763,750.70,324.92,35.86,80.71,1,-1,-1,-1
22,780,611.87,328.02,24.09,59.09,1,-1,-1,-1
22,779,1039.80,248.84,13.25,38.71,1,-1,-1,-1
22,777,562.60,347.96,30.80,69.55,1,-1,-1,-1
22,775,1111.36,241.81,12.81,34.26,1,-1,-1,-1
22,774,618.04,321.46,33.68,77.18,1,-1,-1,-1
22,773,921.28,316.95,28.95,67.38,1,-1,-1,-1
22,772,955.29,318.70,29.17,70.30,1,-1,-1,-1
22,771,633.98,326.36,27.66,72.68,1,-1,-1,-1
22,770,302.72,338.93,33.39,57.96,1,-1,-1,-1
22,769,157.79,352.13,34.94,58.50,1,-1,-1,-1
22,768,356.75,378.35,33.39,62.97,1,-1,-1,-1
22,767,460.81,352.22,30.85,64.30,1,-1,-1,-1
22,766,769.76,307.82,27.98,64.80,1,-1,-1,-1
22,765,889.72,297.98,31.69,68.48,1,-1,-1,-1
22,764,654.76,333.49,28.42,69.24,1,-1,-1,-1
22,763,764.42,324.17,33.97,80.30,1,-1,-1,-1
23,780,618.43,329.51,22.31,58.32,1,-1,-1,-1
23,779,1039.87,249.10,13.11,38.41,1,-1,-1,-1
23,777,571.43,347.73,32.51,70.49,1,-1,-1,-1
23,775,1110.05,241.12,13.78,31.23,1,-1,-1,-1
23,774,623.50,320.12,31.35,76.51,1,-1,-1,-1
23,773,909.55,315.21,28.09,62.18,1,-1,-1,-1
23,772,948.17,314.66,28.62,60.79,1,-1,-1,-1
23,771,642.39,324.09,29.25,71.53,1,-1,-1,-1
23,770,302.72,338.95,33.38,57.93,1,-1,-1,-1
23,769,157.78,352.09,34.96,58.59,1,-1,-1,-1
23,768,356.63,383.93,33.61,68.18,1,-1,-1,-1
23,767,473.39,350.29,29.81,65.21,1,-1,-1,-1
23,766,778.12,303.96,27.04,63.68,1,-1,-1,-1
23,765,902.09,297.09,29.74,67.83,1,-1,-1,-1
23,764,644.56,334.90,30.54,70.03,1,-1,-1,-1
23,763,773.85,323.51,34.98,80.21,1,-1,-1,-1
24,779,1039.78,248.90,12.84,37.84,1,-1,-1,-1
24,777,579.85,347.15,32.50,70.87,1,-1,-1,-1
24,774,630.08,315.76,29.50,72.99,1,-1,-1,-1
24,773,899.49,314.92,27.50,56.45,1,-1,-1,-1
24,772,937.62,316.12,27.85,54.36,1,-1,-1,-1
24,771,649.92,323.92,28.48,73.01,1,-1,-1,-1
24,770,302.73,338.96,33.38,57.91,1,-1,-1,-1
24,769,157.78,352.05,34.98,58.66,1,-1,-1,-1
24,768,357.14,384.95,33.62,72.21,1,-1,-1,-1
24,767,482.62,348.84,32.86,67.25,1,-1,-1,-1
24,766,787.21,302.99,26.34,62.45,1,-1,-1,-1
24,765,911.80,298.30,28.27,65.88,1,-1,-1,-1
24,764,633.42,335.86,29.16,70.27,1,-1,-1,-1
24,763,785.82,322.77,32.04,78.24,1,-1,-1,-1
25,779,1041.30,248.07,12.46,34.46,1,-1,-1,-1
25,777,590.14,347.08,30.48,70.78,1,-1,-1,-1
25,774,640.65,318.41,29.57,73.24,1,-1,-1,-1
25,773,891.70,320.03,26.96,58.37,1,-1,-1,-1
25,772,930.94,324.26,27.44,58.92,1,-1,-1,-1
25,771,660.84,323.75,30.66,74.41,1,-1,-1,-1
25,770,302.73,338.97,33.37,57.89,1,-1,-1,-1
25,769,157.77,352.03,34.99,58.71,1,-1,-1,-1
25,768,357.37,384.51,33.56,75.33,1,-1,-1,-1
25,767,491.56,348.53,31.18,67.67,1,-1,-1,-1
25,766,797.89,299.01,26.22,54.08,1,-1,-1,-1
25,765,922.47,297.37,27.20,64.39,1,-1,-1,-1
25,764,622.00,336.62,28.15,70.47,1,-1,-1,-1
25,763,795.35,317.30,30.20,69.60,1,-1,-1,-1
26,777,597.30,344.73,28.99,70.73,1,-1,-1,-1
26,774,648.53,317.24,29.58,71.84,1,-1,-1,-1
26,773,880.37,321.77,28.61,61.27,1,-1,-1,-1
26,772,923.17,327.30,27.01,62.63,1,-1,-1,-1
26,771,666.10,320.55,30.19,71.67,1,-1,-1,-1
26,770,302.73,338.97,33.37,57.89,1,-1,-1,-1
26,769,157.77,352.01,35.00,58.74,1,-1,-1,-1
26,768,357.49,383.71,33.46,77.74,1,-1,-1,-1
26,767,503.71,346.41,29.94,68.04,1,-1,-1,-1
26,766,807.15,300.59,27.11,53.73,1,-1,-1,-1
26,765,930.99,297.28,27.42,63.78,1,-1,-1,-1
26,764,611.09,337.59,29.36,71.03,1,-1,-1,-1
26,763,804.71,320.23,32.70,70.54,1,-1,-1,-1
27,780,654.31,325.39,20.31,59.25,1,-1,-1,-1
27,777,609.84,340.20,28.09,63.98,1,-1,-1,-1
27,775,1115.43,240.03,13.51,31.75,1,-1,-1,-1
27,774,659.11,316.73,28.26,72.56,1,-1,-1,-1
27,773,872.91,322.46,29.77,63.25,1,-1,-1,-1
27,772,915.72,328.13,29.18,67.62,1,-1,-1,-1
27,771,674.63,319.99,28.64,70.43,1,-1,-1,-1
27,770,302.73,338.98,33.37,57.88,1,-1,-1,-1
27,769,157.77,352.00,35.00,58.76,1,-1,-1,-1
27,768,357.56,382.91,33.37,79.58,1,-1,-1,-1
27,767,513.07,345.10,31.18,68.80,1,-1,-1,-1
27,766,813.84,303.54,26.45,55.18,1,-1,-1,-1
27,765,940.78,298.21,30.34,63.74,1,-1,-1,-1
27,764,599.44,335.38,26.53,66.50,1,-1,-1,-1
27,763,813.21,321.55,34.55,71.14,1,-1,-1,-1
28,780,665.43,324.41,19.18,57.57,1,-1,-1,-1
28,777,619.28,343.24,27.29,65.96,1,-1,-1,-1
28,775,1116.84,239.99,14.99,31.18,1,-1,-1,-1
28,774,667.83,317.04,27.30,73.16,1,-1,-1,-1
28,773,861.88,322.28,28.60,64.18,1,-1,-1,-1
28,772,908.05,328.34,28.20,69.97,1,-1,-1,-1
28,771,684.43,320.11,27.52,70.30,1,-1,-1,-1
28,770,302.74,338.98,33.37,57.88,1,-1,-1,-1
28,769,157.77,351.99,35.01,58.78,1,-1,-1,-1
28,768,357.64,380.56,33.21,78.66,1,-1,-1,-1
28,767,525.24,341.29,29.42,66.45,1,-1,-1,-1
28,766,824.94,303.18,25.96,56.34,1,-1,-1,-1
28,765,948.07,298.78,29.82,63.36,1,-1,-1,-1
28,764,587.80,338.61,27.75,64.64,1,-1,-1,-1
28,763,828.57,321.26,33.56,72.48,1,-1,-1,-1
29,777,628.20,344.24,28.91,68.78,1,-1,-1,-1
29,775,1121.23,241.03,15.67,30.47,1,-1,-1,-1
29,774,676.60,316.69,27.38,73.88,1,-1,-1,-1
29,773,851.54,322.18,29.18,65.73,1,-1,-1,-1
29,772,899.42,327.84,27.44,71.87,1,-1,-1,-1
29,771,695.42,320.62,27.85,70.47,1,-1,-1,-1
29,770,302.74,338.98,33.37,57.88,1,-1,-1,-1
29,769,157.77,351.98,35.01,58.79,1,-1,-1,-1
29,768,357.22,374.26,34.04,65.95,1,-1,-1,-1
29,767,535.13,342.16,32.38,67.90,1,-1,-1,-1
29,766,832.93,302.86,25.59,57.25,1,-1,-1,-1
29,765,957.46,297.23,28.42,62.93,1,-1,-1,-1
29,764,578.29,341.66,29.54,67.18,1,-1,-1,-1
29,763,838.21,321.24,34.75,74.17,1,-1,-1,-1
30,777,636.03,344.55,28.03,68.51,1,-1,-1,-1
30,774,687.26,315.71,27.03,73.22,1,-1,-1,-1
30,773,839.42,326.25,26.02,65.04,1,-1,-1,-1
30,772,890.83,327.96,29.55,73.19,1,-1,-1,-1
30,771,704.52,320.35,26.97,70.55,1,-1,-1,-1
30,770,302.32,338.05,32.09,57.44,1,-1,-1,-1
30,769,159.15,353.67,34.47,58.44,1,-1,-1,-1
30,768,355.51,373.21,34.76,54.39,1,-1,-1,-1
30,767,541.94,343.01,31.18,66.81,1,-1,-1,-1
30,766,841.57,298.38,25.29,53.80,1,-1,-1,-1
30,765,966.52,297.58,29.05,63.39,1,-1,-1,-1
30,764,565.64,342.61,28.33,67.50,1,-1,-1,-1
30,763,849.15,320.55,31.96,73.57,1,-1,-1,-1
31,777,646.20,343.06,28.49,69.00,1,-1,-1,-1
31,774,696.02,314.28,26.69,74.58,1,-1,-1,-1
31,773,827.60,325.35,26.27,66.45,1,-1,-1,-1
31,772,882.72,328.23,30.56,73.39,1,-1,-1,-1
31,771,713.11,319.90,26.55,70.26,1,-1,-1,-1
31,770,302.56,338.92,32.63,56.38,1,-1,-1,-1
31,769,159.00,353.73,34.12,57.96,1,-1,-1,-1
31,768,355.25,383.97,34.56,59.61,1,-1,-1,-1
31,767,555.53,342.16,29.42,66.25,1,-1,-1,-1
31,766,849.81,294.62,25.24,47.81,1,-1,-1,-1
31,764,555.51,342.89,29.33,68.55,1,-1,-1,-1
31,763,857.45,319.78,31.34,73.40,1,-1,-1,-1
32,777,652.70,342.42,29.60,68.95,1,-1,-1,-1
32,774,699.73,314.17,27.39,73.52,1,-1,-1,-1
32,773,816.58,326.66,30.06,65.88,1,-1,-1,-1
32,772,872.05,328.72,29.13,73.45,1,-1,-1,-1
32,771,721.28,319.48,27.03,69.24,1,-1,-1,-1
32,770,302.02,338.67,31.68,56.41,1,-1,-1,-1
32,769,158.64,353.68,34.15,57.03,1,-1,-1,-1
32,768,354.32,387.67,34.59,64.70,1,-1,-1,-1
32,767,566.36,342.01,29.17,65.45,1,-1,-1,-1
32,766,859.08,300.31,25.19,50.60,1,-1,-1,-1
32,764,541.63,345.62,28.18,68.64,1,-1,-1,-1
32,763,865.89,321.11,33.30,73.13,1,-1,-1,-1
33,777,660.55,340.93,29.08,69.72,1,-1,-1,-1
33,774,710.41,314.10,26.68,74.24,1,-1,-1,-1
33,771,729.59,318.94,26.39,70.32,1,-1,-1,-1
33,770,301.99,338.56,30.99,56.45,1,-1,-1,-1
33,769,158.51,354.15,34.78,57.00,1,-1,-1,-1
33,768,355.70,388.38,34.22,67.48,1,-1,-1,-1
33,767,573.68,342.01,28.14,65.82,1,-1,-1,-1
33,764,530.05,345.93,28.47,69.69,1,-1,-1,-1
34,777,671.60,340.57,28.07,70.56,1,-1,-1,-1
34,774,715.65,314.25,25.58,74.67,1,-1,-1,-1
34,770,302.11,338.52,30.48,56.49,1,-1,-1,-1
34,769,158.64,354.30,33.77,56.49,1,-1,-1,-1
34,768,356.37,388.05,33.90,69.77,1,-1,-1,-1
34,767,586.27,340.87,27.99,65.49,1,-1,-1,-1
34,764,518.86,346.72,30.93,69.80,1,-1,-1,-1
35,770,302.24,336.87,30.15,57.43,1,-1,-1,-1
35,769,157.55,353.22,33.63,56.35,1,-1,-1,-1
35,768,356.70,385.20,33.66,72.58,1,-1,-1,-1
35,767,593.78,339.07,29.55,66.14,1,-1,-1,-1
35,764,506.70,347.22,30.53,70.01,1,-1,-1,-1
36,770,302.38,337.71,29.86,57.23,1,-1,-1,-1
36,769,157.47,353.51,33.69,55.95,1,-1,-1,-1
36,768,356.89,383.04,33.50,74.96,1,-1,-1,-1
36,764,495.52,346.78,29.72,71.44,1,-1,-1,-1
37,770,302.48,338.07,29.66,57.08,1,-1,-1,-1
37,769,158.36,354.30,33.04,55.80,1,-1,-1,-1
37,768,357.17,381.79,32.16,72.98,1,-1,-1,-1
38,785,1178.45,247.16,17.06,35.89,1,-1,-1,-1
38,770,300.99,338.30,28.32,56.85,1,-1,-1,-1
38,769,158.40,354.78,32.88,56.09,1,-1,-1,-1
39,786,1068.33,249.75,20.67,42.08,1,-1,-1,-1
39,785,1182.62,246.43,17.16,36.04,1,-1,-1,-1
39,769,158.31,354.71,32.78,55.81,1,-1,-1,-1
40,787,1054.08,293.24,27.58,62.87,1,-1,-1,-1
40,786,1073.67,249.40,19.42,42.43,1,-1,-1,-1
40,785,1195.36,248.09,14.96,34.38,1,-1,-1,-1
41,788,955.01,310.18,29.45,72.30,1,-1,-1,-1
41,787,1062.34,291.42,26.55,62.80,1,-1,-1,-1
41,786,1078.81,250.76,17.13,40.39,1,-1,-1,-1
41,785,1202.70,248.35,15.62,35.86,1,-1,-1,-1
42,789,942.28,292.77,25.73,61.83,1,-1,-1,-1
42,788,962.14,309.49,30.52,73.21,1,-1,-1,-1
42,787,1070.92,292.50,27.04,62.33,1,-1,-1,-1
42,786,1082.13,248.96,18.37,42.10,1,-1,-1,-1
42,785,1211.35,251.20,15.54,33.90,1,-1,-1,-1
43,796,814.45,307.54,28.30,70.77,1,-1,-1,-1
43,795,782.21,339.47,28.09,72.97,1,-1,-1,-1
43,794,751.04,334.81,27.48,68.39,1,-1,-1,-1
43,792,698.41,335.97,26.91,65.12,1,-1,-1,-1
43,789,950.04,293.73,26.32,60.99,1,-1,-1,-1
43,788,972.27,307.40,29.26,72.51,1,-1,-1,-1
43,787,1080.39,291.85,25.21,61.05,1,-1,-1,-1
43,785,1218.77,251.20,15.85,35.34,1,-1,-1,-1
44,797,680.31,330.78,26.43,62.48,1,-1,-1,-1
44,796,822.78,308.78,28.79,70.72,1,-1,-1,-1
44,795,771.78,337.50,32.12,77.33,1,-1,-1,-1
44,794,756.22,334.43,28.82,69.48,1,-1,-1,-1
44,792,687.47,335.35,32.36,68.38,1,-1,-1,-1
44,789,956.53,292.76,26.44,59.96,1,-1,-1,-1
44,788,981.65,305.85,32.65,75.67,1,-1,-1,-1
44,787,1087.48,290.63,28.31,63.59,1,-1,-1,-1
44,785,1227.85,253.58,15.68,35.12,1,-1,-1,-1
45,797,691.83,329.81,26.84,61.79,1,-1,-1,-1
45,796,826.03,307.74,31.59,74.80,1,-1,-1,-1
45,795,765.96,335.19,31.81,78.12,1,-1,-1,-1
45,793,807.64,302.35,28.38,75.62,1,-1,-1,-1
45,792,675.50,335.66,32.19,71.01,1,-1,-1,-1
45,789,964.39,290.80,26.40,59.30,1,-1,-1,-1
45,788,988.56,307.43,34.83,74.96,1,-1,-1,-1
45,787,1094.57,290.58,29.36,63.70,1,-1,-1,-1
45,785,1235.16,252.30,17.53,36.06,1,-1,-1,-1
46,798,374.95,356.29,32.62,70.57,1,-1,-1,-1
46,797,696.85,328.78,28.93,62.41,1,-1,-1,-1
46,796,836.02,307.33,29.39,73.38,1,-1,-1,-1
46,795,756.29,338.20,29.33,75.96,1,-1,-1,-1
46,793,817.75,301.88,27.58,74.81,1,-1,-1,-1
46,792,663.98,337.02,30.48,70.24,1,-1,-1,-1
46,789,972.22,291.78,26.38,58.83,1,-1,-1,-1
46,788,999.35,307.04,32.39,73.85,1,-1,-1,-1
46,787,1102.96,290.06,28.17,64.68,1,-1,-1,-1
46,786,1083.68,242.71,14.42,34.68,1,-1,-1,-1
46,785,1244.53,254.01,17.48,36.38,1,-1,-1,-1
47,801,817.51,310.78,20.63,57.17,1,-1,-1,-1
47,800,303.42,337.89,28.50,56.21,1,-1,-1,-1
47,799,355.83,382.41,33.73,81.16,1,-1,-1,-1
47,798,365.39,356.67,25.80,59.04,1,-1,-1,-1
47,797,706.45,327.51,27.74,61.94,1,-1,-1,-1
47,796,844.89,307.39,28.62,71.88,1,-1,-1,-1
47,795,746.80,338.10,30.40,77.94,1,-1,-1,-1
47,793,824.66,301.71,28.32,75.03,1,-1,-1,-1
47,792,654.34,337.92,31.30,69.58,1,-1,-1,-1
47,789,981.15,291.18,26.14,59.52,1,-1,-1,-1
47,788,1011.55,306.05,30.23,73.11,1,-1,-1,-1
47,787,1110.53,289.80,27.07,62.57,1,-1,-1,-1
47,785,1253.00,253.89,18.46,37.83,1,-1,-1,-1
48,802,156.95,350.88,36.06,60.21,1,-1,-1,-1
48,801,824.83,307.40,24.01,63.51,1,-1,-1,-1
48,800,304.43,337.87,28.21,55.34,1,-1,-1,-1
48,799,356.44,381.51,36.50,83.46,1,-1,-1,-1
48,798,351.93,362.84,22.20,56.28,1,-1,-1,-1
48,797,714.80,327.74,26.88,61.14,1,-1,-1,-1
48,796,854.83,307.03,27.81,71.30,1,-1,-1,-1
48,795,742.35,339.88,30.41,76.85,1,-1,-1,-1
48,794,790.57,330.73,28.79,68.19,1,-1,-1,-1
48,793,832.07,301.00,27.60,74.92,1,-1,-1,-1
48,792,644.28,339.29,29.31,68.63,1,-1,-1,-1
48,789,990.13,290.66,26.84,60.86,1,-1,-1,-1
48,788,1019.87,306.61,30.79,72.94,1,-1,-1,-1
48,787,1117.26,290.79,26.80,61.42,1,-1,-1,-1
49,804,1108.92,249.20,15.86,43.15,1,-1,-1,-1
49,803,103.68,372.53,30.21,69.94,1,-1,-1,-1
49,802,156.02,351.15,35.74,59.10,1,-1,-1,-1
49,801,832.82,307.30,21.61,61.45,1,-1,-1,-1
49,800,303.87,338.08,28.26,55.51,1,-1,-1,-1
49,799,356.97,381.80,36.09,81.98,1,-1,-1,-1
49,798,340.96,364.33,23.06,60.08,1,-1,-1,-1
49,797,720.83,327.14,26.49,61.09,1,-1,-1,-1
49,796,863.33,306.16,26.99,71.91,1,-1,-1,-1
49,795,732.80,340.13,30.47,77.95,1,-1,-1,-1
49,794,800.34,330.24,27.98,67.34,1,-1,-1,-1
49,793,842.46,300.28,27.09,75.16,1,-1,-1,-1
49,792,632.70,340.06,30.77,69.54,1,-1,-1,-1
49,789,996.17,291.54,26.26,59.34,1,-1,-1,-1
49,788,1029.90,306.26,29.36,73.37,1,-1,-1,-1
49,787,1126.98,289.63,26.18,60.98,1,-1,-1,-1
50,804,1113.12,249.55,15.50,42.08,1,-1,-1,-1
50,803,114.14,370.26,35.80,74.33,1,-1,-1,-1
50,802,157.66,352.40,34.91,58.82,1,-1,-1,-1
50,801,842.71,306.78,22.00,61.71,1,-1,-1,-1
50,800,303.67,338.14,28.31,55.66,1,-1,-1,-1
50,799,356.37,382.34,34.37,79.91,1,-1,-1,-1
50,798,327.97,366.58,27.02,63.47,1,-1,-1,-1
50,797,732.38,323.97,25.96,61.65,1,-1,-1,-1
50,796,869.75,305.86,28.61,71.06,1,-1,-1,-1
50,795,722.43,341.31,29.71,77.39,1,-1,-1,-1
50,794,805.51,329.31,29.94,67.81,1,-1,-1,-1
50,793,849.93,300.08,28.32,75.15,1,-1,-1,-1
50,792,623.26,340.69,33.47,69.64,1,-1,-1,-1
50,789,1004.39,291.53,25.94,60.01,1,-1,-1,-1
50,788,1038.65,305.92,30.52,73.76,1,-1,-1,-1
50,787,1133.31,288.24,25.94,58.09,1,-1,-1,-1
50,786,1076.47,240.78,15.58,33.45,1,-1,-1,-1
51,804,1115.69,250.20,16.06,42.34,1,-1,-1,-1
51,803,123.65,371.29,33.98,72.62,1,-1,-1,-1
51,802,156.47,352.37,35.72,59.14,1,-1,-1,-1
51,801,849.66,306.64,23.82,61.76,1,-1,-1,-1
51,800,303.60,338.14,28.36,55.79,1,-1,-1,-1
51,799,356.71,382.42,33.05,77.77,1,-1,-1,-1
51,798,316.80,364.93,27.71,65.74,1,-1,-1,-1
51,797,740.69,323.96,27.74,62.06,1,-1,-1,-1
51,796,876.31,306.11,28.56,71.05,1,-1,-1,-1
51,795,712.99,341.77,30.51,76.90,1,-1,-1,-1
51,794,814.68,327.33,29.28,67.82,1,-1,-1,-1
51,793,856.68,299.70,28.33,74.65,1,-1,-1,-1
51,792,609.40,342.13,33.16,69.61,1,-1,-1,-1
51,789,1011.27,290.07,25.72,60.28,1,-1,-1,-1
51,788,1048.13,302.09,29.47,66.32,1,-1,-1,-1
51,787,1140.81,289.58,26.94,58.00,1,-1,-1,-1
51,786,1075.28,240.56,14.60,33.45,1,-1,-1,-1
52,804,1118.55,250.63,17.74,42.87,1,-1,-1,-1
52,803,133.79,369.64,31.81,71.42,1,-1,-1,-1
52,802,156.03,353.29,36.02,56.93,1,-1,-1,-1
52,801,856.25,305.93,24.16,60.89,1,-1,-1,-1
52,800,303.80,336.10,27.94,51.12,1,-1,-1,-1
52,799,356.95,382.60,32.25,76.62,1,-1,-1,-1
52,798,304.69,364.52,29.60,68.00,1,-1,-1,-1
52,797,748.76,322.99,29.40,62.89,1,-1,-1,-1
52,796,886.67,305.05,27.52,71.00,1,-1,-1,-1
52,795,705.30,341.67,30.65,77.70,1,-1,-1,-1
52,794,821.93,327.25,28.85,68.88,1,-1,-1,-1
52,793,866.27,299.98,27.55,74.27,1,-1,-1,-1
52,792,600.34,343.56,31.26,69.12,1,-1,-1,-1
52,789,1017.80,290.16,25.39,58.06,1,-1,-1,-1
52,788,1058.76,301.62,28.67,58.75,1,-1,-1,-1
52,787,1148.51,290.70,26.28,57.66,1,-1,-1,-1
52,786,1074.33,240.51,13.81,32.69,1,-1,-1,-1
53,804,1121.58,250.86,17.71,43.06,1,-1,-1,-1
53,803,145.09,369.34,34.36,71.46,1,-1,-1,-1
53,802,154.21,353.36,36.72,56.87,1,-1,-1,-1
53,801,864.29,304.56,21.88,58.29,1,-1,-1,-1
53,800,303.67,338.17,28.20,52.59,1,-1,-1,-1
53,799,357.25,382.74,31.77,75.74,1,-1,-1,-1
53,798,293.27,367.06,31.21,68.50,1,-1,-1,-1
53,797,758.23,321.70,28.06,62.54,1,-1,-1,-1
53,796,893.53,304.40,29.14,71.28,1,-1,-1,-1
53,795,695.74,341.50,29.03,78.02,1,-1,-1,-1
53,794,827.37,325.81,29.13,68.57,1,-1,-1,-1
53,793,874.19,298.93,27.38,72.95,1,-1,-1,-1
53,792,589.79,344.68,33.75,69.69,1,-1,-1,-1
53,789,1026.03,290.69,25.33,57.70,1,-1,-1,-1
53,788,1069.83,306.45,27.67,61.61,1,-1,-1,-1
53,787,1155.68,289.13,25.90,58.78,1,-1,-1,-1
53,786,1072.46,240.26,13.78,32.35,1,-1,-1,-1
54,804,1124.59,251.43,16.89,41.88,1,-1,-1,-1
54,803,158.13,369.24,31.45,69.82,1,-1,-1,-1
54,802,155.54,352.99,36.18,55.93,1,-1,-1,-1
54,801,871.37,305.55,22.79,58.74,1,-1,-1,-1
54,800,303.60,338.72,28.36,53.63,1,-1,-1,-1
54,799,357.34,383.01,31.59,75.45,1,-1,-1,-1
54,798,281.39,367.55,30.47,68.73,1,-1,-1,-1
54,797,764.29,321.22,28.37,61.98,1,-1,-1,-1
54,796,901.13,302.56,29.17,69.60,1,-1,-1,-1
54,795,685.24,343.20,31.46,78.48,1,-1,-1,-1
54,794,837.33,321.94,27.93,61.77,1,-1,-1,-1
54,793,878.76,298.72,28.33,73.16,1,-1,-1,-1
54,792,579.83,345.02,31.32,69.55,1,-1,-1,-1
54,789,1032.06,290.52,26.16,57.36,1,-1,-1,-1
54,788,1077.10,307.89,29.14,63.89,1,-1,-1,-1
54,787,1161.76,287.99,25.74,59.70,1,-1,-1,-1
54,786,1070.32,239.75,14.13,32.88,1,-1,-1,-1
55,804,1128.70,251.53,16.88,41.77,1,-1,-1,-1
55,803,170.41,366.04,31.95,70.40,1,-1,-1,-1
55,802,153.57,350.13,32.96,50.53,1,-1,-1,-1
55,801,878.74,305.73,23.34,57.49,1,-1,-1,-1
55,800,303.56,338.76,28.45,54.38,1,-1,-1,-1
55,799,357.40,383.05,31.57,75.51,1,-1,-1,-1
55,798,270.43,365.48,30.94,69.45,1,-1,-1,-1
55,797,772.03,318.62,28.82,61.58,1,-1,-1,-1
55,796,908.69,301.91,27.93,68.55,1,-1,-1,-1
55,795,675.00,343.84,31.14,76.04,1,-1,-1,-1
55,794,843.70,323.19,27.15,60.17,1,-1,-1,-1
55,793,888.20,297.47,27.53,72.84,1,-1,-1,-1
55,792,568.67,346.09,30.70,68.43,1,-1,-1,-1
55,789,1038.84,289.08,26.01,57.84,1,-1,-1,-1
55,788,1086.13,307.47,29.23,65.03,1,-1,-1,-1
55,787,1169.19,288.10,25.42,58.85,1,-1,-1,-1
55,786,1069.65,240.60,13.50,32.41,1,-1,-1,-1
56,804,1130.97,252.04,16.78,42.14,1,-1,-1,-1
56,803,178.78,364.15,33.35,71.70,1,-1,-1,-1
56,802,152.35,349.60,29.96,45.39,1,-1,-1,-1
56,801,887.24,304.90,22.10,58.45,1,-1,-1,-1
56,800,303.54,338.64,28.51,54.93,1,-1,-1,-1
56,799,357.41,383.34,31.31,75.51,1,-1,-1,-1
56,798,259.59,367.57,31.84,69.48,1,-1,-1,-1
56,797,781.71,318.12,28.42,61.50,1,-1,-1,-1
56,796,915.94,302.68,28.46,67.93,1,-1,-1,-1
56,795,664.76,339.50,29.80,65.12,1,-1,-1,-1
56,794,848.91,325.12,27.88,61.52,1,-1,-1,-1
56,793,894.41,297.64,26.99,73.39,1,-1,-1,-1
56,792,558.11,347.45,33.72,69.04,1,-1,-1,-1
56,789,1046.70,288.64,25.71,58.02,1,-1,-1,-1
56,788,1093.92,305.18,29.85,66.39,1,-1,-1,-1
56,787,1176.16,286.85,26.97,59.18,1,-1,-1,-1
56,786,1068.81,240.03,13.24,32.46,1,-1,-1,-1
57,804,1134.34,250.83,17.51,43.26,1,-1,-1,-1
57,803,190.07,362.95,30.80,70.31,1,-1,-1,-1
57,802,155.06,353.50,33.08,49.65,1,-1,-1,-1
57,801,893.20,303.93,22.94,57.81,1,-1,-1,-1
57,800,303.53,338.50,28.56,55.34,1,-1,-1,-1
57,799,357.43,383.40,31.17,75.46,1,-1,-1,-1
57,798,248.59,367.50,29.82,68.41,1,-1,-1,-1
57,797,787.14,318.07,29.27,61.25,1,-1,-1,-1
57,796,921.46,302.68,28.71,67.89,1,-1,-1,-1
57,795,659.86,345.00,29.91,68.09,1,-1,-1,-1
57,794,857.14,324.66,27.05,62.36,1,-1,-1,-1
57,793,900.00,297.95,27.04,72.18,1,-1,-1,-1
57,792,547.32,346.06,32.19,65.58,1,-1,-1,-1
57,789,1053.45,287.76,25.61,56.80,1,-1,-1,-1
57,788,1100.47,305.80,30.95,67.36,1,-1,-1,-1
57,787,1181.91,287.65,27.43,58.90,1,-1,-1,-1
57,786,1067.39,239.79,13.00,32.15,1,-1,-1,-1
58,804,1138.22,251.41,18.07,43.19,1,-1,-1,-1
58,803,202.44,363.77,29.99,68.92,1,-1,-1,-1
58,802,155.20,354.73,34.82,51.99,1,-1,-1,-1
58,801,900.54,304.80,23.79,58.45,1,-1,-1,-1
58,800,303.52,338.37,28.59,55.64,1,-1,-1,-1
58,799,357.97,382.44,31.43,74.27,1,-1,-1,-1
58,798,238.56,368.66,29.58,67.34,1,-1,-1,-1
58,797,795.04,316.64,28.06,61.71,1,-1,-1,-1
58,796,930.02,301.25,27.65,67.90,1,-1,-1,-1
58,795,650.50,347.71,33.38,71.71,1,-1,-1,-1
58,794,864.78,323.81,26.43,62.88,1,-1,-1,-1
58,793,910.23,297.97,26.56,71.41,1,-1,-1,-1
58,792,534.01,347.71,31.78,64.51,1,-1,-1,-1
58,789,1062.01,286.89,25.38,56.32,1,-1,-1,-1
58,788,1109.64,305.62,29.96,67.44,1,-1,-1,-1
58,787,1189.27,286.10,26.72,59.05,1,-1,-1,-1
58,786,1066.14,239.96,12.91,31.49,1,-1,-1,-1
59,804,1140.49,252.32,19.77,43.42,1,-1,-1,-1
59,803,208.46,363.24,28.82,68.93,1,-1,-1,-1
59,802,155.53,354.81,36.29,53.81,1,-1,-1,-1
59,801,908.23,302.72,21.92,58.32,1,-1,-1,-1
59,800,303.51,338.27,28.61,55.87,1,-1,-1,-1
59,799,357.89,376.55,31.25,60.70,1,-1,-1,-1
59,798,226.34,370.49,31.18,67.85,1,-1,-1,-1
59,797,801.32,316.04,29.30,61.52,1,-1,-1,-1
59,796,938.48,301.44,28.58,68.93,1,-1,-1,-1
59,795,642.38,348.17,34.01,73.59,1,-1,-1,-1
59,794,869.29,322.77,27.46,64.63,1,-1,-1,-1
59,793,917.51,296.57,26.20,71.08,1,-1,-1,-1
59,792,525.09,350.87,33.85,65.94,1,-1,-1,-1
59,789,1068.70,288.11,25.54,55.94,1,-1,-1,-1
59,788,1120.74,304.36,29.01,67.94,1,-1,-1,-1
59,787,1196.34,286.72,26.32,57.69,1,-1,-1,-1
59,786,1063.91,239.16,13.43,31.59,1,-1,-1,-1
60,804,1145.46,252.19,18.07,42.88,1,-1,-1,-1
60,803,224.44,361.05,26.75,68.34,1,-1,-1,-1
60,802,154.98,354.19,38.50,55.78,1,-1,-1,-1
60,801,916.24,303.18,21.45,57.99,1,-1,-1,-1
60,800,303.50,338.19,28.63,56.04,1,-1,-1,-1
60,799,358.33,376.25,30.61,53.89,1,-1,-1,-1
60,798,215.37,370.53,29.78,67.65,1,-1,-1,-1
60,797,807.14,315.76,29.46,61.00,1,-1,-1,-1
60,796,946.60,301.17,29.09,67.24,1,-1,-1,-1
60,795,632.11,347.47,32.41,74.68,1,-1,-1,-1
60,794,877.59,320.62,27.47,64.55,1,-1,-1,-1
60,793,922.25,296.51,26.41,69.60,1,-1,-1,-1
60,792,514.57,353.05,32.87,66.63,1,-1,-1,-1
60,789,1073.45,288.43,26.63,54.87,1,-1,-1,-1
60,788,1128.39,304.72,29.26,68.08,1,-1,-1,-1
60,787,1203.34,287.97,26.15,57.23,1,-1,-1,-1
60,786,1062.34,238.93,13.38,31.38,1,-1,-1,-1
61,804,1150.07,252.49,16.60,42.12,1,-1,-1,-1
61,803,236.72,360.66,29.63,68.78,1,-1,-1,-1
61,802,154.85,353.52,38.19,56.21,1,-1,-1,-1
61,801,922.64,302.84,21.95,59.29,1,-1,-1,-1
61,800,303.50,338.12,28.64,56.17,1,-1,-1,-1
61,799,358.03,384.57,31.86,60.08,1,-1,-1,-1
61,798,205.36,369.33,29.64,66.67,1,-1,-1,-1
61,797,817.41,314.24,27.41,60.70,1,-1,-1,-1
61,796,951.18,300.60,27.93,66.89,1,-1,-1,-1
61,795,622.54,349.20,33.82,75.78,1,-1,-1,-1
61,794,886.89,319.74,27.31,65.56,1,-1,-1,-1
61,793,930.52,295.62,26.09,69.46,1,-1,-1,-1
61,792,504.77,353.41,31.24,67.01,1,-1,-1,-1
61,789,1083.42,287.77,26.14,54.71,1,-1,-1,-1
61,788,1135.31,303.72,29.03,69.90,1,-1,-1,-1
61,787,1211.51,286.64,25.77,57.23,1,-1,-1,-1
61,786,1060.34,239.51,13.66,30.89,1,-1,-1,-1
62,804,1152.71,253.14,17.46,42.12,1,-1,-1,-1
62,803,244.75,361.06,30.99,69.30,1,-1,-1,-1
62,802,153.82,352.11,38.30,56.78,1,-1,-1,-1
62,801,932.52,301.60,21.16,57.47,1,-1,-1,-1
62,800,302.67,337.47,30.81,58.35,1,-1,-1,-1
62,799,357.91,386.61,32.75,64.73,1,-1,-1,-1
62,798,195.31,369.64,28.30,67.18,1,-1,-1,-1
62,797,826.06,313.95,27.88,60.20,1,-1,-1,-1
62,796,957.35,300.81,28.05,68.03,1,-1,-1,-1
62,795,616.06,350.06,34.24,76.71,1,-1,-1,-1
62,794,892.06,320.06,27.22,65.50,1,-1,-1,-1
62,793,938.64,295.51,25.67,69.09,1,-1,-1,-1
62,792,494.02,354.35,33.66,67.39,1,-1,-1,-1
62,789,1090.32,287.74,25.46,54.44,1,-1,-1,-1
62,788,1145.14,301.77,29.16,68.58,1,-1,-1,-1
62,787,1219.46,286.53,25.83,56.40,1,-1,-1,-1
62,786,1059.26,239.27,13.81,30.93,1,-1,-1,-1
63,804,1156.12,252.34,17.25,41.59,1,-1,-1,-1
63,803,254.80,358.81,29.41,68.56,1,-1,-1,-1
63,802,151.11,348.40,37.14,51.05,1,-1,-1,-1
63,801,937.71,302.03,21.81,57.83,1,-1,-1,-1
63,800,299.95,336.97,29.29,58.21,1,-1,-1,-1
63,799,357.56,386.38,33.25,68.49,1,-1,-1,-1
63,798,186.39,373.09,27.47,63.57,1,-1,-1,-1
63,797,832.97,313.51,27.24,60.12,1,-1,-1,-1
63,796,963.09,300.73,28.17,66.49,1,-1,-1,-1
63,795,606.78,350.22,31.81,76.63,1,-1,-1,-1
63,794,900.16,318.17,26.95,64.95,1,-1,-1,-1
63,793,944.06,296.43,25.60,67.99,1,-1,-1,-1
63,792,484.50,355.82,35.44,68.03,1,-1,-1,-1
63,789,1097.25,287.24,24.27,53.57,1,-1,-1,-1
63,788,1152.71,298.39,27.87,61.93,1,-1,-1,-1
63,787,1224.34,287.38,26.49,56.20,1,-1,-1,-1
63,786,1058.31,238.48,13.49,31.48,1,-1,-1,-1
64,804,1160.16,252.44,16.67,41.36,1,-1,-1,-1
64,803,267.26,357.24,30.52,67.60,1,-1,-1,-1
64,802,150.40,347.27,34.54,49.23,1,-1,-1,-1
64,801,943.13,303.45,23.01,59.16,1,-1,-1,-1
64,800,302.08,337.75,29.53,58.34,1,-1,-1,-1
64,799,357.34,385.86,33.63,71.59,1,-1,-1,-1
64,798,177.40,376.63,29.76,62.91,1,-1,-1,-1
64,797,842.65,311.00,25.82,60.18,1,-1,-1,-1
64,796,970.98,298.32,26.50,65.95,1,-1,-1,-1
64,795,596.98,350.43,31.31,76.88,1,-1,-1,-1
64,794,906.41,315.67,25.52,64.70,1,-1,-1,-1
64,793,953.45,296.23,24.22,67.28,1,-1,-1,-1
64,792,469.16,356.74,34.77,68.64,1,-1,-1,-1
64,789,1101.73,287.16,23.98,53.99,1,-1,-1,-1
64,788,1160.06,302.17,28.01,62.70,1,-1,-1,-1
64,787,1230.90,285.81,24.68,56.35,1,-1,-1,-1
64,786,1057.63,237.05,13.46,31.39,1,-1,-1,-1
65,804,1164.24,252.61,17.04,41.78,1,-1,-1,-1
65,803,277.50,355.98,30.79,68.44,1,-1,-1,-1
65,802,153.55,351.63,34.86,51.88,1,-1,-1,-1
65,801,952.08,300.90,22.23,58.16,1,-1,-1,-1
65,800,303.99,338.69,29.15,57.76,1,-1,-1,-1
65,799,357.16,385.06,33.74,73.44,1,-1,-1,-1
65,798,164.64,375.31,30.05,64.86,1,-1,-1,-1
65,797,848.54,311.73,26.77,60.31,1,-1,-1,-1
65,796,980.24,298.48,28.03,65.42,1,-1,-1,-1
65,795,587.85,351.16,33.80,76.94,1,-1,-1,-1
65,794,911.97,314.92,25.38,65.16,1,-1,-1,-1
65,793,961.86,294.72,23.10,67.23,1,-1,-1,-1
65,792,459.29,358.09,36.25,68.91,1,-1,-1,-1
65,789,1107.42,286.62,25.10,54.75,1,-1,-1,-1
65,788,1171.12,301.25,28.73,64.99,1,-1,-1,-1
65,787,1238.38,284.23,23.72,56.41,1,-1,-1,-1
65,786,1056.73,236.67,14.48,33.47,1,-1,-1,-1
66,804,1167.49,253.80,17.30,41.41,1,-1,-1,-1
66,803,287.87,354.15,29.34,68.54,1,-1,-1,-1
66,802,154.34,353.30,34.91,52.83,1,-1,-1,-1
66,801,959.98,301.10,21.54,58.11,1,-1,-1,-1
66,800,303.08,337.39,30.23,59.23,1,-1,-1,-1
66,799,357.16,384.58,33.92,74.91,1,-1,-1,-1
66,798,154.30,375.74,31.58,65.42,1,-1,-1,-1
66,797,857.06,310.35,25.90,59.98,1,-1,-1,-1
66,796,986.94,299.66,29.34,64.76,1,-1,-1,-1
66,795,579.98,351.47,32.24,76.86,1,-1,-1,-1
66,794,920.89,312.89,23.95,62.31,1,-1,-1,-1
66,793,967.95,294.08,23.41,65.99,1,-1,-1,-1
66,792,447.19,358.46,36.15,70.13,1,-1,-1,-1
66,789,1115.30,285.32,24.18,55.04,1,-1,-1,-1
66,788,1178.43,301.97,28.97,66.24,1,-1,-1,-1
66,787,1244.15,283.36,24.24,57.14,1,-1,-1,-1
66,786,1054.33,237.26,14.64,34.26,1,-1,-1,-1
67,804,1171.12,253.32,16.86,41.63,1,-1,-1,-1
67,803,299.95,383.51,31.14,67.19,1,-1,-1,-1
67,802,153.91,352.13,37.08,54.93,1,-1,-1,-1
67,801,962.50,300.51,22.66,58.77,1,-1,-1,-1
67,800,301.12,343.32,33.19,66.67,1,-1,-1,-1
67,799,357.06,384.30,33.64,75.40,1,-1,-1,-1
67,798,144.36,376.52,31.19,64.85,1,-1,-1,-1
67,797,865.67,310.26,25.62,60.07,1,-1,-1,-1
67,796,993.06,298.83,27.61,66.23,1,-1,-1,-1
67,795,568.03,352.32,30.40,76.82,1,-1,-1,-1
67,794,927.66,313.65,23.41,63.19,1,-1,-1,-1
67,793,976.60,293.15,21.75,65.89,1,-1,-1,-1
67,792,438.97,361.05,33.46,69.23,1,-1,-1,-1
67,789,1123.19,284.58,22.36,54.03,1,-1,-1,-1
67,788,1186.11,300.83,28.78,67.07,1,-1,-1,-1
67,787,1250.87,283.25,22.78,56.64,1,-1,-1,-1
67,786,1052.57,236.57,14.39,34.09,1,-1,-1,-1
68,804,1173.46,253.05,17.28,42.20,1,-1,-1,-1
68,803,310.01,364.00,30.92,68.17,1,-1,-1,-1
68,802,153.82,352.30,38.34,56.86,1,-1,-1,-1
68,801,970.52,299.04,21.26,58.33,1,-1,-1,-1
68,800,299.62,335.15,29.76,62.29,1,-1,-1,-1
68,799,357.32,384.04,33.40,75.62,1,-1,-1,-1
68,798,132.70,374.63,30.35,66.58,1,-1,-1,-1
68,797,871.34,310.07,27.27,59.75,1,-1,-1,-1
68,796,999.55,297.90,26.86,65.98,1,-1,-1,-1
68,795,557.91,353.33,31.79,76.82,1,-1,-1,-1
68,794,933.02,315.48,24.47,62.87,1,-1,-1,-1
68,793,984.46,293.71,21.15,66.45,1,-1,-1,-1
68,792,427.88,363.52,35.46,67.80,1,-1,-1,-1
68,789,1129.25,284.25,23.35,53.45,1,-1,-1,-1
68,788,1192.38,300.22,27.67,66.74,1,-1,-1,-1
68,787,1257.44,283.39,22.39,56.67,1,-1,-1,-1
68,786,1050.93,236.14,14.10,32.52,1,-1,-1,-1
69,804,1176.53,253.73,16.90,42.16,1,-1,-1,-1
69,803,321.78,355.34,28.48,68.09,1,-1,-1,-1
69,802,153.81,351.56,38.74,57.74,1,-1,-1,-1
69,801,977.15,298.92,22.46,57.83,1,-1,-1,-1
69,800,299.22,334.81,27.91,61.53,1,-1,-1,-1
69,799,356.75,382.10,33.68,76.68,1,-1,-1,-1
69,798,123.11,376.91,31.99,66.02,1,-1,-1,-1
69,797,879.69,308.20,26.51,59.58,1,-1,-1,-1
69,796,1004.55,298.88,27.26,65.79,1,-1,-1,-1
69,795,551.04,354.65,32.52,77.29,1,-1,-1,-1
69,794,939.22,314.18,23.86,63.20,1,-1,-1,-1
69,793,988.00,295.64,22.27,65.80,1,-1,-1,-1
69,792,418.11,365.71,34.19,67.24,1,-1,-1,-1
69,789,1136.00,285.26,21.77,52.93,1,-1,-1,-1
69,788,1198.84,300.56,28.54,66.62,1,-1,-1,-1
69,787,1260.83,284.85,21.68,55.52,1,-1,-1,-1
69,786,1049.32,235.29,12.96,32.12,1,-1,-1,-1
70,804,1180.25,253.85,17.61,42.84,1,-1,-1,-1
70,803,331.28,354.74,29.10,65.94,1,-1,-1,-1
70,802,153.42,351.72,39.84,58.60,1,-1,-1,-1
70,801,982.55,298.95,24.16,58.20,1,-1,-1,-1
70,800,299.71,335.25,26.72,58.54,1,-1,-1,-1
70,799,357.56,382.90,34.26,77.70,1,-1,-1,-1
70,798,108.51,377.79,30.63,65.22,1,-1,-1,-1
70,797,887.02,308.56,26.40,59.12,1,-1,-1,-1
70,796,1011.95,297.73,25.86,65.32,1,-1,-1,-1
70,795,539.64,349.81,30.58,72.32,1,-1,-1,-1
70,794,947.10,314.16,23.78,63.10,1,-1,-1,-1
70,793,995.31,293.95,22.19,64.83,1,-1,-1,-1
70,792,403.49,366.26,34.21,67.94,1,-1,-1,-1
70,789,1142.31,284.03,23.36,54.35,1,-1,-1,-1
70,788,1205.29,300.79,28.05,65.96,1,-1,-1,-1
70,786,1047.71,236.49,13.94,31.54,1,-1,-1,-1
71,804,1184.88,252.19,16.35,39.83,1,-1,-1,-1
71,802,153.56,351.60,39.46,59.27,1,-1,-1,-1
71,801,990.25,298.80,23.00,58.20,1,-1,-1,-1
71,800,301.00,337.23,28.89,58.69,1,-1,-1,-1
71,799,355.93,379.59,34.22,76.04,1,-1,-1,-1
71,798,97.01,379.04,31.46,65.03,1,-1,-1,-1
71,797,893.40,308.75,26.81,58.87,1,-1,-1,-1
71,796,1021.34,297.56,25.95,65.17,1,-1,-1,-1
71,795,531.61,354.68,29.95,72.73,1,-1,-1,-1
71,794,951.96,314.43,24.99,64.15,1,-1,-1,-1
71,793,1003.97,294.19,22.41,65.47,1,-1,-1,-1
71,792,393.80,365.67,33.11,64.30,1,-1,-1,-1
71,789,1148.81,284.81,23.02,53.72,1,-1,-1,-1
71,788,1214.19,299.35,26.10,65.84,1,-1,-1,-1
71,786,1045.19,238.26,14.59,31.85,1,-1,-1,-1
72,802,154.31,351.87,39.27,59.81,1,-1,-1,-1
72,801,999.07,298.54,22.81,57.90,1,-1,-1,-1
72,800,300.97,336.92,30.05,59.39,1,-1,-1,-1
72,798,82.64,380.48,30.99,64.78,1,-1,-1,-1
72,797,902.44,307.46,25.52,59.26,1,-1,-1,-1
72,796,1028.74,298.39,28.10,64.52,1,-1,-1,-1
72,795,522.65,357.25,31.88,74.77,1,-1,-1,-1
72,794,959.56,313.16,24.33,63.54,1,-1,-1,-1
72,793,1008.20,294.31,22.11,65.94,1,-1,-1,-1
72,792,384.60,366.95,32.72,63.84,1,-1,-1,-1
72,789,1156.76,283.82,22.53,54.59,1,-1,-1,-1
72,788,1222.28,299.72,26.26,65.53,1,-1,-1,-1
72,786,1043.27,237.77,14.26,31.99,1,-1,-1,-1
73,802,153.05,351.87,39.57,59.30,1,-1,-1,-1
73,801,1005.85,299.76,22.95,57.50,1,-1,-1,-1
73,800,301.73,336.74,30.48,59.03,1,-1,-1,-1
73,798,69.03,382.58,32.15,64.50,1,-1,-1,-1
73,797,910.03,307.97,26.06,59.05,1,-1,-1,-1
73,796,1036.06,297.97,27.45,63.65,1,-1,-1,-1
73,795,512.76,357.14,30.05,75.55,1,-1,-1,-1
73,794,967.71,313.13,24.36,63.27,1,-1,-1,-1
73,793,1016.02,292.49,20.94,64.83,1,-1,-1,-1
73,792,374.00,369.16,29.60,63.75,1,-1,-1,-1
73,789,1162.71,283.12,23.08,54.57,1,-1,-1,-1
73,788,1230.62,295.56,26.10,58.69,1,-1,-1,-1
73,786,1039.75,237.60,13.89,32.30,1,-1,-1,-1
74,803,373.27,347.40,31.05,61.62,1,-1,-1,-1
74,802,152.78,351.70,39.53,59.27,1,-1,-1,-1
74,801,1012.76,298.87,23.57,56.50,1,-1,-1,-1
74,800,301.61,336.62,30.91,59.48,1,-1,-1,-1
74,798,50.10,380.25,31.65,65.25,1,-1,-1,-1
74,797,916.50,307.90,25.87,58.58,1,-1,-1,-1
74,796,1040.80,297.44,26.22,64.39,1,-1,-1,-1
74,795,502.97,358.33,30.58,76.69,1,-1,-1,-1
74,794,972.54,313.30,24.79,62.62,1,-1,-1,-1
74,793,1024.28,292.60,21.07,65.57,1,-1,-1,-1
74,789,1167.26,282.52,21.79,54.43,1,-1,-1,-1
74,788,1235.67,296.58,25.51,59.89,1,-1,-1,-1
74,786,1038.74,237.66,13.30,32.01,1,-1,-1,-1
75,804,1198.70,254.56,17.62,42.61,1,-1,-1,-1
75,803,385.54,346.83,29.71,63.61,1,-1,-1,-1
75,802,154.59,351.26,38.44,59.50,1,-1,-1,-1
75,801,1020.02,298.91,22.60,56.38,1,-1,-1,-1
75,800,301.10,336.08,31.93,59.42,1,-1,-1,-1
75,799,356.71,381.83,33.58,77.25,1,-1,-1,-1
75,798,33.10,381.64,33.50,66.19,1,-1,-1,-1
75,797,925.69,305.77,24.42,59.24,1,-1,-1,-1
75,796,1047.10,297.20,26.94,64.56,1,-1,-1,-1
75,795,492.68,359.24,33.67,77.47,1,-1,-1,-1
75,794,979.00,311.46,24.55,62.11,1,-1,-1,-1
75,793,1029.58,293.82,21.80,64.39,1,-1,-1,-1
75,789,1172.85,281.38,21.70,55.40,1,-1,-1,-1
75,788,1242.02,298.46,26.34,61.70,1,-1,-1,-1
75,786,1036.76,237.89,14.03,31.97,1,-1,-1,-1
76,804,1201.24,254.98,17.86,43.00,1,-1,-1,-1
76,803,396.13,345.72,32.46,64.71,1,-1,-1,-1
76,802,154.37,351.57,38.39,58.74,1,-1,-1,-1
76,801,1025.09,299.29,24.03,56.15,1,-1,-1,-1
76,800,301.77,336.49,31.45,59.26,1,-1,-1,-1
76,799,354.68,378.65,34.26,73.00,1,-1,-1,-1
76,798,15.35,383.63,33.04,66.85,1,-1,-1,-1
76,797,929.95,306.44,25.45,58.71,1,-1,-1,-1
76,796,1051.46,298.52,26.67,63.57,1,-1,-1,-1
76,795,484.07,359.57,32.60,78.48,1,-1,-1,-1
76,794,985.56,311.09,23.62,62.43,1,-1,-1,-1
76,793,1034.07,294.10,22.62,65.05,1,-1,-1,-1
76,789,1178.40,282.08,23.25,56.01,1,-1,-1,-1
76,788,1246.99,298.73,25.97,61.91,1,-1,-1,-1
76,786,1034.80,237.16,14.06,31.51,1,-1,-1,-1
77,804,1206.75,256.50,17.94,42.60,1,-1,-1,-1
77,803,406.41,343.82,31.70,65.78,1,-1,-1,-1
77,802,154.79,351.04,38.20,59.09,1,-1,-1,-1
77,801,1031.28,298.03,23.81,56.16,1,-1,-1,-1
77,800,301.04,336.39,31.56,58.92,1,-1,-1,-1
77,799,356.03,381.34,34.18,74.15,1,-1,-1,-1
77,798,0.64,383.66,33.35,68.04,1,-1,-1,-1
77,797,936.65,305.27,26.23,59.21,1,-1,-1,-1
77,796,1058.62,297.40,26.06,64.01,1,-1,-1,-1
77,795,473.49,359.15,32.03,79.43,1,-1,-1,-1
77,794,991.04,310.42,22.97,60.58,1,-1,-1,-1
77,793,1042.52,294.73,22.00,64.25,1,-1,-1,-1
77,792,328.93,377.05,29.57,63.27,1,-1,-1,-1
77,789,1183.95,281.55,22.89,55.79,1,-1,-1,-1
77,788,1256.04,297.35,24.34,62.40,1,-1,-1,-1
77,786,1032.73,239.04,13.85,30.18,1,-1,-1,-1
78,804,1210.81,255.46,18.16,42.70,1,-1,-1,-1
78,803,419.83,342.44,29.90,66.87,1,-1,-1,-1
78,802,153.77,350.80,38.21,59.38,1,-1,-1,-1
78,801,1039.88,297.67,22.52,56.43,1,-1,-1,-1
78,800,301.92,336.00,29.03,57.74,1,-1,-1,-1
78,799,357.31,382.99,32.60,76.13,1,-1,-1,-1
78,797,945.03,303.95,25.18,59.15,1,-1,-1,-1
78,796,1068.63,295.99,28.03,63.74,1,-1,-1,-1
78,795,462.80,360.62,33.06,78.61,1,-1,-1,-1
78,794,998.54,310.67,22.49,61.34,1,-1,-1,-1
78,793,1048.72,293.33,22.19,64.39,1,-1,-1,-1
78,792,316.71,379.09,27.24,64.27,1,-1,-1,-1
78,789,1190.59,279.89,22.04,55.85,1,-1,-1,-1
78,788,1260.67,296.20,22.82,62.71,1,-1,-1,-1
78,786,1031.14,237.78,12.90,30.03,1,-1,-1,-1
79,804,1215.04,255.83,18.88,43.52,1,-1,-1,-1
79,803,428.83,342.64,30.58,67.06,1,-1,-1,-1
79,802,155.48,350.79,37.17,58.40,1,-1,-1,-1
79,801,1045.89,298.64,22.62,56.36,1,-1,-1,-1
79,800,302.88,337.59,30.30,58.30,1,-1,-1,-1
79,799,357.43,383.93,32.59,75.94,1,-1,-1,-1
79,797,949.96,304.45,26.07,58.51,1,-1,-1,-1
79,796,1074.34,296.59,28.56,64.39,1,-1,-1,-1
79,795,455.95,361.93,34.16,78.41,1,-1,-1,-1
79,794,1005.58,311.02,22.06,61.54,1,-1,-1,-1
79,793,1054.43,293.76,21.74,64.06,1,-1,-1,-1
79,792,310.28,379.26,26.70,66.02,1,-1,-1,-1
79,789,1195.43,280.42,21.97,54.63,1,-1,-1,-1
79,788,1264.80,297.07,20.28,62.18,1,-1,-1,-1
79,786,1028.96,238.07,12.65,29.88,1,-1,-1,-1
80,804,1218.88,254.97,17.93,43.29,1,-1,-1,-1
80,803,440.63,340.97,29.51,66.90,1,-1,-1,-1
80,802,155.90,352.44,37.46,58.76,1,-1,-1,-1
80,801,1052.69,298.12,22.19,55.89,1,-1,-1,-1
80,800,303.70,337.52,30.43,58.39,1,-1,-1,-1
80,799,357.60,383.91,32.35,75.66,1,-1,-1,-1
80,797,957.91,304.43,24.67,57.55,1,-1,-1,-1
80,796,1078.20,295.66,26.83,64.20,1,-1,-1,-1
80,795,444.05,360.35,32.44,79.02,1,-1,-1,-1
80,794,1010.32,311.00,23.71,62.48,1,-1,-1,-1
80,793,1062.48,293.59,20.97,64.87,1,-1,-1,-1
80,792,301.24,379.87,29.84,66.80,1,-1,-1,-1
80,789,1200.81,279.86,20.94,54.00,1,-1,-1,-1
80,786,1027.32,237.97,12.78,30.34,1,-1,-1,-1
81,804,1222.77,255.31,18.06,43.66,1,-1,-1,-1
81,803,452.56,338.85,29.42,68.54,1,-1,-1,-1
81,802,153.81,352.44,34.46,58.33,1,-1,-1,-1
81,801,1059.95,298.22,20.99,56.02,1,-1,-1,-1
81,800,301.82,336.64,32.01,60.12,1,-1,-1,-1
81,799,357.61,384.12,32.24,75.46,1,-1,-1,-1
81,797,962.74,304.01,25.20,57.26,1,-1,-1,-1
81,796,1083.50,296.18,27.89,64.59,1,-1,-1,-1
81,795,435.45,363.09,30.98,77.39,1,-1,-1,-1
81,794,1015.97,309.75,24.31,61.95,1,-1,-1,-1
81,793,1067.34,292.50,24.04,65.80,1,-1,-1,-1
81,792,289.50,380.32,31.79,67.41,1,-1,-1,-1
81,789,1206.66,280.78,21.43,53.99,1,-1,-1,-1
81,786,1025.91,237.62,13.27,30.72,1,-1,-1,-1
82,804,1226.95,257.01,19.50,44.04,1,-1,-1,-1
82,803,461.12,338.61,31.19,67.94,1,-1,-1,-1
82,802,155.21,352.29,35.96,58.71,1,-1,-1,-1
82,801,1065.36,298.53,21.64,55.84,1,-1,-1,-1
82,800,303.86,337.14,32.12,59.72,1,-1,-1,-1
82,799,358.45,382.03,33.31,74.46,1,-1,-1,-1
82,797,968.28,303.64,26.32,56.98,1,-1,-1,-1
82,796,1086.97,296.57,27.76,63.32,1,-1,-1,-1
82,795,427.41,363.81,30.35,74.57,1,-1,-1,-1
82,794,1021.93,309.31,24.03,62.63,1,-1,-1,-1
82,793,1072.94,291.87,25.30,64.48,1,-1,-1,-1
82,792,276.74,380.66,31.89,69.03,1,-1,-1,-1
82,789,1210.48,281.22,23.13,53.29,1,-1,-1,-1
82,786,1024.26,238.38,13.62,29.79,1,-1,-1,-1
83,804,1232.83,257.18,18.27,43.30,1,-1,-1,-1
83,803,471.22,336.69,30.64,68.88,1,-1,-1,-1
83,802,155.99,351.77,36.23,58.50,1,-1,-1,-1
83,801,1069.46,298.74,23.56,55.37,1,-1,-1,-1
83,800,302.20,337.52,33.25,61.02,1,-1,-1,-1
83,799,358.02,376.95,33.20,63.17,1,-1,-1,-1
83,797,976.08,302.11,26.53,57.42,1,-1,-1,-1
83,796,1095.75,296.42,25.79,63.43,1,-1,-1,-1
83,795,418.80,366.75,30.16,74.54,1,-1,-1,-1
83,794,1026.93,310.11,25.20,62.08,1,-1,-1,-1
83,793,1081.22,293.52,24.35,64.64,1,-1,-1,-1
83,792,268.45,381.24,33.21,69.44,1,-1,-1,-1
83,789,1218.08,280.52,21.90,53.07,1,-1,-1,-1
83,786,1021.86,236.97,13.19,30.28,1,-1,-1,-1
84,804,1239.30,259.01,18.02,43.61,1,-1,-1,-1
84,803,482.52,335.19,29.84,68.85,1,-1,-1,-1
84,802,155.28,351.99,36.82,58.70,1,-1,-1,-1
84,801,1077.29,298.17,22.78,55.70,1,-1,-1,-1
84,800,304.02,337.72,34.08,61.62,1,-1,-1,-1
84,799,357.19,384.27,32.89,66.06,1,-1,-1,-1
84,797,982.64,302.16,27.53,57.60,1,-1,-1,-1
84,796,1103.94,295.50,26.08,62.24,1,-1,-1,-1
84,795,408.35,368.20,28.99,74.74,1,-1,-1,-1
84,794,1033.07,309.00,24.33,62.01,1,-1,-1,-1
84,793,1087.32,291.92,23.37,63.94,1,-1,-1,-1
84,792,253.70,381.31,32.23,69.78,1,-1,-1,-1
84,789,1223.11,280.41,20.87,52.61,1,-1,-1,-1
84,786,1019.18,236.61,13.21,30.34,1,-1,-1,-1
85,804,1246.81,260.47,19.38,43.37,1,-1,-1,-1
85,803,492.88,334.36,30.47,68.47,1,-1,-1,-1
85,801,1083.58,298.43,22.43,55.43,1,-1,-1,-1
85,800,302.09,336.61,33.19,61.48,1,-1,-1,-1
85,799,356.66,386.30,32.75,68.61,1,-1,-1,-1
85,797,989.20,301.74,26.87,57.03,1,-1,-1,-1
85,796,1111.59,295.24,26.65,62.38,1,-1,-1,-1
85,795,397.63,369.22,32.24,76.04,1,-1,-1,-1
85,794,1042.37,308.20,24.24,62.37,1,-1,-1,-1
85,793,1093.75,291.61,23.91,63.79,1,-1,-1,-1
85,792,244.59,382.33,31.75,71.16,1,-1,-1,-1
85,789,1229.12,281.50,19.88,52.33,1,-1,-1,-1
85,786,1016.41,236.48,13.23,30.69,1,-1,-1,-1
86,804,1252.69,258.56,19.96,42.57,1,-1,-1,-1
86,803,503.48,332.26,29.39,68.93,1,-1,-1,-1
86,801,1090.01,297.18,21.18,55.26,1,-1,-1,-1
86,800,301.15,336.00,33.74,62.31,1,-1,-1,-1
86,799,356.17,386.32,32.80,71.27,1,-1,-1,-1
86,797,995.34,301.22,26.44,56.81,1,-1,-1,-1
86,796,1116.66,295.07,24.70,62.44,1,-1,-1,-1
86,795,388.67,370.52,33.23,75.66,1,-1,-1,-1
86,794,1047.20,308.48,24.58,61.54,1,-1,-1,-1
86,793,1100.80,291.45,23.42,64.32,1,-1,-1,-1
86,792,235.78,384.81,34.26,70.54,1,-1,-1,-1
86,789,1234.94,282.14,19.14,52.29,1,-1,-1,-1
86,786,1014.72,236.91,12.63,31.06,1,-1,-1,-1
87,804,1262.24,260.72,18.31,42.51,1,-1,-1,-1
87,803,514.86,330.90,28.77,68.42,1,-1,-1,-1
87,801,1096.89,296.33,20.53,55.39,1,-1,-1,-1
87,800,299.65,335.07,34.42,62.86,1,-1,-1,-1
87,799,355.96,385.73,32.45,72.80,1,-1,-1,-1
87,797,1000.65,301.54,27.14,56.33,1,-1,-1,-1
87,796,1122.62,295.09,26.34,62.75,1,-1,-1,-1
87,795,376.52,368.89,31.86,74.53,1,-1,-1,-1
87,794,1053.14,308.28,24.07,61.00,1,-1,-1,-1
87,793,1106.27,292.04,22.87,64.28,1,-1,-1,-1
87,789,1240.34,280.26,19.93,52.41,1,-1,-1,-1
87,786,1012.38,236.76,12.79,30.57,1,-1,-1,-1
88,803,524.81,331.17,29.98,67.30,1,-1,-1,-1
88,802,154.13,351.06,36.47,59.88,1,-1,-1,-1
88,801,1102.00,297.35,20.25,55.33,1,-1,-1,-1
88,800,300.57,336.92,34.91,63.24,1,-1,-1,-1
88,799,356.33,385.72,32.33,75.01,1,-1,-1,-1
88,797,1007.53,301.28,26.22,55.65,1,-1,-1,-1
88,796,1126.08,295.24,26.86,62.46,1,-1,-1,-1
88,795,366.95,365.85,30.77,65.97,1,-1,-1,-1
88,794,1059.10,306.81,23.20,61.06,1,-1,-1,-1
88,793,1110.05,290.97,23.51,64.87,1,-1,-1,-1
88,789,1244.36,277.84,21.01,50.18,1,-1,-1,-1
88,786,1010.43,237.20,12.27,30.06,1,-1,-1,-1
89,808,1221.29,281.94,24.29,53.43,1,-1,-1,-1
89,803,534.65,330.61,29.04,68.09,1,-1,-1,-1
89,802,153.92,352.67,36.33,59.02,1,-1,-1,-1
89,801,1106.67,296.18,21.45,55.94,1,-1,-1,-1
89,800,300.44,336.04,35.28,63.52,1,-1,-1,-1
89,799,356.73,382.46,32.99,77.16,1,-1,-1,-1
89,797,1015.22,300.68,26.19,56.08,1,-1,-1,-1
89,796,1134.47,295.82,25.23,63.00,1,-1,-1,-1
89,794,1064.85,307.69,24.68,60.53,1,-1,-1,-1
89,793,1118.71,290.19,22.75,62.92,1,-1,-1,-1
89,789,1249.19,276.19,20.99,49.94,1,-1,-1,-1
89,786,1009.08,235.98,12.53,30.39,1,-1,-1,-1
90,808,1207.92,282.71,26.18,56.11,1,-1,-1,-1
90,803,546.73,330.03,29.84,67.40,1,-1,-1,-1
90,802,154.28,351.56,37.13,59.97,1,-1,-1,-1
90,801,1113.81,295.88,20.46,55.16,1,-1,-1,-1
90,800,301.20,336.49,35.96,62.99,1,-1,-1,-1
90,799,355.70,382.29,34.10,77.73,1,-1,-1,-1
90,797,1020.24,300.90,26.00,55.49,1,-1,-1,-1
90,796,1142.42,293.72,25.99,63.33,1,-1,-1,-1
90,794,1071.39,307.21,24.04,60.12,1,-1,-1,-1
90,793,1125.45,290.16,21.90,62.27,1,-1,-1,-1
90,792,196.27,389.70,37.77,72.18,1,-1,-1,-1
90,789,1253.83,275.17,19.38,50.00,1,-1,-1,-1
90,786,1007.41,236.51,12.72,29.99,1,-1,-1,-1
91,808,1191.52,283.24,26.55,54.77,1,-1,-1,-1
91,803,556.25,329.98,31.61,67.41,1,-1,-1,-1
91,802,154.22,350.92,36.78,60.00,1,-1,-1,-1
91,801,1120.69,294.71,19.87,55.12,1,-1,-1,-1
91,800,300.43,335.90,35.07,60.69,1,-1,-1,-1
91,799,356.80,383.05,33.63,77.31,1,-1,-1,-1
91,797,1028.05,298.95,24.20,55.33,1,-1,-1,-1
91,796,1150.26,293.89,27.65,62.34,1,-1,-1,-1
91,794,1079.86,307.35,22.56,60.23,1,-1,-1,-1
91,793,1131.30,289.72,22.99,62.75,1,-1,-1,-1
91,792,183.46,390.17,35.17,72.32,1,-1,-1,-1
91,789,1257.91,273.28,18.66,50.74,1,-1,-1,-1
91,786,1005.06,236.88,13.45,29.77,1,-1,-1,-1
92,808,1178.13,283.30,28.38,56.75,1,-1,-1,-1
92,803,565.33,327.71,30.30,69.14,1,-1,-1,-1
92,802,154.74,350.87,37.04,59.63,1,-1,-1,-1
92,801,1124.47,295.17,21.23,55.58,1,-1,-1,-1
92,800,299.92,336.71,35.40,61.61,1,-1,-1,-1
92,799,357.28,382.77,34.03,77.17,1,-1,-1,-1
92,797,1032.41,299.76,25.17,54.88,1,-1,-1,-1
92,796,1155.33,294.32,27.92,63.15,1,-1,-1,-1
92,795,325.60,378.22,31.41,70.94,1,-1,-1,-1
92,794,1085.84,307.65,23.48,59.73,1,-1,-1,-1
92,793,1137.99,288.41,22.28,62.68,1,-1,-1,-1
92,792,174.61,391.69,36.36,71.66,1,-1,-1,-1
92,789,1262.67,272.53,18.15,51.28,1,-1,-1,-1
92,786,1002.39,237.35,13.40,29.80,1,-1,-1,-1
93,808,1162.96,283.49,27.95,57.62,1,-1,-1,-1
93,803,577.11,326.86,29.85,68.56,1,-1,-1,-1
93,802,156.01,350.89,36.58,59.32,1,-1,-1,-1
93,801,1131.59,294.20,19.78,55.47,1,-1,-1,-1
93,800,301.87,337.97,35.18,64.00,1,-1,-1,-1
93,799,357.27,382.54,34.11,77.01,1,-1,-1,-1
93,797,1037.22,299.94,25.60,54.57,1,-1,-1,-1
93,796,1159.88,295.44,27.66,62.13,1,-1,-1,-1
93,795,317.40,377.79,30.74,73.82,1,-1,-1,-1
93,794,1091.70,306.31,22.80,59.76,1,-1,-1,-1
93,793,1143.93,290.35,22.47,63.81,1,-1,-1,-1
93,792,167.04,392.35,35.96,71.06,1,-1,-1,-1
93,789,1264.13,271.87,17.89,51.89,1,-1,-1,-1
93,786,1000.46,237.48,12.71,29.98,1,-1,-1,-1
94,803,585.79,326.41,30.77,67.86,1,-1,-1,-1
94,802,155.35,351.16,37.82,59.43,1,-1,-1,-1
94,801,1136.37,294.28,19.54,54.94,1,-1,-1,-1
94,800,300.71,335.64,34.43,63.28,1,-1,-1,-1
94,799,357.88,382.40,35.24,77.78,1,-1,-1,-1
94,797,1045.29,299.17,23.94,54.95,1,-1,-1,-1
94,796,1164.45,295.45,27.40,61.44,1,-1,-1,-1
94,795,309.30,377.77,29.72,75.02,1,-1,-1,-1
94,794,1098.81,305.69,22.09,60.21,1,-1,-1,-1
94,793,1147.49,288.12,22.84,63.14,1,-1,-1,-1
94,792,153.62,393.29,33.37,71.79,1,-1,-1,-1
94,786,999.02,237.98,12.81,30.04,1,-1,-1,-1
95,803,597.25,325.28,29.28,67.84,1,-1,-1,-1
95,802,154.92,351.12,37.73,59.28,1,-1,-1,-1
95,799,357.26,382.77,34.84,77.98,1,-1,-1,-1
95,797,1051.48,299.65,24.19,54.72,1,-1,-1,-1
95,796,1170.42,294.37,26.28,61.51,1,-1,-1,-1
95,795,301.41,382.41,31.19,74.04,1,-1,-1,-1
95,794,1102.89,306.42,23.01,59.48,1,-1,-1,-1
95,793,1154.75,289.13,21.24,63.63,1,-1,-1,-1
95,792,143.00,395.18,34.63,70.75,1,-1,-1,-1
95,786,997.43,239.29,13.52,31.45,1,-1,-1,-1
96,803,609.28,325.06,29.49,67.14,1,-1,-1,-1
96,802,155.06,351.06,38.30,59.46,1,-1,-1,-1
96,799,357.11,382.86,34.46,77.88,1,-1,-1,-1
96,797,1058.49,298.54,23.86,54.91,1,-1,-1,-1
96,796,1177.66,292.81,25.48,62.36,1,-1,-1,-1
96,795,291.87,379.83,31.96,75.35,1,-1,-1,-1
96,794,1109.55,305.79,23.28,58.40,1,-1,-1,-1
96,793,1161.51,288.38,21.61,63.63,1,-1,-1,-1
96,792,134.16,395.65,35.93,70.85,1,-1,-1,-1
96,786,995.57,238.86,13.38,31.65,1,-1,-1,-1
97,808,1107.72,285.12,26.50,53.40,1,-1,-1,-1
97,803,618.93,325.10,30.02,66.78,1,-1,-1,-1
97,802,153.53,351.48,38.51,59.35,1,-1,-1,-1
97,799,357.26,382.55,34.82,78.50,1,-1,-1,-1
97,797,1065.05,297.23,23.79,55.37,1,-1,-1,-1
97,796,1185.32,291.95,26.02,61.43,1,-1,-1,-1
97,795,281.44,379.04,30.13,76.40,1,-1,-1,-1
97,794,1116.03,305.74,22.56,58.35,1,-1,-1,-1
97,793,1166.03,289.56,21.70,62.64,1,-1,-1,-1
97,792,120.35,395.52,34.49,71.90,1,-1,-1,-1
97,786,994.48,237.75,14.45,32.53,1,-1,-1,-1
98,808,1094.73,287.41,26.97,54.02,1,-1,-1,-1
98,803,629.84,323.28,29.04,67.69,1,-1,-1,-1
98,802,152.79,350.60,38.57,59.60,1,-1,-1,-1
98,801,1161.18,293.26,19.59,55.09,1,-1,-1,-1
98,800,298.97,335.23,34.20,62.19,1,-1,-1,-1
98,799,357.87,382.53,35.76,79.04,1,-1,-1,-1
98,797,1069.20,297.60,24.97,54.66,1,-1,-1,-1
98,796,1189.98,291.42,25.52,61.20,1,-1,-1,-1
98,795,272.68,379.63,32.55,76.91,1,-1,-1,-1
98,794,1121.14,306.54,23.52,57.44,1,-1,-1,-1
98,793,1172.65,288.49,21.36,61.32,1,-1,-1,-1
98,792,111.08,394.81,34.71,72.66,1,-1,-1,-1
98,786,991.58,237.10,14.81,33.19,1,-1,-1,-1
99,808,1077.69,288.13,26.47,53.64,1,-1,-1,-1
99,803,641.80,322.52,30.48,67.43,1,-1,-1,-1
99,802,152.86,351.01,37.93,59.49,1,-1,-1,-1
99,801,1167.98,293.36,18.35,54.10,1,-1,-1,-1
99,800,300.42,336.01,34.80,62.50,1,-1,-1,-1
99,799,357.02,382.12,35.30,78.99,1,-1,-1,-1
99,797,1077.73,297.72,23.70,54.15,1,-1,-1,-1
99,796,1193.83,291.13,24.38,61.19,1,-1,-1,-1
99,795,265.32,380.29,33.34,77.75,1,-1,-1,-1
99,794,1125.39,305.43,24.02,57.90,1,-1,-1,-1
99,793,1177.88,288.03,21.27,62.13,1,-1,-1,-1
99,792,104.50,397.05,34.90,72.01,1,-1,-1,-1
99,786,989.44,236.79,15.40,33.11,1,-1,-1,-1
