1,316,1238.71,276.30,12.34,39.03,1,-1,-1,-1
1,315,16.30,396.50,29.68,67.07,1,-1,-1,-1
2,316,1232.64,272.99,17.28,39.48,1,-1,-1,-1
2,315,29.12,391.40,33.86,72.13,1,-1,-1,-1
3,317,0.00,398.81,25.42,72.58,1,-1,-1,-1
3,316,1230.13,273.97,16.08,36.20,1,-1,-1,-1
3,315,36.82,391.62,32.79,70.42,1,-1,-1,-1
4,316,1227.89,276.31,17.01,34.91,1,-1,-1,-1
4,315,45.97,393.65,30.25,68.01,1,-1,-1,-1
5,316,1222.43,277.25,17.61,38.78,1,-1,-1,-1
5,315,57.00,390.90,34.88,70.76,1,-1,-1,-1
6,317,12.98,394.24,35.77,81.89,1,-1,-1,-1
6,316,1222.08,282.35,15.41,35.62,1,-1,-1,-1
6,315,65.94,390.35,35.01,70.30,1,-1,-1,-1
7,317,18.51,396.16,41.09,82.28,1,-1,-1,-1
7,316,1215.96,286.52,17.43,39.80,1,-1,-1,-1
7,315,73.44,388.65,33.12,68.80,1,-1,-1,-1
8,317,31.63,401.55,35.82,77.34,1,-1,-1,-1
8,316,1208.83,285.08,16.17,41.77,1,-1,-1,-1
8,315,86.66,388.96,31.91,67.99,1,-1,-1,-1
9,319,1246.51,293.23,19.38,40.81,1,-1,-1,-1
9,317,44.34,402.30,35.68,76.22,1,-1,-1,-1
9,316,1203.65,282.50,17.77,45.62,1,-1,-1,-1
9,315,95.23,389.10,30.72,67.03,1,-1,-1,-1
10,319,1239.37,288.82,17.26,39.75,1,-1,-1,-1
10,317,54.20,404.02,36.12,77.11,1,-1,-1,-1
10,316,1200.82,282.29,17.86,45.37,1,-1,-1,-1
10,315,103.67,388.77,29.97,66.81,1,-1,-1,-1
11,319,1234.47,295.36,16.40,36.60,1,-1,-1,-1
11,317,66.12,405.01,32.74,75.13,1,-1,-1,-1
11,316,1196.99,285.06,17.57,45.01,1,-1,-1,-1
11,315,113.75,388.15,33.73,67.81,1,-1,-1,-1
12,319,1222.41,299.55,19.11,39.30,1,-1,-1,-1
12,317,79.29,403.65,36.12,74.91,1,-1,-1,-1
12,316,1188.24,284.14,19.28,48.93,1,-1,-1,-1
12,315,123.54,387.34,33.25,68.70,1,-1,-1,-1
13,320,40.38,379.60,34.09,62.50,1,-1,-1,-1
13,319,1214.54,299.43,20.77,40.43,1,-1,-1,-1
13,317,87.27,402.03,38.48,74.87,1,-1,-1,-1
13,316,1180.10,281.86,20.36,51.34,1,-1,-1,-1
13,315,130.97,386.53,31.54,68.02,1,-1,-1,-1
14,320,53.60,381.59,28.37,58.59,1,-1,-1,-1
14,319,1207.56,298.56,21.84,40.93,1,-1,-1,-1
14,317,98.35,401.45,35.33,74.08,1,-1,-1,-1
14,316,1172.98,282.02,21.07,52.87,1,-1,-1,-1
14,315,141.94,386.70,33.71,67.58,1,-1,-1,-1
15,322,14.55,364.46,27.87,70.28,1,-1,-1,-1
15,320,64.57,381.05,28.14,56.96,1,-1,-1,-1
15,319,1198.38,297.57,21.08,40.01,1,-1,-1,-1
15,317,111.25,400.28,36.91,74.30,1,-1,-1,-1
15,316,1166.02,282.49,23.07,54.44,1,-1,-1,-1
15,315,153.32,386.03,30.72,65.66,1,-1,-1,-1
16,322,21.55,366.90,23.29,62.90,1,-1,-1,-1
16,320,73.39,380.86,27.65,55.77,1,-1,-1,-1
16,319,1189.36,296.90,20.76,41.14,1,-1,-1,-1
16,317,119.89,400.22,35.18,73.61,1,-1,-1,-1
16,316,1159.87,282.27,22.13,54.72,1,-1,-1,-1
16,315,164.22,386.19,28.56,64.19,1,-1,-1,-1
17,322,30.28,368.04,23.39,60.72,1,-1,-1,-1
17,320,81.55,379.33,25.10,53.74,1,-1,-1,-1
17,319,1181.60,297.02,20.50,41.99,1,-1,-1,-1
17,317,132.04,397.81,32.12,72.62,1,-1,-1,-1
17,316,1154.39,282.09,21.43,54.94,1,-1,-1,-1
17,315,174.81,385.77,31.23,64.09,1,-1,-1,-1
18,324,1216.05,291.79,15.55,41.45,1,-1,-1,-1
18,323,1251.52,296.44,15.54,45.33,1,-1,-1,-1
18,322,36.53,368.84,23.48,59.35,1,-1,-1,-1
18,320,92.30,377.74,28.08,55.18,1,-1,-1,-1
18,319,1171.88,295.97,20.29,42.63,1,-1,-1,-1
18,317,146.37,395.64,35.49,73.42,1,-1,-1,-1
18,316,1149.55,281.67,20.63,55.03,1,-1,-1,-1
18,315,184.53,384.61,30.18,63.38,1,-1,-1,-1
19,325,17.46,396.86,27.13,59.34,1,-1,-1,-1
19,324,1210.21,290.26,16.74,43.67,1,-1,-1,-1
19,323,1244.18,296.21,15.83,45.71,1,-1,-1,-1
19,322,44.47,372.53,21.29,56.99,1,-1,-1,-1
19,320,100.50,376.35,28.46,55.11,1,-1,-1,-1
19,319,1162.94,295.14,20.12,43.10,1,-1,-1,-1
19,317,153.52,394.22,36.99,73.61,1,-1,-1,-1
19,316,1142.79,281.62,18.75,54.79,1,-1,-1,-1
19,315,194.53,384.29,27.59,61.95,1,-1,-1,-1
20,326,187.61,368.31,17.66,53.61,1,-1,-1,-1
20,325,29.60,394.37,30.11,61.58,1,-1,-1,-1
20,324,1205.60,289.70,17.32,44.54,1,-1,-1,-1
20,323,1237.97,295.92,16.51,46.27,1,-1,-1,-1
20,322,51.80,373.97,19.86,55.55,1,-1,-1,-1
20,320,109.50,375.02,25.30,53.56,1,-1,-1,-1
20,319,1154.01,294.68,18.57,42.94,1,-1,-1,-1
20,317,165.64,393.39,32.21,72.49,1,-1,-1,-1
20,316,1135.23,281.01,20.02,55.21,1,-1,-1,-1
20,315,205.47,383.95,28.87,61.47,1,-1,-1,-1
21,325,35.72,393.80,30.07,61.17,1,-1,-1,-1
21,324,1199.80,289.43,17.05,44.46,1,-1,-1,-1
21,323,1231.87,295.64,17.48,46.81,1,-1,-1,-1
21,322,59.17,371.61,20.71,55.88,1,-1,-1,-1
21,320,119.86,373.86,25.63,53.74,1,-1,-1,-1
21,319,1143.98,295.91,18.69,44.42,1,-1,-1,-1
21,317,178.98,392.76,33.68,72.78,1,-1,-1,-1
21,316,1128.92,281.49,19.73,54.69,1,-1,-1,-1
21,315,214.35,382.91,26.15,60.42,1,-1,-1,-1
22,325,45.98,394.07,26.21,58.44,1,-1,-1,-1
22,324,1194.32,289.68,16.85,44.40,1,-1,-1,-1
22,323,1225.48,295.99,18.08,46.91,1,-1,-1,-1
22,322,68.32,370.83,19.10,54.75,1,-1,-1,-1
22,320,128.65,373.45,23.29,52.77,1,-1,-1,-1
22,319,1134.17,296.59,19.97,45.99,1,-1,-1,-1
22,317,188.53,392.70,36.06,73.16,1,-1,-1,-1
22,316,1123.99,283.56,18.16,54.12,1,-1,-1,-1
22,315,225.46,382.22,24.21,59.60,1,-1,-1,-1
23,327,1252.81,298.90,18.36,52.35,1,-1,-1,-1
23,325,56.28,394.08,30.98,62.03,1,-1,-1,-1
23,324,1189.28,291.22,17.52,44.10,1,-1,-1,-1
23,323,1220.22,297.96,17.68,46.39,1,-1,-1,-1
23,322,73.07,378.14,18.17,54.60,1,-1,-1,-1
23,320,137.79,376.59,22.61,53.03,1,-1,-1,-1
23,319,1126.56,298.00,19.39,46.86,1,-1,-1,-1
23,317,199.77,392.66,32.51,72.88,1,-1,-1,-1
23,316,1117.51,290.16,18.70,51.40,1,-1,-1,-1
23,315,234.50,384.95,27.86,60.84,1,-1,-1,-1
24,327,1246.73,297.92,19.15,55.05,1,-1,-1,-1
24,325,61.80,392.61,32.26,62.09,1,-1,-1,-1
24,324,1182.39,291.00,17.28,45.25,1,-1,-1,-1
24,323,1213.35,297.75,17.89,47.51,1,-1,-1,-1
24,322,83.11,372.91,18.54,54.76,1,-1,-1,-1
24,320,146.23,373.30,26.22,54.39,1,-1,-1,-1
24,319,1114.94,296.95,21.65,49.27,1,-1,-1,-1
24,317,212.56,391.92,33.91,72.99,1,-1,-1,-1
24,315,242.10,381.37,27.93,60.52,1,-1,-1,-1
25,327,1242.27,296.89,18.89,54.45,1,-1,-1,-1
25,325,69.85,392.52,29.78,60.72,1,-1,-1,-1
25,324,1176.27,290.28,18.63,46.94,1,-1,-1,-1
25,323,1209.74,296.52,19.44,48.97,1,-1,-1,-1
25,322,92.42,371.38,18.12,54.52,1,-1,-1,-1
25,320,154.05,372.46,25.61,54.17,1,-1,-1,-1
25,319,1107.97,296.06,22.35,50.48,1,-1,-1,-1
25,317,220.36,391.48,37.58,73.40,1,-1,-1,-1
25,315,252.08,379.71,26.22,59.96,1,-1,-1,-1
26,327,1237.78,297.41,18.70,54.02,1,-1,-1,-1
26,325,80.52,392.87,27.26,59.50,1,-1,-1,-1
26,324,1170.83,289.18,18.68,47.51,1,-1,-1,-1
26,323,1202.45,296.13,19.60,49.37,1,-1,-1,-1
26,322,100.07,368.61,19.43,55.17,1,-1,-1,-1
26,320,163.53,371.46,24.05,53.70,1,-1,-1,-1
26,319,1095.86,296.08,21.67,51.02,1,-1,-1,-1
26,317,231.03,389.00,33.55,72.74,1,-1,-1,-1
26,315,262.23,376.28,29.20,62.07,1,-1,-1,-1
27,328,1250.70,303.21,14.55,47.47,1,-1,-1,-1
27,327,1232.66,297.77,18.64,54.59,1,-1,-1,-1
27,325,91.23,391.40,30.51,60.63,1,-1,-1,-1
27,324,1164.49,290.13,17.57,47.42,1,-1,-1,-1
27,323,1196.66,295.93,19.68,49.60,1,-1,-1,-1
27,322,108.45,367.10,21.27,55.86,1,-1,-1,-1
27,320,171.60,370.75,25.87,54.27,1,-1,-1,-1
27,319,1086.60,295.41,23.39,51.92,1,-1,-1,-1
27,317,243.73,387.51,32.84,72.57,1,-1,-1,-1
27,315,271.39,375.14,28.18,62.63,1,-1,-1,-1
28,331,1219.09,293.70,11.72,36.73,1,-1,-1,-1
28,328,1245.37,302.10,15.34,48.07,1,-1,-1,-1
28,327,1227.72,297.80,18.57,54.93,1,-1,-1,-1
28,325,97.59,390.80,31.37,60.73,1,-1,-1,-1
28,324,1158.52,290.25,17.90,47.84,1,-1,-1,-1
28,323,1189.95,296.17,18.73,49.40,1,-1,-1,-1
28,322,116.59,366.98,21.05,55.76,1,-1,-1,-1
28,320,179.81,370.59,24.33,53.89,1,-1,-1,-1
28,319,1075.80,297.03,24.64,52.47,1,-1,-1,-1
28,317,253.45,386.79,35.66,72.90,1,-1,-1,-1
28,315,282.79,375.65,26.72,62.92,1,-1,-1,-1
29,331,1213.97,294.19,11.66,36.91,1,-1,-1,-1
29,328,1238.69,301.76,14.26,46.98,1,-1,-1,-1
29,327,1222.21,297.56,19.77,55.85,1,-1,-1,-1
29,325,107.41,389.51,29.36,61.19,1,-1,-1,-1
29,324,1153.55,289.08,17.48,47.87,1,-1,-1,-1
29,323,1183.93,296.09,18.11,49.29,1,-1,-1,-1
29,320,190.11,369.32,24.74,54.05,1,-1,-1,-1
29,319,1067.88,297.69,23.63,52.54,1,-1,-1,-1
29,317,264.56,385.70,33.30,72.54,1,-1,-1,-1
29,315,292.73,374.82,29.61,64.05,1,-1,-1,-1
30,331,1208.13,294.85,12.74,38.64,1,-1,-1,-1
30,328,1234.00,303.99,12.62,42.48,1,-1,-1,-1
30,327,1217.94,299.15,19.78,54.80,1,-1,-1,-1
30,325,118.02,388.99,30.58,61.49,1,-1,-1,-1
30,324,1145.15,293.05,17.19,46.11,1,-1,-1,-1
30,323,1177.45,298.37,17.34,50.00,1,-1,-1,-1
30,320,197.70,369.94,28.24,56.76,1,-1,-1,-1
30,319,1059.00,298.73,26.09,53.38,1,-1,-1,-1
30,317,276.22,384.03,31.87,72.82,1,-1,-1,-1
30,315,301.19,374.33,29.22,63.82,1,-1,-1,-1
31,332,1241.62,293.52,15.51,45.96,1,-1,-1,-1
31,331,1202.43,296.70,12.65,38.09,1,-1,-1,-1
31,327,1213.79,297.61,19.17,49.77,1,-1,-1,-1
31,325,126.03,388.19,32.11,60.73,1,-1,-1,-1
31,324,1140.07,294.48,18.46,44.46,1,-1,-1,-1
31,323,1172.50,297.51,17.67,48.20,1,-1,-1,-1
31,320,205.13,368.52,26.22,55.84,1,-1,-1,-1
31,319,1050.66,299.26,24.15,51.80,1,-1,-1,-1
31,317,286.04,381.73,35.31,75.58,1,-1,-1,-1
31,315,312.65,372.04,28.92,64.63,1,-1,-1,-1
32,332,1236.33,294.37,16.43,45.35,1,-1,-1,-1
32,331,1199.14,297.15,12.59,37.72,1,-1,-1,-1
32,327,1208.64,299.05,18.66,46.31,1,-1,-1,-1
32,325,134.53,385.79,29.51,60.53,1,-1,-1,-1
32,324,1132.04,294.24,17.90,44.58,1,-1,-1,-1
32,323,1165.18,297.50,16.75,46.86,1,-1,-1,-1
32,320,216.73,365.61,25.66,56.04,1,-1,-1,-1
32,319,1038.30,300.74,24.72,51.61,1,-1,-1,-1
32,317,294.13,380.71,36.34,77.03,1,-1,-1,-1
32,315,320.97,369.49,31.45,65.29,1,-1,-1,-1
33,332,1230.05,295.05,16.95,44.73,1,-1,-1,-1
33,331,1194.30,297.16,12.55,37.46,1,-1,-1,-1
33,327,1203.97,302.56,18.52,48.40,1,-1,-1,-1
33,325,143.85,384.49,29.21,60.86,1,-1,-1,-1
33,324,1127.33,293.88,17.48,44.68,1,-1,-1,-1
33,323,1160.34,298.82,16.09,46.63,1,-1,-1,-1
33,320,223.26,365.22,27.18,56.61,1,-1,-1,-1
33,319,1027.97,300.33,27.05,51.58,1,-1,-1,-1
33,317,305.46,378.76,34.52,77.59,1,-1,-1,-1
33,315,329.96,368.48,29.96,65.25,1,-1,-1,-1
34,333,1039.43,294.83,20.65,46.59,1,-1,-1,-1
34,332,1226.29,295.70,17.26,44.19,1,-1,-1,-1
34,331,1189.47,297.34,11.99,36.94,1,-1,-1,-1
34,327,1198.29,303.46,18.37,49.98,1,-1,-1,-1
34,325,152.49,383.73,31.34,61.63,1,-1,-1,-1
34,324,1121.19,293.91,17.18,44.75,1,-1,-1,-1
34,323,1154.49,299.85,15.61,46.46,1,-1,-1,-1
34,320,233.05,365.34,25.11,56.38,1,-1,-1,-1
34,319,1018.45,300.26,25.52,51.33,1,-1,-1,-1
34,317,317.86,377.84,36.79,78.65,1,-1,-1,-1
34,315,341.35,367.81,28.23,65.13,1,-1,-1,-1
35,333,1031.90,293.94,21.75,48.36,1,-1,-1,-1
35,332,1222.88,296.56,17.46,43.75,1,-1,-1,-1
35,331,1182.01,299.20,11.60,36.62,1,-1,-1,-1
35,327,1191.99,303.44,19.43,51.74,1,-1,-1,-1
35,325,161.54,383.58,28.30,61.17,1,-1,-1,-1
35,324,1113.80,294.14,16.95,44.80,1,-1,-1,-1
35,323,1148.96,300.25,15.26,46.34,1,-1,-1,-1
35,320,244.01,365.43,26.58,56.82,1,-1,-1,-1
35,319,1010.50,299.99,25.20,51.19,1,-1,-1,-1
35,317,325.58,376.93,37.05,79.16,1,-1,-1,-1
35,315,352.05,367.35,30.68,65.60,1,-1,-1,-1
36,334,1124.47,299.25,18.12,46.75,1,-1,-1,-1
36,333,1024.51,294.88,20.82,48.02,1,-1,-1,-1
36,332,1218.21,297.24,17.41,43.30,1,-1,-1,-1
36,331,1177.92,299.90,11.33,36.43,1,-1,-1,-1
36,327,1186.57,304.02,20.42,53.71,1,-1,-1,-1
36,325,172.38,383.50,29.42,61.57,1,-1,-1,-1
36,324,1107.22,294.50,18.47,45.17,1,-1,-1,-1
36,323,1142.43,300.32,15.72,46.44,1,-1,-1,-1
36,320,250.62,365.16,28.23,57.19,1,-1,-1,-1
36,319,1001.28,300.99,26.79,51.21,1,-1,-1,-1
36,317,336.93,374.03,33.15,78.60,1,-1,-1,-1
36,315,359.42,366.75,29.76,64.85,1,-1,-1,-1
37,335,335.59,350.51,21.15,62.34,1,-1,-1,-1
37,334,1118.45,300.45,16.36,45.77,1,-1,-1,-1
37,333,1014.52,294.90,23.02,49.66,1,-1,-1,-1
37,332,1212.75,299.18,17.31,43.77,1,-1,-1,-1
37,331,1172.84,299.24,11.14,36.31,1,-1,-1,-1
37,327,1180.31,304.22,19.52,54.42,1,-1,-1,-1
37,325,181.78,383.76,32.20,62.15,1,-1,-1,-1
37,324,1101.16,294.69,18.30,45.17,1,-1,-1,-1
37,323,1135.22,302.18,17.30,46.74,1,-1,-1,-1
37,320,258.87,363.70,25.95,56.91,1,-1,-1,-1
37,319,991.36,301.30,24.09,50.93,1,-1,-1,-1
37,317,351.17,372.87,35.17,78.62,1,-1,-1,-1
37,315,371.69,367.04,26.76,64.09,1,-1,-1,-1
38,335,344.46,349.22,23.86,65.12,1,-1,-1,-1
38,334,1108.99,298.81,18.48,48.25,1,-1,-1,-1
38,333,1007.94,295.48,24.10,50.12,1,-1,-1,-1
38,332,1208.43,299.96,16.65,43.79,1,-1,-1,-1
38,331,1167.51,299.47,11.00,36.24,1,-1,-1,-1
38,327,1174.91,304.10,18.85,55.00,1,-1,-1,-1
38,325,187.58,381.77,32.07,62.17,1,-1,-1,-1
38,324,1094.70,295.32,17.37,45.02,1,-1,-1,-1
38,323,1128.27,302.42,17.67,46.77,1,-1,-1,-1
38,320,269.18,362.99,27.15,57.16,1,-1,-1,-1
38,319,979.33,301.57,25.69,50.98,1,-1,-1,-1
38,317,358.36,372.46,37.63,78.70,1,-1,-1,-1
38,315,382.12,367.11,29.70,63.95,1,-1,-1,-1
39,335,351.54,348.97,25.34,65.85,1,-1,-1,-1
39,334,1101.80,298.65,18.28,48.16,1,-1,-1,-1
39,333,998.40,295.11,23.56,49.70,1,-1,-1,-1
39,332,1201.63,299.83,17.75,44.57,1,-1,-1,-1
39,331,1162.45,299.55,10.91,36.21,1,-1,-1,-1
39,327,1167.07,303.88,20.25,56.04,1,-1,-1,-1
39,325,197.27,380.20,29.45,61.81,1,-1,-1,-1
39,324,1087.51,296.35,17.09,44.99,1,-1,-1,-1
39,323,1122.36,302.82,17.25,46.67,1,-1,-1,-1
39,320,276.39,362.82,26.63,57.13,1,-1,-1,-1
39,319,969.72,303.03,26.87,51.00,1,-1,-1,-1
39,317,368.26,370.60,35.12,78.39,1,-1,-1,-1
39,315,391.06,367.78,29.52,63.57,1,-1,-1,-1
40,336,1251.76,301.67,14.33,46.38,1,-1,-1,-1
40,335,353.19,349.05,26.22,65.91,1,-1,-1,-1
40,334,1095.25,299.04,16.78,47.17,1,-1,-1,-1
40,333,991.29,295.29,24.26,49.82,1,-1,-1,-1
40,332,1197.76,299.46,18.51,44.98,1,-1,-1,-1
40,327,1159.72,304.23,20.18,56.43,1,-1,-1,-1
40,325,207.37,379.43,31.27,62.11,1,-1,-1,-1
40,324,1082.02,296.98,16.70,44.93,1,-1,-1,-1
40,323,1115.87,302.67,17.87,46.74,1,-1,-1,-1
40,320,285.61,362.52,25.18,56.96,1,-1,-1,-1
40,319,961.17,303.67,24.40,50.78,1,-1,-1,-1
40,317,377.73,370.52,30.31,77.82,1,-1,-1,-1
40,315,402.01,367.90,27.17,63.08,1,-1,-1,-1
41,337,19.10,397.69,29.17,61.86,1,-1,-1,-1
41,336,1246.22,300.56,13.98,42.93,1,-1,-1,-1
41,335,370.14,347.78,26.76,65.73,1,-1,-1,-1
41,334,1087.88,298.86,16.99,47.40,1,-1,-1,-1
41,333,984.37,295.67,22.98,49.21,1,-1,-1,-1
41,332,1193.81,299.44,17.94,44.84,1,-1,-1,-1
41,327,1152.73,304.56,19.98,56.66,1,-1,-1,-1
41,325,212.51,379.15,32.60,62.28,1,-1,-1,-1
41,324,1073.57,298.64,15.81,44.78,1,-1,-1,-1
41,323,1109.19,303.42,17.59,47.64,1,-1,-1,-1
41,320,296.14,362.19,27.94,57.38,1,-1,-1,-1
41,319,951.88,303.56,25.50,50.81,1,-1,-1,-1
41,317,390.37,366.86,33.47,78.10,1,-1,-1,-1
41,315,413.19,366.26,29.16,63.08,1,-1,-1,-1
42,337,28.47,397.43,27.95,60.56,1,-1,-1,-1
42,336,1243.06,299.69,16.32,42.94,1,-1,-1,-1
42,335,378.07,346.81,29.92,66.76,1,-1,-1,-1
42,334,1080.85,299.53,15.36,46.45,1,-1,-1,-1
42,333,975.10,296.67,21.90,48.74,1,-1,-1,-1
42,332,1188.59,299.78,16.93,44.55,1,-1,-1,-1
42,327,1141.71,305.23,24.00,57.56,1,-1,-1,-1
42,325,224.05,376.29,29.89,62.22,1,-1,-1,-1
42,324,1067.59,298.97,15.76,44.77,1,-1,-1,-1
42,323,1101.93,303.69,17.85,48.45,1,-1,-1,-1
42,320,304.59,360.39,27.48,57.34,1,-1,-1,-1
42,319,943.51,303.50,26.05,50.81,1,-1,-1,-1
42,317,403.27,360.85,30.42,74.60,1,-1,-1,-1
42,315,422.66,366.48,26.32,60.36,1,-1,-1,-1
43,337,35.79,397.37,28.36,60.77,1,-1,-1,-1
43,336,1237.13,302.20,15.63,41.21,1,-1,-1,-1
43,335,386.13,346.13,28.40,65.63,1,-1,-1,-1
43,334,1070.60,299.67,18.04,47.90,1,-1,-1,-1
43,333,965.83,297.16,24.44,49.42,1,-1,-1,-1
43,332,1183.29,299.54,17.48,44.75,1,-1,-1,-1
43,327,1134.63,303.84,23.50,53.29,1,-1,-1,-1
43,325,234.64,375.00,31.15,62.71,1,-1,-1,-1
43,324,1060.17,299.90,14.93,44.39,1,-1,-1,-1
43,323,1095.50,303.88,19.40,49.32,1,-1,-1,-1
43,320,315.09,359.91,24.76,57.00,1,-1,-1,-1
43,319,932.23,304.46,24.68,51.36,1,-1,-1,-1
43,317,415.60,362.24,30.64,73.90,1,-1,-1,-1
43,315,434.01,365.95,24.17,59.00,1,-1,-1,-1
44,337,46.86,397.84,27.16,59.87,1,-1,-1,-1
44,336,1232.42,304.65,15.31,41.15,1,-1,-1,-1
44,335,396.34,347.19,24.19,63.46,1,-1,-1,-1
44,334,1063.75,300.46,17.81,47.70,1,-1,-1,-1
44,333,958.06,297.19,22.29,49.85,1,-1,-1,-1
44,332,1178.51,299.97,16.69,44.53,1,-1,-1,-1
44,327,1128.64,304.10,22.38,52.91,1,-1,-1,-1
44,325,240.17,374.38,33.98,63.26,1,-1,-1,-1
44,324,1053.11,300.70,14.32,44.09,1,-1,-1,-1
44,323,1088.63,303.90,19.51,49.70,1,-1,-1,-1
44,320,323.31,359.48,27.80,57.42,1,-1,-1,-1
44,319,919.98,303.47,27.12,52.27,1,-1,-1,-1
44,317,425.30,364.77,34.24,73.60,1,-1,-1,-1
44,315,443.01,366.04,26.42,57.99,1,-1,-1,-1
45,337,56.03,397.88,26.39,59.42,1,-1,-1,-1
45,336,1227.66,306.02,16.69,44.39,1,-1,-1,-1
45,335,405.92,343.10,28.48,67.40,1,-1,-1,-1
45,334,1054.67,300.58,17.63,47.55,1,-1,-1,-1
45,333,949.70,296.67,22.53,51.06,1,-1,-1,-1
45,332,1172.55,299.95,16.12,44.39,1,-1,-1,-1
45,327,1120.97,305.78,21.58,53.68,1,-1,-1,-1
45,325,248.31,373.59,31.50,63.11,1,-1,-1,-1
45,324,1044.98,301.85,13.86,43.65,1,-1,-1,-1
45,323,1081.01,303.43,19.60,49.97,1,-1,-1,-1
45,320,331.20,357.49,27.40,57.38,1,-1,-1,-1
45,319,910.80,303.07,26.70,52.63,1,-1,-1,-1
45,317,432.99,365.54,33.53,73.21,1,-1,-1,-1
45,315,449.41,365.50,25.87,57.25,1,-1,-1,-1
46,337,63.55,396.57,27.47,58.06,1,-1,-1,-1
46,336,1222.42,306.33,17.02,45.91,1,-1,-1,-1
46,335,412.07,340.68,31.44,69.35,1,-1,-1,-1
46,334,1047.31,300.86,17.53,47.43,1,-1,-1,-1
46,333,943.01,296.26,22.67,51.91,1,-1,-1,-1
46,332,1168.03,300.64,17.66,44.76,1,-1,-1,-1
46,327,1116.15,306.15,21.84,54.48,1,-1,-1,-1
46,325,259.11,372.98,28.56,62.84,1,-1,-1,-1
46,324,1036.58,302.57,13.52,43.32,1,-1,-1,-1
46,323,1075.21,304.10,19.65,50.17,1,-1,-1,-1
46,320,341.38,356.91,24.88,57.08,1,-1,-1,-1
46,319,902.23,304.27,25.26,52.78,1,-1,-1,-1
46,317,443.92,365.17,29.75,72.65,1,-1,-1,-1
46,315,463.28,364.81,24.67,56.63,1,-1,-1,-1
47,337,71.07,396.11,28.24,57.10,1,-1,-1,-1
47,336,1216.77,305.89,18.23,47.50,1,-1,-1,-1
47,335,422.56,338.79,28.72,68.91,1,-1,-1,-1
47,334,1038.79,301.70,16.45,47.00,1,-1,-1,-1
47,333,933.87,296.18,21.31,52.06,1,-1,-1,-1
47,332,1163.60,300.93,18.05,44.82,1,-1,-1,-1
47,327,1110.30,306.51,21.01,54.86,1,-1,-1,-1
47,325,270.68,372.55,30.91,63.22,1,-1,-1,-1
47,324,1028.57,303.15,13.28,43.08,1,-1,-1,-1
47,323,1068.82,304.04,19.58,50.28,1,-1,-1,-1
47,320,352.16,356.49,27.77,57.44,1,-1,-1,-1
47,319,892.23,304.82,27.07,53.17,1,-1,-1,-1
47,317,455.28,364.49,32.79,72.70,1,-1,-1,-1
47,315,474.60,364.82,26.46,56.40,1,-1,-1,-1
48,337,81.83,395.78,27.55,55.99,1,-1,-1,-1
48,336,1209.41,305.89,17.57,47.70,1,-1,-1,-1
48,335,433.96,337.18,27.55,68.53,1,-1,-1,-1
48,334,1030.75,302.72,17.26,48.35,1,-1,-1,-1
48,333,922.54,296.41,24.13,53.23,1,-1,-1,-1
48,332,1157.84,300.84,17.35,44.65,1,-1,-1,-1
48,327,1102.76,306.82,20.39,55.16,1,-1,-1,-1
48,325,277.10,371.74,29.39,63.10,1,-1,-1,-1
48,324,1021.53,303.11,13.09,42.89,1,-1,-1,-1
48,323,1061.13,304.49,20.15,50.44,1,-1,-1,-1
48,320,359.44,354.55,26.93,57.36,1,-1,-1,-1
48,319,882.07,303.71,25.15,53.16,1,-1,-1,-1
48,317,463.00,363.25,33.26,72.59,1,-1,-1,-1
48,315,481.42,364.93,26.72,56.15,1,-1,-1,-1
49,337,90.68,395.57,30.42,56.28,1,-1,-1,-1
49,336,1204.44,305.80,17.09,47.88,1,-1,-1,-1
49,335,441.52,336.19,30.79,69.26,1,-1,-1,-1
49,334,1022.03,302.83,17.17,48.99,1,-1,-1,-1
49,333,915.42,296.39,26.17,53.84,1,-1,-1,-1
49,332,1152.37,300.96,17.41,44.64,1,-1,-1,-1
49,327,1095.07,306.69,21.92,55.71,1,-1,-1,-1
49,325,287.81,371.32,27.24,62.88,1,-1,-1,-1
49,324,1013.68,302.54,12.59,42.70,1,-1,-1,-1
49,323,1054.25,304.84,20.24,50.50,1,-1,-1,-1
49,320,368.44,352.49,26.46,57.32,1,-1,-1,-1
49,319,871.52,303.96,23.82,55.07,1,-1,-1,-1
49,317,475.36,362.56,29.45,72.14,1,-1,-1,-1
49,315,492.80,363.77,24.94,55.78,1,-1,-1,-1
50,337,96.01,395.53,30.78,55.90,1,-1,-1,-1
50,336,1199.76,306.36,16.87,48.08,1,-1,-1,-1
50,335,449.32,336.36,30.22,69.03,1,-1,-1,-1
50,334,1011.79,302.73,17.10,49.45,1,-1,-1,-1
50,333,906.09,296.53,24.86,53.75,1,-1,-1,-1
50,332,1148.01,301.00,17.45,44.62,1,-1,-1,-1
50,327,1088.29,306.60,22.39,55.97,1,-1,-1,-1
50,325,300.08,370.52,30.09,63.25,1,-1,-1,-1
50,324,1006.42,302.63,11.72,42.44,1,-1,-1,-1
50,323,1047.51,304.96,19.88,50.50,1,-1,-1,-1
50,320,378.36,351.24,27.34,57.42,1,-1,-1,-1
50,319,862.39,303.06,24.83,57.29,1,-1,-1,-1
50,317,488.61,361.98,31.47,72.25,1,-1,-1,-1
50,315,504.86,361.66,26.89,55.85,1,-1,-1,-1
51,337,108.14,394.41,31.42,55.70,1,-1,-1,-1
51,336,1194.14,306.74,16.71,48.23,1,-1,-1,-1
51,335,459.24,336.10,27.27,68.31,1,-1,-1,-1
51,334,1004.43,303.05,17.04,49.77,1,-1,-1,-1
51,333,898.85,296.74,24.93,53.85,1,-1,-1,-1
51,332,1142.01,301.25,17.47,44.59,1,-1,-1,-1
51,327,1081.71,307.06,21.27,55.97,1,-1,-1,-1
51,325,304.91,369.30,32.19,63.46,1,-1,-1,-1
51,324,1000.98,302.47,11.08,42.24,1,-1,-1,-1
51,323,1040.31,304.98,19.95,50.53,1,-1,-1,-1
51,320,387.36,350.23,25.62,57.24,1,-1,-1,-1
51,319,850.70,301.58,22.35,58.08,1,-1,-1,-1
51,317,498.43,358.28,28.88,69.71,1,-1,-1,-1
51,315,516.11,360.82,25.15,55.57,1,-1,-1,-1
52,337,119.04,394.31,34.04,55.96,1,-1,-1,-1
52,336,1187.88,307.10,16.58,48.34,1,-1,-1,-1
52,335,468.93,335.49,29.47,68.69,1,-1,-1,-1
52,334,996.28,302.27,16.98,50.00,1,-1,-1,-1
52,333,888.42,296.80,24.83,53.88,1,-1,-1,-1
52,332,1136.39,302.43,17.49,44.57,1,-1,-1,-1
52,327,1074.81,306.61,21.41,58.52,1,-1,-1,-1
52,325,313.73,368.33,29.96,63.26,1,-1,-1,-1
52,324,992.22,302.43,10.60,42.09,1,-1,-1,-1
52,323,1031.29,304.42,19.99,50.54,1,-1,-1,-1
52,320,397.68,348.92,26.13,57.31,1,-1,-1,-1
52,319,840.81,300.97,23.80,59.57,1,-1,-1,-1
52,317,508.59,359.12,26.38,69.57,1,-1,-1,-1
52,315,524.20,359.55,22.48,55.16,1,-1,-1,-1
53,337,124.90,393.40,33.29,56.68,1,-1,-1,-1
53,336,1182.36,307.86,17.58,48.74,1,-1,-1,-1
53,335,475.28,334.69,31.77,68.98,1,-1,-1,-1
53,334,985.37,302.68,20.25,50.84,1,-1,-1,-1
53,333,879.94,299.02,24.75,53.89,1,-1,-1,-1
53,332,1132.58,301.72,18.28,44.66,1,-1,-1,-1
53,327,1068.66,308.13,21.48,60.44,1,-1,-1,-1
53,325,324.94,367.43,29.70,63.24,1,-1,-1,-1
53,323,1024.46,306.08,20.95,50.63,1,-1,-1,-1
53,320,405.84,347.72,25.15,57.21,1,-1,-1,-1
53,319,831.52,300.79,24.86,60.57,1,-1,-1,-1
53,317,522.29,359.20,29.00,70.11,1,-1,-1,-1
53,315,535.87,359.01,23.21,55.22,1,-1,-1,-1
54,337,134.63,390.82,31.30,56.87,1,-1,-1,-1
54,336,1175.74,309.18,18.35,50.08,1,-1,-1,-1
54,335,482.76,333.61,29.61,67.62,1,-1,-1,-1
54,334,977.56,302.50,20.19,50.88,1,-1,-1,-1
54,333,872.13,299.99,26.05,54.04,1,-1,-1,-1
54,332,1126.69,301.70,18.26,44.63,1,-1,-1,-1
54,327,1060.03,307.49,20.93,61.71,1,-1,-1,-1
54,325,332.46,366.96,33.28,63.55,1,-1,-1,-1
54,323,1016.51,306.70,21.31,50.65,1,-1,-1,-1
54,320,414.14,345.08,23.76,57.05,1,-1,-1,-1
54,319,821.16,300.52,22.81,60.87,1,-1,-1,-1
54,317,530.16,358.65,33.10,70.66,1,-1,-1,-1
55,337,142.00,389.97,31.40,57.45,1,-1,-1,-1
55,336,1170.09,309.36,18.09,50.70,1,-1,-1,-1
55,335,492.06,333.24,26.94,66.45,1,-1,-1,-1
55,334,967.82,302.37,20.68,50.97,1,-1,-1,-1
55,333,863.83,301.18,24.00,53.78,1,-1,-1,-1
55,332,1121.26,303.98,18.25,44.60,1,-1,-1,-1
55,327,1052.38,306.70,22.74,63.25,1,-1,-1,-1
55,325,340.90,365.92,31.87,63.43,1,-1,-1,-1
55,323,1008.46,307.62,20.90,50.60,1,-1,-1,-1
55,320,425.37,342.92,26.48,57.37,1,-1,-1,-1
55,319,810.13,301.77,23.86,61.48,1,-1,-1,-1
55,317,539.84,357.98,30.62,70.50,1,-1,-1,-1
56,340,193.17,359.95,34.44,72.04,1,-1,-1,-1
56,339,1254.83,306.63,11.95,34.10,1,-1,-1,-1
56,338,1072.85,302.31,13.56,35.64,1,-1,-1,-1
56,337,148.75,389.78,32.31,58.04,1,-1,-1,-1
56,336,1165.25,307.43,17.85,48.35,1,-1,-1,-1
56,335,500.06,333.16,29.80,65.97,1,-1,-1,-1
56,334,960.26,302.04,20.94,51.00,1,-1,-1,-1
56,333,853.44,302.08,24.40,53.81,1,-1,-1,-1
56,332,1116.52,304.88,17.59,44.49,1,-1,-1,-1
56,327,1046.74,306.44,24.07,64.23,1,-1,-1,-1
56,325,351.92,364.53,29.72,63.24,1,-1,-1,-1
56,323,1000.42,308.22,21.09,50.61,1,-1,-1,-1
56,320,433.76,342.49,26.77,57.41,1,-1,-1,-1
56,319,801.30,302.70,24.27,61.85,1,-1,-1,-1
56,317,553.48,357.44,30.43,70.55,1,-1,-1,-1
57,340,204.42,361.05,31.45,69.70,1,-1,-1,-1
57,339,1253.22,307.59,12.03,33.24,1,-1,-1,-1
57,338,1068.80,302.68,12.86,35.93,1,-1,-1,-1
57,337,157.57,389.99,29.55,57.77,1,-1,-1,-1
57,336,1160.13,306.36,17.71,44.81,1,-1,-1,-1
57,335,507.23,333.06,30.07,65.47,1,-1,-1,-1
57,334,951.00,302.24,20.13,50.88,1,-1,-1,-1
57,333,845.73,303.22,24.71,53.82,1,-1,-1,-1
57,332,1110.95,304.39,17.10,44.41,1,-1,-1,-1
57,327,1037.27,306.34,22.78,64.56,1,-1,-1,-1
57,325,360.55,364.18,32.40,63.46,1,-1,-1,-1
57,323,993.37,308.45,20.61,50.55,1,-1,-1,-1
57,320,442.99,342.50,24.68,57.20,1,-1,-1,-1
57,319,790.62,303.33,23.04,61.96,1,-1,-1,-1
57,317,561.71,357.10,33.98,70.92,1,-1,-1,-1
58,340,219.76,360.72,31.93,70.32,1,-1,-1,-1
58,339,1246.01,309.88,14.94,41.51,1,-1,-1,-1
58,338,1060.99,300.84,16.07,40.51,1,-1,-1,-1
58,337,169.20,389.57,30.34,58.16,1,-1,-1,-1
58,336,1153.82,309.01,17.54,44.57,1,-1,-1,-1
58,335,519.26,333.33,26.89,64.73,1,-1,-1,-1
58,334,942.10,303.56,22.04,51.07,1,-1,-1,-1
58,333,835.37,303.94,24.01,53.72,1,-1,-1,-1
58,332,1105.85,304.93,18.24,44.53,1,-1,-1,-1
58,327,1029.21,306.22,21.70,64.80,1,-1,-1,-1
58,325,366.82,364.14,32.23,63.44,1,-1,-1,-1
58,323,985.74,308.53,20.01,50.49,1,-1,-1,-1
58,320,451.58,341.03,26.77,57.42,1,-1,-1,-1
58,319,781.65,305.33,24.55,62.28,1,-1,-1,-1
58,317,572.02,355.48,32.26,70.80,1,-1,-1,-1
59,340,229.48,361.69,31.47,70.11,1,-1,-1,-1
59,339,1243.61,310.10,16.30,45.48,1,-1,-1,-1
59,338,1054.74,300.40,17.91,42.24,1,-1,-1,-1
59,337,175.95,389.46,29.92,58.25,1,-1,-1,-1
59,336,1147.90,311.35,18.36,45.90,1,-1,-1,-1
59,335,530.19,332.77,29.90,64.76,1,-1,-1,-1
59,334,933.48,304.71,20.98,50.92,1,-1,-1,-1
59,333,825.57,304.12,25.15,53.81,1,-1,-1,-1
59,332,1101.89,305.44,18.10,44.50,1,-1,-1,-1
59,327,1022.00,303.89,20.94,61.44,1,-1,-1,-1
59,325,376.37,361.50,30.04,63.25,1,-1,-1,-1
59,323,978.82,308.50,20.95,50.55,1,-1,-1,-1
59,320,458.23,340.52,28.06,57.54,1,-1,-1,-1
59,319,770.68,305.23,24.83,62.42,1,-1,-1,-1
59,317,584.18,353.82,31.27,70.74,1,-1,-1,-1
60,340,243.47,359.76,27.81,66.81,1,-1,-1,-1
60,339,1236.80,310.33,17.03,47.64,1,-1,-1,-1
60,338,1049.22,301.27,17.40,41.92,1,-1,-1,-1
60,337,184.27,389.18,28.46,58.12,1,-1,-1,-1
60,336,1142.87,312.26,19.11,46.85,1,-1,-1,-1
60,335,536.44,332.34,31.81,64.71,1,-1,-1,-1
60,334,924.49,305.69,20.57,50.84,1,-1,-1,-1
60,333,817.95,305.25,25.99,53.85,1,-1,-1,-1
60,332,1095.63,305.39,17.15,44.36,1,-1,-1,-1
60,327,1015.10,306.90,20.34,62.32,1,-1,-1,-1
60,325,388.53,360.41,32.59,63.44,1,-1,-1,-1
60,323,970.58,309.03,21.24,50.55,1,-1,-1,-1
60,320,467.56,339.40,25.72,57.33,1,-1,-1,-1
60,319,760.75,306.78,25.20,62.53,1,-1,-1,-1
60,317,593.17,352.80,34.67,71.04,1,-1,-1,-1
61,340,255.77,357.99,30.85,67.77,1,-1,-1,-1
61,339,1230.76,310.33,16.88,48.49,1,-1,-1,-1
61,338,1042.45,301.76,17.07,41.77,1,-1,-1,-1
61,337,194.75,389.12,27.39,58.04,1,-1,-1,-1
61,336,1136.64,312.72,18.93,47.34,1,-1,-1,-1
61,335,545.95,332.43,29.04,64.26,1,-1,-1,-1
61,334,915.88,305.45,19.90,50.73,1,-1,-1,-1
61,333,809.38,305.42,23.60,53.59,1,-1,-1,-1
61,332,1089.78,307.01,17.10,44.34,1,-1,-1,-1
61,327,1005.71,307.66,21.77,63.38,1,-1,-1,-1
61,325,393.98,360.01,34.82,63.58,1,-1,-1,-1
61,323,962.38,310.08,20.66,50.49,1,-1,-1,-1
61,320,477.04,337.83,27.37,57.49,1,-1,-1,-1
61,319,751.42,307.32,25.47,62.60,1,-1,-1,-1
61,317,603.01,352.55,33.46,70.96,1,-1,-1,-1
62,341,1017.91,308.62,16.77,46.90,1,-1,-1,-1
62,340,264.82,357.46,31.38,67.41,1,-1,-1,-1
62,339,1223.28,310.02,19.09,50.44,1,-1,-1,-1
62,338,1036.55,303.63,15.86,41.10,1,-1,-1,-1
62,337,203.31,388.42,29.15,58.01,1,-1,-1,-1
62,336,1131.27,313.32,18.80,47.71,1,-1,-1,-1
62,335,556.51,331.70,28.16,64.03,1,-1,-1,-1
62,334,906.68,305.97,18.36,50.52,1,-1,-1,-1
62,333,798.18,306.08,25.22,55.03,1,-1,-1,-1
62,332,1085.07,307.60,17.07,44.33,1,-1,-1,-1
62,327,996.04,307.90,25.21,64.40,1,-1,-1,-1
62,325,398.87,357.46,35.08,63.58,1,-1,-1,-1
62,323,954.02,311.01,20.31,50.45,1,-1,-1,-1
62,320,483.71,337.00,28.17,57.55,1,-1,-1,-1
62,319,741.01,308.68,22.87,62.45,1,-1,-1,-1
62,317,614.13,349.20,34.61,66.18,1,-1,-1,-1
63,341,1009.74,308.76,19.12,49.69,1,-1,-1,-1
63,340,278.81,356.78,30.50,66.62,1,-1,-1,-1
63,339,1219.75,310.50,19.85,51.02,1,-1,-1,-1
63,338,1031.22,303.23,15.03,40.74,1,-1,-1,-1
63,337,211.31,387.43,29.24,57.84,1,-1,-1,-1
63,336,1124.30,314.28,18.70,47.97,1,-1,-1,-1
63,335,563.65,331.05,30.76,64.19,1,-1,-1,-1
63,334,896.50,306.01,20.35,50.71,1,-1,-1,-1
63,333,790.17,306.30,24.02,55.57,1,-1,-1,-1
63,332,1079.14,307.26,17.04,44.31,1,-1,-1,-1
63,327,988.35,307.99,25.24,64.74,1,-1,-1,-1
63,325,412.54,356.30,34.02,63.50,1,-1,-1,-1
63,323,945.63,311.39,19.11,50.34,1,-1,-1,-1
63,320,493.96,336.81,26.94,57.45,1,-1,-1,-1
63,319,731.23,309.37,23.59,63.36,1,-1,-1,-1
63,317,621.81,347.89,32.76,63.48,1,-1,-1,-1
64,342,905.06,298.45,15.23,53.49,1,-1,-1,-1
64,341,1001.56,308.74,18.70,49.28,1,-1,-1,-1
64,340,290.56,355.96,34.03,67.53,1,-1,-1,-1
64,339,1214.90,310.63,19.12,50.82,1,-1,-1,-1
64,338,1024.24,303.27,16.82,41.86,1,-1,-1,-1
64,337,220.65,386.09,29.11,57.68,1,-1,-1,-1
64,336,1117.98,314.82,18.63,48.50,1,-1,-1,-1
64,335,569.07,329.89,30.43,64.07,1,-1,-1,-1
64,334,887.44,307.83,18.53,50.49,1,-1,-1,-1
64,333,780.76,306.41,23.52,56.08,1,-1,-1,-1
64,332,1071.23,307.60,19.50,45.01,1,-1,-1,-1
64,327,980.71,308.25,23.44,64.80,1,-1,-1,-1
64,325,421.66,355.07,34.37,63.51,1,-1,-1,-1
64,323,937.95,312.50,20.08,50.41,1,-1,-1,-1
64,320,501.35,334.86,27.66,57.52,1,-1,-1,-1
64,319,723.58,309.97,25.63,64.19,1,-1,-1,-1
64,317,629.80,348.95,31.34,63.20,1,-1,-1,-1
65,342,896.49,300.43,14.76,52.72,1,-1,-1,-1
65,341,995.32,309.15,17.42,48.26,1,-1,-1,-1
65,340,302.63,354.53,30.07,65.97,1,-1,-1,-1
65,339,1209.31,311.16,19.25,50.93,1,-1,-1,-1
65,338,1018.00,302.90,18.08,42.42,1,-1,-1,-1
65,337,227.69,385.56,30.30,57.72,1,-1,-1,-1
65,336,1109.77,316.08,22.01,50.93,1,-1,-1,-1
65,335,578.24,327.81,28.08,63.76,1,-1,-1,-1
65,334,877.37,308.40,19.79,50.59,1,-1,-1,-1
65,333,771.88,307.01,26.23,56.88,1,-1,-1,-1
65,332,1066.53,307.66,20.87,45.38,1,-1,-1,-1
65,327,969.97,308.16,25.29,65.16,1,-1,-1,-1
65,325,432.00,353.60,30.44,63.23,1,-1,-1,-1
65,323,930.12,312.86,21.56,50.50,1,-1,-1,-1
65,320,510.34,333.64,26.40,57.41,1,-1,-1,-1
65,319,713.98,311.04,25.23,64.53,1,-1,-1,-1
65,317,644.22,349.32,28.66,63.89,1,-1,-1,-1
66,346,1012.95,240.15,13.50,31.61,1,-1,-1,-1
66,345,1236.42,255.11,16.84,33.03,1,-1,-1,-1
66,344,1113.82,245.42,15.17,28.50,1,-1,-1,-1
66,343,1028.06,236.47,15.18,33.46,1,-1,-1,-1
66,342,889.34,301.06,14.51,52.39,1,-1,-1,-1
66,341,987.58,309.37,16.59,47.71,1,-1,-1,-1
66,340,317.61,353.80,32.39,66.54,1,-1,-1,-1
66,339,1204.98,311.90,19.37,51.88,1,-1,-1,-1
66,338,1010.55,302.23,18.16,44.51,1,-1,-1,-1
66,337,235.52,384.04,30.59,57.67,1,-1,-1,-1
66,336,1104.33,316.76,23.09,52.05,1,-1,-1,-1
66,335,587.58,325.26,29.21,63.82,1,-1,-1,-1
66,334,870.21,309.98,20.08,50.59,1,-1,-1,-1
66,333,761.76,308.28,25.62,57.10,1,-1,-1,-1
66,332,1061.99,307.71,19.95,45.42,1,-1,-1,-1
66,327,962.15,308.46,25.23,65.27,1,-1,-1,-1
66,325,442.68,352.43,28.87,63.10,1,-1,-1,-1
66,323,921.25,313.04,20.11,50.38,1,-1,-1,-1
66,320,519.07,331.87,25.47,57.33,1,-1,-1,-1
66,319,703.62,311.28,26.28,64.92,1,-1,-1,-1
66,317,654.72,348.82,32.08,65.52,1,-1,-1,-1
67,348,1002.92,241.29,13.61,28.72,1,-1,-1,-1
67,346,1014.35,238.80,14.34,33.46,1,-1,-1,-1
67,345,1238.70,255.51,16.19,33.36,1,-1,-1,-1
67,344,1118.63,244.87,16.48,31.43,1,-1,-1,-1
67,343,1030.53,238.41,14.89,34.30,1,-1,-1,-1
67,342,882.79,300.54,16.51,54.42,1,-1,-1,-1
67,341,979.98,309.85,16.02,47.41,1,-1,-1,-1
67,340,327.12,353.82,31.88,66.26,1,-1,-1,-1
67,339,1200.39,312.13,18.75,52.28,1,-1,-1,-1
67,338,1004.59,301.24,18.18,46.07,1,-1,-1,-1
67,337,244.34,381.59,29.52,56.29,1,-1,-1,-1
67,336,1096.38,317.32,21.74,52.45,1,-1,-1,-1
67,335,591.85,322.17,30.08,65.16,1,-1,-1,-1
67,334,859.27,309.52,20.29,50.58,1,-1,-1,-1
67,333,749.17,308.68,25.16,57.26,1,-1,-1,-1
67,332,1056.25,307.72,18.86,45.42,1,-1,-1,-1
67,327,954.05,308.24,24.22,65.27,1,-1,-1,-1
67,325,451.51,351.57,31.60,63.30,1,-1,-1,-1
67,323,911.64,313.40,20.41,50.39,1,-1,-1,-1
67,320,526.70,330.79,28.17,57.57,1,-1,-1,-1
67,319,695.02,311.95,27.32,65.19,1,-1,-1,-1
67,317,662.44,347.82,34.19,66.49,1,-1,-1,-1
68,348,1003.39,237.43,14.91,32.53,1,-1,-1,-1
68,347,1259.46,293.31,16.47,49.34,1,-1,-1,-1
68,346,1016.32,238.30,14.77,36.42,1,-1,-1,-1
68,345,1241.17,252.78,17.48,33.91,1,-1,-1,-1
68,344,1119.64,243.76,18.18,31.87,1,-1,-1,-1
68,343,1033.77,237.97,14.66,33.66,1,-1,-1,-1
68,342,874.39,300.86,16.45,54.97,1,-1,-1,-1
68,341,973.90,309.74,17.39,48.31,1,-1,-1,-1
68,340,341.37,351.85,28.97,65.36,1,-1,-1,-1
68,339,1193.22,311.70,19.33,52.93,1,-1,-1,-1
68,338,998.56,300.86,17.87,47.08,1,-1,-1,-1
68,337,252.80,382.26,30.93,56.98,1,-1,-1,-1
68,336,1089.33,317.60,21.09,52.85,1,-1,-1,-1
68,335,600.09,321.95,29.25,66.57,1,-1,-1,-1
68,334,850.29,309.96,21.77,50.67,1,-1,-1,-1
68,333,741.43,310.98,26.61,57.54,1,-1,-1,-1
68,332,1050.73,308.17,18.82,45.85,1,-1,-1,-1
68,327,942.39,308.79,27.69,66.87,1,-1,-1,-1
68,325,458.44,350.98,32.28,63.34,1,-1,-1,-1
68,323,903.51,314.22,20.33,50.37,1,-1,-1,-1
68,320,535.10,329.79,28.14,57.56,1,-1,-1,-1
68,317,676.26,347.59,31.22,66.63,1,-1,-1,-1
69,349,1176.66,306.82,24.14,54.26,1,-1,-1,-1
69,348,1007.66,239.38,13.94,32.46,1,-1,-1,-1
69,347,1254.67,292.83,16.57,50.49,1,-1,-1,-1
69,346,1018.53,237.55,14.52,37.74,1,-1,-1,-1
69,345,1243.86,257.27,17.77,34.20,1,-1,-1,-1
69,344,1123.11,244.11,17.95,32.37,1,-1,-1,-1
69,343,1036.03,236.40,14.90,33.11,1,-1,-1,-1
69,342,865.40,300.05,18.57,56.94,1,-1,-1,-1
69,341,966.48,311.20,18.78,48.89,1,-1,-1,-1
69,340,352.66,350.49,33.02,66.34,1,-1,-1,-1
69,339,1188.43,312.28,20.26,53.47,1,-1,-1,-1
69,338,991.59,300.74,17.63,47.85,1,-1,-1,-1
69,337,260.00,382.88,30.80,57.29,1,-1,-1,-1
69,336,1082.03,317.58,20.61,53.15,1,-1,-1,-1
69,335,610.71,321.30,27.57,67.43,1,-1,-1,-1
69,334,841.45,310.21,19.88,50.48,1,-1,-1,-1
69,333,731.23,312.16,24.06,57.41,1,-1,-1,-1
69,332,1044.77,308.43,18.80,46.69,1,-1,-1,-1
69,327,935.65,308.92,28.33,67.61,1,-1,-1,-1
69,325,468.22,350.00,29.57,63.14,1,-1,-1,-1
69,323,894.82,315.21,20.21,50.96,1,-1,-1,-1
69,320,544.40,328.61,26.73,57.45,1,-1,-1,-1
69,317,687.14,346.10,33.48,67.28,1,-1,-1,-1
70,349,1171.61,307.91,20.15,51.03,1,-1,-1,-1
70,348,1009.39,237.79,14.01,32.47,1,-1,-1,-1
70,347,1248.17,291.46,18.36,52.39,1,-1,-1,-1
70,346,1022.94,237.38,13.35,35.29,1,-1,-1,-1
70,345,1250.61,257.47,18.11,34.66,1,-1,-1,-1
70,344,1128.55,243.38,15.48,30.91,1,-1,-1,-1
70,343,1039.43,236.21,15.70,32.76,1,-1,-1,-1
70,342,859.12,301.49,19.90,56.43,1,-1,-1,-1
70,341,956.61,312.28,19.73,49.10,1,-1,-1,-1
70,340,364.90,349.52,29.81,64.77,1,-1,-1,-1
70,339,1184.69,312.63,19.09,53.34,1,-1,-1,-1
70,338,984.90,300.27,18.95,48.97,1,-1,-1,-1
70,337,269.11,383.52,28.22,57.20,1,-1,-1,-1
70,336,1075.24,317.53,19.45,53.26,1,-1,-1,-1
70,335,618.48,318.57,30.49,68.97,1,-1,-1,-1
70,334,833.11,310.51,20.88,51.47,1,-1,-1,-1
70,333,720.82,312.96,25.90,57.65,1,-1,-1,-1
70,332,1037.80,308.33,18.95,47.36,1,-1,-1,-1
70,327,927.47,308.72,25.65,67.79,1,-1,-1,-1
70,325,479.74,349.61,30.60,63.21,1,-1,-1,-1
70,323,887.16,315.32,22.21,51.66,1,-1,-1,-1
70,320,551.55,327.37,26.69,57.45,1,-1,-1,-1
70,317,695.49,344.13,34.67,67.66,1,-1,-1,-1
71,349,1162.25,307.82,21.77,52.87,1,-1,-1,-1
71,348,1015.52,238.38,14.31,32.69,1,-1,-1,-1
71,347,1243.02,290.73,19.68,53.26,1,-1,-1,-1
71,346,1027.16,238.50,13.83,34.72,1,-1,-1,-1
71,345,1252.66,257.52,17.85,33.34,1,-1,-1,-1
71,344,1130.14,244.34,15.88,30.78,1,-1,-1,-1
71,343,1043.07,237.31,15.45,32.96,1,-1,-1,-1
71,342,852.72,303.39,17.78,54.72,1,-1,-1,-1
71,341,951.68,312.94,20.09,49.05,1,-1,-1,-1
71,340,378.96,348.02,31.34,64.16,1,-1,-1,-1
71,339,1179.21,312.08,18.66,53.36,1,-1,-1,-1
71,338,979.92,300.13,18.59,49.29,1,-1,-1,-1
71,337,280.50,380.33,28.95,57.50,1,-1,-1,-1
71,336,1065.61,317.21,22.51,53.84,1,-1,-1,-1
71,335,623.54,317.58,30.00,69.56,1,-1,-1,-1
71,334,825.60,311.40,20.16,51.91,1,-1,-1,-1
71,332,1032.34,308.00,21.43,48.16,1,-1,-1,-1
71,327,918.27,309.51,25.65,68.17,1,-1,-1,-1
71,325,487.44,348.62,30.67,63.21,1,-1,-1,-1
71,323,878.60,315.12,21.93,51.93,1,-1,-1,-1
71,320,559.10,326.43,25.04,57.31,1,-1,-1,-1
71,319,649.36,316.83,27.36,62.57,1,-1,-1,-1
71,317,705.99,342.34,31.52,67.58,1,-1,-1,-1
72,349,1152.87,304.00,24.44,57.24,1,-1,-1,-1
72,348,1017.92,239.69,16.33,35.49,1,-1,-1,-1
72,347,1234.73,289.22,18.90,51.80,1,-1,-1,-1
72,346,1029.33,236.24,15.47,36.90,1,-1,-1,-1
72,345,1254.31,257.20,18.34,34.04,1,-1,-1,-1
72,344,1134.18,243.35,15.00,31.11,1,-1,-1,-1
72,343,1046.56,235.54,16.10,34.40,1,-1,-1,-1
72,342,843.62,300.69,20.08,58.12,1,-1,-1,-1
72,341,942.81,311.76,21.81,49.97,1,-1,-1,-1
72,340,388.89,346.07,32.22,63.22,1,-1,-1,-1
72,339,1171.05,311.57,22.34,55.85,1,-1,-1,-1
72,338,970.89,297.19,20.56,52.63,1,-1,-1,-1
72,337,288.06,377.50,29.22,58.64,1,-1,-1,-1
72,336,1055.86,314.15,25.22,56.83,1,-1,-1,-1
72,335,632.66,317.22,26.85,69.59,1,-1,-1,-1
72,334,813.48,311.80,22.07,53.71,1,-1,-1,-1
72,332,1024.99,305.66,22.80,51.91,1,-1,-1,-1
72,327,911.18,312.72,26.22,66.70,1,-1,-1,-1
72,325,492.82,346.46,29.60,63.41,1,-1,-1,-1
72,323,868.10,315.82,23.76,53.57,1,-1,-1,-1
72,320,568.67,325.91,26.49,56.77,1,-1,-1,-1
72,319,643.05,315.36,25.14,63.78,1,-1,-1,-1
72,317,716.41,342.56,33.72,69.07,1,-1,-1,-1
73,349,1143.99,301.89,25.89,59.82,1,-1,-1,-1
73,348,1020.06,241.15,18.13,36.12,1,-1,-1,-1
73,347,1227.00,288.55,21.91,56.05,1,-1,-1,-1
73,346,1033.46,238.03,15.00,35.31,1,-1,-1,-1
73,345,1258.30,255.99,17.50,33.35,1,-1,-1,-1
73,344,1138.23,246.34,13.95,30.82,1,-1,-1,-1
73,343,1049.80,235.26,15.58,33.49,1,-1,-1,-1
73,342,835.05,300.85,21.33,62.38,1,-1,-1,-1
73,341,935.13,309.97,22.17,50.98,1,-1,-1,-1
73,340,399.83,342.84,33.82,64.91,1,-1,-1,-1
73,339,1165.26,309.64,23.02,55.96,1,-1,-1,-1
73,338,966.24,298.04,22.05,54.15,1,-1,-1,-1
73,337,297.15,377.08,30.60,63.76,1,-1,-1,-1
73,336,1049.71,312.37,24.56,58.24,1,-1,-1,-1
73,335,642.61,316.88,27.80,69.96,1,-1,-1,-1
73,334,804.80,311.66,23.20,54.94,1,-1,-1,-1
73,332,1018.07,306.71,23.15,52.99,1,-1,-1,-1
73,327,901.62,313.76,28.17,69.03,1,-1,-1,-1
73,325,502.90,344.97,29.86,63.15,1,-1,-1,-1
73,323,859.01,317.90,24.68,53.48,1,-1,-1,-1
73,320,574.42,325.21,27.64,56.47,1,-1,-1,-1
73,319,627.23,316.05,24.31,65.97,1,-1,-1,-1
73,317,724.20,342.73,34.71,69.15,1,-1,-1,-1
74,349,1143.06,303.97,25.37,55.17,1,-1,-1,-1
74,348,1023.79,243.38,18.46,34.04,1,-1,-1,-1
74,347,1222.88,287.11,22.88,56.98,1,-1,-1,-1
74,346,1036.76,236.04,15.54,34.23,1,-1,-1,-1
74,345,1264.19,253.30,15.77,33.82,1,-1,-1,-1
74,344,1143.18,245.58,14.74,32.05,1,-1,-1,-1
74,343,1053.38,235.02,16.37,33.88,1,-1,-1,-1
74,342,825.30,299.38,21.10,63.03,1,-1,-1,-1
74,341,929.17,311.05,24.97,53.88,1,-1,-1,-1
74,340,408.11,340.16,36.91,66.90,1,-1,-1,-1
74,339,1158.96,305.38,23.53,51.42,1,-1,-1,-1
74,338,960.84,298.53,22.75,56.28,1,-1,-1,-1
74,337,299.97,373.81,32.19,65.68,1,-1,-1,-1
74,336,1041.25,313.44,24.47,58.74,1,-1,-1,-1
74,335,649.85,316.16,28.78,69.51,1,-1,-1,-1
74,334,792.75,310.46,22.77,58.40,1,-1,-1,-1
74,333,673.22,315.09,28.96,64.20,1,-1,-1,-1
74,332,1010.63,306.57,24.39,54.04,1,-1,-1,-1
74,327,892.36,314.74,29.09,68.33,1,-1,-1,-1
74,325,511.06,345.45,32.78,63.07,1,-1,-1,-1
74,323,848.78,314.81,25.25,56.74,1,-1,-1,-1
74,320,580.74,320.15,28.01,56.29,1,-1,-1,-1
74,319,617.28,318.53,24.73,68.01,1,-1,-1,-1
74,317,734.23,339.12,36.54,71.78,1,-1,-1,-1
75,352,727.38,334.89,29.70,60.26,1,-1,-1,-1
75,351,501.23,322.15,27.77,67.03,1,-1,-1,-1
75,349,1133.22,301.35,25.15,55.22,1,-1,-1,-1
75,348,1026.60,243.63,16.02,31.69,1,-1,-1,-1
75,347,1214.12,288.76,23.97,57.26,1,-1,-1,-1
75,346,1041.14,238.12,14.13,31.75,1,-1,-1,-1
75,344,1145.10,245.54,15.86,32.57,1,-1,-1,-1
75,343,1055.28,235.22,15.02,33.18,1,-1,-1,-1
75,342,817.44,301.53,22.74,64.15,1,-1,-1,-1
75,341,923.43,310.80,25.49,56.50,1,-1,-1,-1
75,340,416.27,338.85,35.87,65.27,1,-1,-1,-1
75,339,1153.72,311.19,24.66,52.76,1,-1,-1,-1
75,338,952.11,298.95,23.74,55.80,1,-1,-1,-1
75,337,309.34,373.25,33.43,65.19,1,-1,-1,-1
75,336,1034.01,312.50,25.36,57.53,1,-1,-1,-1
75,335,656.74,315.55,28.91,71.51,1,-1,-1,-1
75,334,784.76,308.29,23.40,58.93,1,-1,-1,-1
75,332,1004.40,306.96,24.86,52.95,1,-1,-1,-1
75,327,885.27,316.52,30.32,67.75,1,-1,-1,-1
75,325,518.88,341.49,33.69,67.72,1,-1,-1,-1
75,323,839.24,317.02,27.19,59.20,1,-1,-1,-1
75,320,587.63,319.82,28.85,61.42,1,-1,-1,-1
75,319,608.01,320.00,27.52,66.30,1,-1,-1,-1
75,317,746.71,337.93,34.13,71.55,1,-1,-1,-1
76,353,1044.93,299.42,21.77,57.13,1,-1,-1,-1
76,352,732.03,332.76,28.83,61.39,1,-1,-1,-1
76,351,507.95,323.80,29.02,69.32,1,-1,-1,-1
76,349,1129.05,302.33,23.93,55.90,1,-1,-1,-1
76,348,1029.57,242.10,17.36,31.90,1,-1,-1,-1
76,347,1208.45,290.46,25.39,56.25,1,-1,-1,-1
76,346,1045.24,239.68,13.58,30.80,1,-1,-1,-1
76,344,1147.26,245.41,15.99,32.27,1,-1,-1,-1
76,343,1058.02,235.01,14.81,32.45,1,-1,-1,-1
76,342,811.46,301.09,22.95,63.82,1,-1,-1,-1
76,341,913.98,311.48,24.94,55.86,1,-1,-1,-1
76,340,430.28,338.05,33.91,66.27,1,-1,-1,-1
76,339,1145.89,310.83,26.30,55.96,1,-1,-1,-1
76,338,947.98,296.99,25.78,58.51,1,-1,-1,-1
76,337,320.69,372.17,33.72,65.53,1,-1,-1,-1
76,336,1027.68,312.78,24.25,54.93,1,-1,-1,-1
76,335,667.05,312.49,27.73,71.65,1,-1,-1,-1
76,334,775.33,308.32,22.75,58.49,1,-1,-1,-1
76,332,997.18,307.78,24.15,53.34,1,-1,-1,-1
76,327,876.30,317.02,29.81,67.38,1,-1,-1,-1
76,325,526.85,341.51,32.32,67.46,1,-1,-1,-1
76,323,831.14,316.66,26.96,58.43,1,-1,-1,-1
76,319,597.44,321.74,29.34,64.63,1,-1,-1,-1
76,317,753.96,338.40,34.69,71.41,1,-1,-1,-1
77,353,1041.63,297.48,25.54,60.22,1,-1,-1,-1
77,352,743.76,334.80,29.10,59.26,1,-1,-1,-1
77,351,512.64,325.05,32.33,67.14,1,-1,-1,-1
77,349,1123.14,301.90,25.25,58.78,1,-1,-1,-1
77,348,1032.72,239.52,17.89,32.84,1,-1,-1,-1
77,347,1204.34,288.64,25.96,57.40,1,-1,-1,-1
77,346,1048.67,240.73,14.50,31.77,1,-1,-1,-1
77,344,1151.61,243.51,16.92,32.45,1,-1,-1,-1
77,343,1060.61,237.65,16.07,32.59,1,-1,-1,-1
77,342,802.10,300.96,22.09,63.11,1,-1,-1,-1
77,341,908.30,312.71,27.93,57.12,1,-1,-1,-1
77,340,442.31,335.51,32.15,64.19,1,-1,-1,-1
77,339,1138.10,312.61,26.91,57.74,1,-1,-1,-1
77,338,938.83,294.72,25.35,55.33,1,-1,-1,-1
77,337,331.59,371.07,32.64,65.00,1,-1,-1,-1
77,336,1019.90,316.40,24.66,54.58,1,-1,-1,-1
77,335,675.10,313.18,28.87,71.01,1,-1,-1,-1
77,334,765.40,304.03,22.19,49.71,1,-1,-1,-1
77,332,990.83,310.69,25.63,52.77,1,-1,-1,-1
77,327,869.36,314.06,30.40,67.62,1,-1,-1,-1
77,325,535.31,340.31,32.24,66.63,1,-1,-1,-1
77,323,820.91,312.83,28.85,57.61,1,-1,-1,-1
77,319,584.96,321.91,30.77,65.25,1,-1,-1,-1
77,317,763.91,334.25,32.76,71.42,1,-1,-1,-1
78,353,1035.45,298.74,26.08,63.22,1,-1,-1,-1
78,352,750.94,326.43,30.72,64.16,1,-1,-1,-1
78,351,523.04,325.15,29.08,64.72,1,-1,-1,-1
78,349,1113.39,301.51,27.74,59.59,1,-1,-1,-1
78,348,1036.76,240.63,19.37,34.27,1,-1,-1,-1
78,347,1198.56,289.12,25.48,56.84,1,-1,-1,-1
78,346,1051.30,238.94,14.64,33.46,1,-1,-1,-1
78,344,1155.17,243.32,17.89,33.15,1,-1,-1,-1
78,343,1063.71,235.98,16.87,34.93,1,-1,-1,-1
78,341,901.24,313.86,28.66,57.56,1,-1,-1,-1
78,340,452.78,332.20,33.10,66.94,1,-1,-1,-1
78,339,1133.08,313.48,27.59,59.44,1,-1,-1,-1
78,338,930.98,298.16,25.63,55.51,1,-1,-1,-1
78,337,339.82,370.20,32.69,65.31,1,-1,-1,-1
78,336,1011.73,318.08,25.14,54.53,1,-1,-1,-1
78,335,680.45,312.90,29.19,70.59,1,-1,-1,-1
78,333,630.45,313.27,30.83,63.52,1,-1,-1,-1
78,332,984.64,307.92,27.22,54.98,1,-1,-1,-1
78,327,861.11,317.66,30.30,66.72,1,-1,-1,-1
78,325,542.60,340.40,33.15,65.60,1,-1,-1,-1
78,323,813.02,316.97,28.01,56.43,1,-1,-1,-1
78,319,578.50,322.51,30.14,65.41,1,-1,-1,-1
78,317,775.48,330.49,32.12,69.48,1,-1,-1,-1
79,353,1029.75,295.84,25.12,62.05,1,-1,-1,-1
79,352,759.69,329.19,28.60,64.26,1,-1,-1,-1
79,351,529.29,323.58,29.75,64.81,1,-1,-1,-1
79,349,1105.04,298.55,29.98,64.97,1,-1,-1,-1
79,348,1039.39,241.56,19.46,36.65,1,-1,-1,-1
79,347,1190.85,291.10,25.70,55.98,1,-1,-1,-1
79,346,1056.01,239.66,14.11,33.64,1,-1,-1,-1
79,344,1154.96,243.49,18.73,35.23,1,-1,-1,-1
79,343,1067.44,235.79,16.82,36.55,1,-1,-1,-1
79,341,892.94,310.24,32.17,60.50,1,-1,-1,-1
79,340,462.25,332.65,32.73,66.36,1,-1,-1,-1
79,339,1125.81,311.84,26.33,61.88,1,-1,-1,-1
79,338,928.00,299.01,25.22,56.24,1,-1,-1,-1
79,337,349.63,370.44,32.88,65.08,1,-1,-1,-1
79,336,1000.19,318.91,26.45,59.29,1,-1,-1,-1
79,335,690.17,310.63,29.87,71.50,1,-1,-1,-1
79,333,620.01,318.73,31.12,62.87,1,-1,-1,-1
79,332,976.84,308.09,27.33,57.09,1,-1,-1,-1
79,327,851.00,315.22,34.34,69.77,1,-1,-1,-1
79,325,552.34,338.15,31.80,65.33,1,-1,-1,-1
79,323,802.09,312.95,27.36,57.31,1,-1,-1,-1
79,319,568.77,325.34,28.28,65.41,1,-1,-1,-1
79,317,785.32,333.69,34.17,69.08,1,-1,-1,-1
80,354,1217.39,289.52,16.98,42.01,1,-1,-1,-1
80,353,1024.12,301.74,24.15,60.55,1,-1,-1,-1
80,352,769.43,329.74,30.78,62.52,1,-1,-1,-1
80,351,535.38,325.09,29.90,61.45,1,-1,-1,-1
80,349,1099.37,302.56,25.70,62.44,1,-1,-1,-1
80,348,1043.52,241.02,17.41,34.83,1,-1,-1,-1
80,347,1188.61,292.63,25.34,54.93,1,-1,-1,-1
80,346,1058.07,241.93,13.41,32.75,1,-1,-1,-1
80,343,1070.15,236.16,14.68,35.87,1,-1,-1,-1
80,341,887.19,312.88,30.71,57.78,1,-1,-1,-1
80,340,469.57,333.21,32.67,65.20,1,-1,-1,-1
80,339,1120.93,313.52,23.58,60.93,1,-1,-1,-1
80,338,921.71,301.63,24.00,54.09,1,-1,-1,-1
80,337,360.80,370.00,32.06,64.27,1,-1,-1,-1
80,336,994.79,316.23,23.99,58.94,1,-1,-1,-1
80,335,697.74,311.22,30.24,70.32,1,-1,-1,-1
80,333,610.98,320.33,28.13,62.17,1,-1,-1,-1
80,332,974.47,309.91,24.32,56.01,1,-1,-1,-1
80,327,843.26,316.60,32.69,69.87,1,-1,-1,-1
80,325,561.25,336.49,31.69,65.27,1,-1,-1,-1
80,323,788.59,311.38,25.10,56.04,1,-1,-1,-1
80,317,794.36,333.59,33.05,69.29,1,-1,-1,-1
81,354,1217.01,290.16,14.52,40.66,1,-1,-1,-1
81,353,1018.62,303.67,23.53,59.65,1,-1,-1,-1
81,352,774.68,330.99,32.30,61.27,1,-1,-1,-1
81,351,539.72,326.95,29.97,59.13,1,-1,-1,-1
81,349,1098.33,304.67,22.58,60.25,1,-1,-1,-1
81,348,1045.29,241.21,15.90,33.33,1,-1,-1,-1
81,347,1188.08,293.33,25.06,54.14,1,-1,-1,-1
81,346,1058.81,242.95,12.90,32.08,1,-1,-1,-1
81,343,1071.40,236.45,13.12,35.31,1,-1,-1,-1
81,341,881.83,314.39,29.58,55.69,1,-1,-1,-1
81,340,479.75,333.01,32.62,64.35,1,-1,-1,-1
81,339,1119.87,314.36,21.56,60.09,1,-1,-1,-1
81,338,916.76,303.02,23.08,52.41,1,-1,-1,-1
81,337,368.17,365.90,31.45,63.65,1,-1,-1,-1
81,336,987.70,315.96,22.17,58.63,1,-1,-1,-1
81,335,702.91,312.02,30.50,69.48,1,-1,-1,-1
81,334,723.30,312.35,27.63,58.65,1,-1,-1,-1
81,333,599.99,321.73,25.94,61.56,1,-1,-1,-1
81,332,968.90,310.51,22.08,55.04,1,-1,-1,-1
81,327,834.13,317.42,31.46,69.95,1,-1,-1,-1
81,325,566.29,336.27,31.61,65.22,1,-1,-1,-1
81,323,774.02,312.12,23.41,54.96,1,-1,-1,-1
81,317,803.36,333.90,32.22,69.45,1,-1,-1,-1
82,354,1217.42,290.48,12.94,39.98,1,-1,-1,-1
82,353,1013.02,303.82,23.13,59.10,1,-1,-1,-1
82,352,780.80,329.60,33.36,60.34,1,-1,-1,-1
82,351,549.75,327.14,27.19,54.41,1,-1,-1,-1
82,349,1089.51,306.53,20.30,58.43,1,-1,-1,-1
82,348,1049.68,242.20,14.78,32.13,1,-1,-1,-1
82,347,1177.66,291.89,24.85,53.52,1,-1,-1,-1
82,346,1061.73,243.44,12.52,31.58,1,-1,-1,-1
82,343,1075.02,237.26,11.98,34.87,1,-1,-1,-1
82,341,874.95,315.34,28.72,54.09,1,-1,-1,-1
82,340,489.39,332.84,32.59,63.73,1,-1,-1,-1
82,339,1110.22,314.84,20.05,59.37,1,-1,-1,-1
82,338,909.07,303.86,22.38,51.12,1,-1,-1,-1
82,337,375.43,365.12,30.99,63.18,1,-1,-1,-1
82,336,979.73,316.51,20.82,58.38,1,-1,-1,-1
82,335,709.65,309.55,26.47,67.07,1,-1,-1,-1
82,334,714.20,312.32,28.68,59.54,1,-1,-1,-1
82,333,592.99,326.78,26.67,59.52,1,-1,-1,-1
82,332,960.90,311.55,20.41,54.20,1,-1,-1,-1
82,327,826.81,318.29,30.55,70.00,1,-1,-1,-1
82,325,574.41,333.56,31.55,65.19,1,-1,-1,-1
82,323,766.60,311.76,22.15,54.06,1,-1,-1,-1
82,320,650.19,315.95,23.12,54.31,1,-1,-1,-1
82,317,815.42,332.52,31.60,69.58,1,-1,-1,-1
83,355,1260.70,295.42,14.76,62.17,1,-1,-1,-1
83,354,1208.23,290.91,14.53,42.11,1,-1,-1,-1
83,353,1008.64,304.16,22.86,58.77,1,-1,-1,-1
83,352,793.01,332.47,31.14,57.75,1,-1,-1,-1
83,351,556.18,328.47,25.12,52.26,1,-1,-1,-1
83,349,1083.65,306.91,19.68,57.25,1,-1,-1,-1
83,348,1055.27,243.65,13.62,32.02,1,-1,-1,-1
83,347,1172.28,292.15,24.67,53.05,1,-1,-1,-1
83,346,1067.54,243.11,12.38,30.22,1,-1,-1,-1
83,343,1081.42,240.91,11.80,31.78,1,-1,-1,-1
83,341,867.73,316.81,28.06,52.87,1,-1,-1,-1
83,340,496.67,330.19,32.56,63.28,1,-1,-1,-1
83,339,1105.16,314.17,18.94,58.78,1,-1,-1,-1
83,338,903.01,305.50,21.85,50.14,1,-1,-1,-1
83,337,385.00,365.79,30.65,62.82,1,-1,-1,-1
83,336,971.82,318.00,19.82,58.16,1,-1,-1,-1
83,335,723.41,310.02,23.81,65.52,1,-1,-1,-1
83,334,702.57,313.01,25.13,59.06,1,-1,-1,-1
83,332,954.90,312.52,19.18,53.49,1,-1,-1,-1
83,327,816.94,319.73,30.51,70.32,1,-1,-1,-1
83,325,581.78,333.14,31.50,65.16,1,-1,-1,-1
83,323,757.89,311.00,21.26,55.62,1,-1,-1,-1
83,320,659.74,316.66,22.58,53.68,1,-1,-1,-1
83,317,828.52,331.83,30.52,69.40,1,-1,-1,-1
84,355,1254.58,293.08,16.54,50.05,1,-1,-1,-1
84,354,1201.49,290.87,15.61,43.25,1,-1,-1,-1
84,353,1002.23,303.82,22.69,58.58,1,-1,-1,-1
84,352,798.12,328.69,27.41,55.47,1,-1,-1,-1
84,349,1075.90,307.24,19.22,56.37,1,-1,-1,-1
84,348,1059.74,242.80,12.76,30.26,1,-1,-1,-1
84,347,1164.79,294.14,24.54,52.68,1,-1,-1,-1
84,346,1071.08,243.00,12.26,29.25,1,-1,-1,-1
84,343,1085.21,242.97,11.60,29.64,1,-1,-1,-1
84,341,862.45,319.17,25.58,51.96,1,-1,-1,-1
84,340,505.14,329.10,32.54,62.94,1,-1,-1,-1
84,339,1097.18,314.64,20.46,58.46,1,-1,-1,-1
84,338,899.51,305.82,21.45,49.39,1,-1,-1,-1
84,337,397.90,367.31,30.40,62.55,1,-1,-1,-1
84,336,964.74,318.50,21.75,58.17,1,-1,-1,-1
84,335,728.73,310.63,21.83,64.18,1,-1,-1,-1
84,334,692.55,313.80,24.96,58.66,1,-1,-1,-1
84,332,948.80,313.24,18.26,52.91,1,-1,-1,-1
84,327,808.79,319.72,30.47,70.54,1,-1,-1,-1
84,325,590.16,332.14,31.47,65.14,1,-1,-1,-1
84,323,746.97,310.84,20.59,56.90,1,-1,-1,-1
84,320,667.18,316.86,22.19,53.22,1,-1,-1,-1
84,317,839.61,332.78,29.71,69.26,1,-1,-1,-1
85,356,498.21,328.83,29.54,64.89,1,-1,-1,-1
85,355,1252.67,293.39,17.50,44.49,1,-1,-1,-1
85,354,1197.62,290.73,16.35,43.89,1,-1,-1,-1
85,353,995.15,306.44,22.57,58.47,1,-1,-1,-1
85,352,809.49,324.61,28.60,60.00,1,-1,-1,-1
85,349,1067.14,308.39,21.31,56.14,1,-1,-1,-1
85,347,1161.42,294.65,24.43,52.39,1,-1,-1,-1
85,346,1074.22,242.84,12.17,28.55,1,-1,-1,-1
85,343,1087.09,244.07,11.44,28.12,1,-1,-1,-1
85,341,861.22,320.24,23.73,51.19,1,-1,-1,-1
85,340,518.39,328.47,30.92,62.75,1,-1,-1,-1
85,339,1088.40,316.50,21.58,58.23,1,-1,-1,-1
85,338,894.69,306.06,21.15,48.82,1,-1,-1,-1
85,337,404.59,367.97,30.21,62.35,1,-1,-1,-1
85,336,956.30,319.50,23.17,58.17,1,-1,-1,-1
85,335,739.50,309.37,20.89,63.16,1,-1,-1,-1
85,334,684.03,314.42,24.83,58.36,1,-1,-1,-1
85,332,944.76,314.99,17.58,52.45,1,-1,-1,-1
85,327,797.34,324.40,27.49,69.50,1,-1,-1,-1
85,325,599.56,331.82,31.44,65.12,1,-1,-1,-1
85,320,675.73,317.33,21.91,52.88,1,-1,-1,-1
85,317,850.65,332.37,32.84,69.12,1,-1,-1,-1
86,358,750.70,322.00,25.66,61.76,1,-1,-1,-1
86,356,487.10,332.12,28.05,64.26,1,-1,-1,-1
86,355,1246.11,301.67,18.30,47.84,1,-1,-1,-1
86,354,1193.49,291.22,17.53,44.40,1,-1,-1,-1
86,353,989.39,308.13,22.41,56.84,1,-1,-1,-1
86,352,818.92,325.60,29.85,58.68,1,-1,-1,-1
86,349,1061.40,310.43,22.15,56.41,1,-1,-1,-1
86,347,1155.34,293.06,23.08,50.27,1,-1,-1,-1
86,341,851.41,322.60,23.75,51.24,1,-1,-1,-1
86,340,528.03,327.15,28.52,60.96,1,-1,-1,-1
86,339,1081.72,311.33,19.91,56.79,1,-1,-1,-1
86,338,889.30,305.97,19.92,48.04,1,-1,-1,-1
86,337,416.02,366.40,28.47,62.55,1,-1,-1,-1
86,336,946.56,320.64,22.46,58.24,1,-1,-1,-1
86,334,672.94,317.41,22.32,56.52,1,-1,-1,-1
86,333,545.58,334.47,27.85,59.02,1,-1,-1,-1
86,332,936.67,317.68,17.92,49.08,1,-1,-1,-1
86,327,789.26,324.72,25.99,69.65,1,-1,-1,-1
86,325,608.56,331.97,29.46,63.85,1,-1,-1,-1
86,320,686.83,314.10,22.03,52.11,1,-1,-1,-1
86,317,857.56,331.98,33.10,68.66,1,-1,-1,-1
87,358,741.47,325.79,25.10,57.93,1,-1,-1,-1
87,356,475.25,332.95,31.62,68.11,1,-1,-1,-1
87,355,1243.42,304.67,19.29,52.84,1,-1,-1,-1
87,354,1187.50,292.40,18.56,45.69,1,-1,-1,-1
87,353,982.37,304.39,23.02,59.98,1,-1,-1,-1
87,352,827.15,326.61,28.48,57.17,1,-1,-1,-1
87,349,1056.84,303.41,22.01,52.47,1,-1,-1,-1
87,347,1148.33,293.76,22.13,49.78,1,-1,-1,-1
87,341,843.45,324.31,23.75,51.08,1,-1,-1,-1
87,339,1077.60,308.98,20.88,48.46,1,-1,-1,-1
87,338,882.87,306.29,19.49,48.47,1,-1,-1,-1
87,337,426.42,364.82,29.70,63.41,1,-1,-1,-1
87,336,938.37,323.25,24.06,57.80,1,-1,-1,-1
87,334,665.38,318.85,21.36,56.11,1,-1,-1,-1
87,333,532.70,336.19,30.72,59.00,1,-1,-1,-1
87,332,929.20,319.95,17.93,46.94,1,-1,-1,-1
87,327,779.74,326.97,29.18,68.94,1,-1,-1,-1
87,325,616.17,331.99,30.59,63.94,1,-1,-1,-1
87,320,695.34,311.61,21.93,51.08,1,-1,-1,-1
87,317,870.79,331.57,28.92,68.57,1,-1,-1,-1
88,358,730.64,327.47,24.48,58.10,1,-1,-1,-1
88,356,459.59,332.10,28.17,64.84,1,-1,-1,-1
88,355,1234.78,300.24,23.84,56.33,1,-1,-1,-1
88,354,1183.34,293.69,20.14,45.64,1,-1,-1,-1
88,353,974.83,305.50,23.80,57.80,1,-1,-1,-1
88,352,840.43,324.59,26.03,56.77,1,-1,-1,-1
88,349,1050.10,303.90,20.19,50.45,1,-1,-1,-1
88,347,1143.74,296.68,21.68,50.00,1,-1,-1,-1
88,341,832.02,320.32,22.00,49.91,1,-1,-1,-1
88,339,1070.87,308.55,21.14,48.30,1,-1,-1,-1
88,338,877.79,308.57,20.71,50.19,1,-1,-1,-1
88,337,433.98,364.67,30.44,63.15,1,-1,-1,-1
88,336,929.16,323.55,22.37,57.58,1,-1,-1,-1
88,334,658.14,323.74,23.69,55.15,1,-1,-1,-1
88,333,522.48,337.12,30.84,58.74,1,-1,-1,-1
88,327,773.57,330.11,30.00,67.35,1,-1,-1,-1
88,325,624.51,331.10,29.71,62.26,1,-1,-1,-1
88,320,703.43,312.26,23.14,49.96,1,-1,-1,-1
88,317,881.19,331.04,30.15,68.31,1,-1,-1,-1
89,360,1256.05,291.85,16.19,52.71,1,-1,-1,-1
89,359,600.05,320.48,25.00,51.30,1,-1,-1,-1
89,358,722.08,330.17,26.83,58.81,1,-1,-1,-1
89,355,1230.14,297.57,26.59,61.91,1,-1,-1,-1
89,354,1178.62,290.46,20.08,45.75,1,-1,-1,-1
89,353,970.32,307.21,25.85,58.21,1,-1,-1,-1
89,352,847.05,326.16,25.89,55.33,1,-1,-1,-1
89,349,1043.57,307.05,21.11,52.43,1,-1,-1,-1
89,347,1136.57,300.34,23.09,49.89,1,-1,-1,-1
89,341,824.81,323.15,22.31,51.38,1,-1,-1,-1
89,339,1062.84,314.39,19.97,49.42,1,-1,-1,-1
89,338,872.90,306.89,20.45,50.72,1,-1,-1,-1
89,337,443.06,361.68,29.77,63.80,1,-1,-1,-1
89,336,920.91,322.52,22.73,48.70,1,-1,-1,-1
89,334,647.95,323.49,22.12,56.10,1,-1,-1,-1
89,333,509.59,333.64,29.55,59.04,1,-1,-1,-1
89,327,764.19,321.74,29.54,71.71,1,-1,-1,-1
89,325,631.34,331.69,26.70,61.90,1,-1,-1,-1
89,317,893.33,321.88,29.04,57.25,1,-1,-1,-1
90,360,1251.57,294.07,15.76,50.92,1,-1,-1,-1
90,359,609.14,319.86,24.83,52.40,1,-1,-1,-1
90,358,713.80,333.61,25.30,57.21,1,-1,-1,-1
90,355,1227.30,298.27,27.18,63.94,1,-1,-1,-1
90,354,1173.77,292.87,19.03,46.11,1,-1,-1,-1
90,353,962.69,305.72,24.73,59.57,1,-1,-1,-1
90,352,854.76,325.65,24.59,50.80,1,-1,-1,-1
90,349,1036.88,309.77,20.57,53.67,1,-1,-1,-1
90,347,1131.30,299.24,22.59,50.42,1,-1,-1,-1
90,341,818.70,321.98,21.73,50.99,1,-1,-1,-1
90,340,566.25,322.05,26.70,58.18,1,-1,-1,-1
90,339,1056.07,317.69,20.48,52.14,1,-1,-1,-1
90,338,869.37,305.92,18.87,51.33,1,-1,-1,-1
90,337,454.93,362.91,30.54,62.87,1,-1,-1,-1
90,336,917.40,326.59,21.36,48.44,1,-1,-1,-1
90,333,499.39,337.03,31.79,59.60,1,-1,-1,-1
90,327,751.98,326.89,28.15,70.33,1,-1,-1,-1
90,325,640.22,329.38,26.99,61.08,1,-1,-1,-1
90,317,904.45,325.48,26.74,58.37,1,-1,-1,-1
91,360,1245.02,293.43,17.39,52.27,1,-1,-1,-1
91,358,705.04,334.74,25.73,53.97,1,-1,-1,-1
91,355,1223.14,297.94,26.49,61.87,1,-1,-1,-1
91,354,1168.85,294.25,19.22,46.78,1,-1,-1,-1
91,353,956.94,308.63,23.61,59.47,1,-1,-1,-1
91,352,862.24,326.52,25.87,52.20,1,-1,-1,-1
91,349,1028.43,311.61,21.03,53.43,1,-1,-1,-1
91,347,1124.72,298.40,22.77,51.22,1,-1,-1,-1
91,341,812.69,323.27,21.33,51.47,1,-1,-1,-1
91,340,572.15,321.54,27.24,57.50,1,-1,-1,-1
91,339,1048.50,318.14,22.19,54.94,1,-1,-1,-1
91,337,462.19,361.97,30.91,62.72,1,-1,-1,-1
91,336,903.58,329.00,20.06,49.90,1,-1,-1,-1
91,333,488.81,337.64,29.15,60.35,1,-1,-1,-1
91,327,742.91,326.78,27.78,63.75,1,-1,-1,-1
91,325,648.35,328.94,26.65,60.56,1,-1,-1,-1
91,323,688.52,316.86,20.00,57.30,1,-1,-1,-1
91,317,914.08,328.42,28.73,61.49,1,-1,-1,-1
92,360,1241.49,292.53,18.01,53.49,1,-1,-1,-1
92,358,697.45,337.13,27.58,54.87,1,-1,-1,-1
92,356,408.67,338.05,28.07,66.04,1,-1,-1,-1
92,355,1217.85,300.99,25.91,61.81,1,-1,-1,-1
92,354,1167.57,294.95,21.13,47.15,1,-1,-1,-1
92,353,952.35,308.91,23.82,60.33,1,-1,-1,-1
92,352,870.21,325.80,28.29,53.71,1,-1,-1,-1
92,349,1019.75,309.78,24.26,54.96,1,-1,-1,-1
92,347,1118.91,297.34,23.20,52.86,1,-1,-1,-1
92,341,804.96,324.38,22.74,51.88,1,-1,-1,-1
92,340,582.37,321.07,26.07,56.59,1,-1,-1,-1
92,339,1041.47,317.40,21.98,56.66,1,-1,-1,-1
92,337,472.25,361.29,28.98,62.17,1,-1,-1,-1
92,336,895.99,329.66,20.47,52.27,1,-1,-1,-1
92,335,794.14,305.32,23.08,60.04,1,-1,-1,-1
92,333,477.86,337.90,29.52,59.85,1,-1,-1,-1
92,327,734.31,332.91,27.74,63.98,1,-1,-1,-1
92,325,657.50,327.12,25.49,60.49,1,-1,-1,-1
92,323,679.84,324.90,20.90,54.50,1,-1,-1,-1
92,317,921.36,329.20,31.15,63.87,1,-1,-1,-1
93,362,1113.57,240.06,12.96,32.03,1,-1,-1,-1
93,360,1236.59,293.66,17.74,52.19,1,-1,-1,-1
93,358,688.01,338.76,25.86,53.80,1,-1,-1,-1
93,356,397.03,339.87,27.56,65.62,1,-1,-1,-1
93,355,1214.71,302.89,25.12,60.77,1,-1,-1,-1
93,354,1161.95,293.91,20.43,47.72,1,-1,-1,-1
93,353,950.48,318.18,21.15,54.74,1,-1,-1,-1
93,352,876.68,325.58,26.52,52.20,1,-1,-1,-1
93,349,1012.99,311.85,23.99,53.19,1,-1,-1,-1
93,347,1112.60,298.13,23.01,53.23,1,-1,-1,-1
93,341,796.83,324.45,23.43,52.63,1,-1,-1,-1
93,340,592.25,325.38,26.16,55.52,1,-1,-1,-1
93,339,1035.45,316.46,21.96,57.39,1,-1,-1,-1
93,337,483.20,356.04,28.11,57.46,1,-1,-1,-1
93,336,886.82,330.17,22.49,53.78,1,-1,-1,-1
93,333,463.53,340.09,27.43,59.38,1,-1,-1,-1
93,327,724.49,334.43,28.64,65.56,1,-1,-1,-1
93,325,665.06,327.01,27.00,59.97,1,-1,-1,-1
93,317,933.97,328.47,28.42,63.96,1,-1,-1,-1
94,362,1116.69,241.55,13.59,30.69,1,-1,-1,-1
94,360,1233.76,294.67,17.90,50.48,1,-1,-1,-1
94,358,679.08,339.01,26.47,55.28,1,-1,-1,-1
94,356,386.63,343.41,26.93,64.14,1,-1,-1,-1
94,355,1211.96,302.92,24.15,61.01,1,-1,-1,-1
94,354,1158.80,295.96,19.58,45.84,1,-1,-1,-1
94,352,890.72,325.20,23.12,51.64,1,-1,-1,-1
94,349,1006.82,307.78,23.45,55.82,1,-1,-1,-1
94,347,1105.06,298.49,22.82,55.33,1,-1,-1,-1
94,341,789.05,324.95,22.76,53.06,1,-1,-1,-1
94,339,1030.00,316.36,22.91,58.66,1,-1,-1,-1
94,338,841.85,309.25,20.28,52.49,1,-1,-1,-1
94,337,491.52,357.67,29.62,59.07,1,-1,-1,-1
94,336,878.70,330.41,23.53,54.79,1,-1,-1,-1
94,333,454.28,340.73,26.29,59.71,1,-1,-1,-1
94,327,714.08,336.56,31.79,66.21,1,-1,-1,-1
94,317,945.02,326.99,27.84,64.24,1,-1,-1,-1
95,358,669.27,340.16,26.55,55.48,1,-1,-1,-1
95,356,374.41,341.83,29.04,65.30,1,-1,-1,-1
95,355,1208.90,299.53,26.12,64.83,1,-1,-1,-1
95,354,1156.15,297.85,20.50,47.22,1,-1,-1,-1
95,352,899.40,324.38,24.70,52.99,1,-1,-1,-1
95,349,998.66,306.67,24.14,57.60,1,-1,-1,-1
95,347,1098.80,299.24,23.86,54.94,1,-1,-1,-1
95,341,783.01,327.08,22.54,53.54,1,-1,-1,-1
95,339,1024.04,317.73,24.28,60.03,1,-1,-1,-1
95,338,838.75,309.38,20.92,53.18,1,-1,-1,-1
95,337,499.45,358.67,28.28,58.73,1,-1,-1,-1
95,336,869.87,329.70,23.58,55.74,1,-1,-1,-1
95,333,444.29,340.63,27.68,61.88,1,-1,-1,-1
95,327,703.86,335.04,31.51,67.18,1,-1,-1,-1
95,317,953.47,325.87,30.12,65.90,1,-1,-1,-1
96,366,1213.17,252.79,13.98,31.88,1,-1,-1,-1
96,365,766.11,305.55,22.78,50.19,1,-1,-1,-1
96,358,656.94,341.11,26.51,55.26,1,-1,-1,-1
96,356,359.42,341.36,28.32,64.92,1,-1,-1,-1
96,355,1204.31,298.90,27.80,66.86,1,-1,-1,-1
96,354,1152.17,296.91,19.51,47.14,1,-1,-1,-1
96,352,906.88,324.77,23.49,52.01,1,-1,-1,-1
96,349,995.63,311.72,24.08,55.15,1,-1,-1,-1
96,347,1094.27,299.77,24.35,54.97,1,-1,-1,-1
96,341,773.50,326.60,22.61,54.33,1,-1,-1,-1
96,339,1017.02,317.85,23.71,60.32,1,-1,-1,-1
96,337,510.47,356.30,29.16,60.63,1,-1,-1,-1
96,336,862.01,330.87,25.18,55.98,1,-1,-1,-1
96,335,826.12,304.40,23.37,59.90,1,-1,-1,-1
96,334,576.66,329.89,23.70,57.71,1,-1,-1,-1
96,333,432.31,340.84,30.21,64.50,1,-1,-1,-1
96,327,693.09,335.89,30.14,67.05,1,-1,-1,-1
96,323,645.65,323.12,16.82,54.98,1,-1,-1,-1
96,317,965.66,324.55,27.29,65.80,1,-1,-1,-1
97,365,783.15,299.70,16.89,43.31,1,-1,-1,-1
97,358,651.82,344.53,25.71,53.58,1,-1,-1,-1
97,356,348.08,341.08,29.11,66.12,1,-1,-1,-1
97,355,1199.64,297.70,28.49,68.05,1,-1,-1,-1
97,354,1146.57,293.91,19.42,49.40,1,-1,-1,-1
97,353,922.31,318.78,23.86,55.49,1,-1,-1,-1
97,347,1089.04,297.87,24.29,54.27,1,-1,-1,-1
97,341,766.67,328.73,22.97,53.42,1,-1,-1,-1
97,339,1013.81,315.71,21.90,57.71,1,-1,-1,-1
97,337,516.97,354.20,30.11,61.22,1,-1,-1,-1
97,336,853.76,332.85,26.38,55.45,1,-1,-1,-1
97,335,834.36,308.35,19.49,57.02,1,-1,-1,-1
97,334,567.49,330.21,24.59,57.75,1,-1,-1,-1
97,333,421.29,340.46,28.55,62.95,1,-1,-1,-1
97,327,684.53,335.64,31.27,68.12,1,-1,-1,-1
97,323,635.99,323.56,19.26,53.82,1,-1,-1,-1
97,317,975.51,323.98,28.61,66.85,1,-1,-1,-1
98,365,786.18,302.45,20.22,49.05,1,-1,-1,-1
98,358,641.06,343.19,24.59,53.90,1,-1,-1,-1
98,356,336.20,346.21,32.98,60.19,1,-1,-1,-1
98,355,1195.89,297.39,28.71,68.54,1,-1,-1,-1
98,354,1144.13,295.45,20.42,50.37,1,-1,-1,-1
98,353,913.77,314.73,22.64,50.84,1,-1,-1,-1
98,347,1082.32,300.09,23.96,52.89,1,-1,-1,-1
98,341,757.42,330.16,24.08,52.44,1,-1,-1,-1
98,339,1006.49,322.18,21.63,55.89,1,-1,-1,-1
98,337,528.40,354.94,26.74,59.52,1,-1,-1,-1
98,336,843.60,331.47,26.28,55.36,1,-1,-1,-1
98,334,558.34,331.03,27.28,60.07,1,-1,-1,-1
98,333,410.59,346.73,30.35,61.15,1,-1,-1,-1
98,327,677.97,340.67,29.63,65.66,1,-1,-1,-1
98,323,628.25,334.60,18.22,52.93,1,-1,-1,-1
98,317,982.50,323.37,30.62,66.64,1,-1,-1,-1
99,365,790.38,305.24,20.64,48.96,1,-1,-1,-1
99,358,628.02,342.37,27.07,55.96,1,-1,-1,-1
99,355,1190.01,298.49,27.91,67.97,1,-1,-1,-1
99,354,1135.69,293.85,23.13,50.23,1,-1,-1,-1
99,353,907.17,311.46,23.51,54.75,1,-1,-1,-1
99,347,1076.40,300.68,24.26,52.14,1,-1,-1,-1
99,341,746.69,334.41,25.24,49.38,1,-1,-1,-1
99,339,997.94,321.17,20.59,56.56,1,-1,-1,-1
99,338,802.88,312.33,21.18,46.40,1,-1,-1,-1
99,337,537.32,354.53,26.74,58.70,1,-1,-1,-1
99,336,835.99,334.30,27.11,56.14,1,-1,-1,-1
99,333,399.38,351.34,29.20,59.30,1,-1,-1,-1
99,327,665.93,340.75,27.65,62.07,1,-1,-1,-1
99,325,709.88,318.65,22.24,53.40,1,-1,-1,-1
