1,923,1262.92,275.64,12.63,48.72,1,-1,-1,-1
1,922,1243.83,273.29,9.40,44.90,1,-1,-1,-1
1,921,1222.97,273.00,10.87,44.90,1,-1,-1,-1
1,920,1202.99,272.70,14.10,46.07,1,-1,-1,-1
1,919,1188.01,273.59,12.93,44.61,1,-1,-1,-1
2,924,874.91,234.07,16.45,30.47,1,-1,-1,-1
2,923,1262.95,275.55,12.59,48.20,1,-1,-1,-1
2,922,1242.33,272.73,11.90,49.23,1,-1,-1,-1
2,921,1221.78,271.49,13.59,49.31,1,-1,-1,-1
2,920,1202.88,270.16,14.32,48.24,1,-1,-1,-1
2,919,1187.95,272.06,13.05,45.91,1,-1,-1,-1
3,924,874.41,236.47,13.46,28.52,1,-1,-1,-1
3,923,1262.92,275.71,12.63,48.49,1,-1,-1,-1
3,922,1242.12,273.10,11.69,46.73,1,-1,-1,-1
3,921,1220.75,271.74,14.91,49.58,1,-1,-1,-1
3,920,1202.93,269.87,14.23,48.02,1,-1,-1,-1
3,919,1187.97,272.27,13.01,45.89,1,-1,-1,-1
4,923,1262.92,275.72,12.64,48.61,1,-1,-1,-1
4,922,1242.13,272.40,12.07,46.78,1,-1,-1,-1
4,921,1220.03,271.37,15.83,49.79,1,-1,-1,-1
4,920,1202.94,270.32,14.22,48.21,1,-1,-1,-1
4,919,1187.50,271.68,13.37,46.66,1,-1,-1,-1
5,924,869.35,237.06,12.35,27.84,1,-1,-1,-1
5,923,1261.98,275.03,13.58,49.79,1,-1,-1,-1
5,922,1242.03,272.79,12.66,46.59,1,-1,-1,-1
5,921,1220.40,271.67,15.65,48.77,1,-1,-1,-1
5,920,1202.96,270.77,14.17,48.05,1,-1,-1,-1
5,919,1186.67,271.39,14.02,47.38,1,-1,-1,-1
6,923,1261.17,275.23,14.14,49.99,1,-1,-1,-1
6,922,1241.90,272.57,13.56,48.38,1,-1,-1,-1
6,921,1220.31,271.66,16.22,48.78,1,-1,-1,-1
6,920,1203.00,271.90,14.09,47.26,1,-1,-1,-1
6,919,1187.38,271.78,13.63,46.72,1,-1,-1,-1
7,923,1260.70,274.97,14.58,50.26,1,-1,-1,-1
7,922,1241.90,273.11,13.54,47.04,1,-1,-1,-1
7,921,1220.63,272.56,16.05,48.12,1,-1,-1,-1
7,920,1203.02,272.37,14.05,46.79,1,-1,-1,-1
7,919,1187.67,271.62,13.41,46.61,1,-1,-1,-1
8,923,1259.97,275.85,14.68,49.55,1,-1,-1,-1
8,922,1241.33,273.72,13.96,47.28,1,-1,-1,-1
8,921,1221.00,272.49,15.96,47.98,1,-1,-1,-1
8,920,1203.03,272.59,14.03,46.50,1,-1,-1,-1
8,919,1186.97,271.47,13.84,47.00,1,-1,-1,-1
9,923,1259.36,275.26,15.50,50.36,1,-1,-1,-1
9,922,1239.70,274.41,14.48,47.17,1,-1,-1,-1
9,921,1220.64,272.21,16.40,47.94,1,-1,-1,-1
9,920,1203.03,272.69,14.03,46.31,1,-1,-1,-1
9,919,1187.50,272.53,13.53,46.12,1,-1,-1,-1
10,923,1258.41,275.44,15.42,49.92,1,-1,-1,-1
10,922,1238.70,274.14,14.75,47.51,1,-1,-1,-1
10,921,1220.58,272.06,16.30,47.24,1,-1,-1,-1
10,920,1203.01,271.90,14.07,46.74,1,-1,-1,-1
10,919,1186.90,272.86,13.87,45.92,1,-1,-1,-1
11,923,1256.87,276.36,14.95,49.58,1,-1,-1,-1
11,922,1237.30,274.14,14.34,47.35,1,-1,-1,-1
11,921,1221.22,272.53,14.61,45.92,1,-1,-1,-1
11,920,1203.00,271.53,14.09,47.04,1,-1,-1,-1
11,919,1187.45,272.52,13.60,45.84,1,-1,-1,-1
12,923,1254.65,276.97,15.81,50.68,1,-1,-1,-1
12,922,1236.69,274.25,14.01,46.78,1,-1,-1,-1
12,921,1219.31,273.11,14.96,45.45,1,-1,-1,-1
12,920,1203.01,272.16,14.07,46.72,1,-1,-1,-1
12,919,1187.69,272.19,13.41,45.93,1,-1,-1,-1
13,923,1252.10,279.48,17.27,51.00,1,-1,-1,-1
13,922,1235.91,274.31,13.57,46.01,1,-1,-1,-1
13,921,1218.14,273.07,14.68,44.96,1,-1,-1,-1
13,920,1203.01,272.45,14.06,46.50,1,-1,-1,-1
13,919,1187.82,272.33,13.27,45.83,1,-1,-1,-1
14,923,1249.76,280.62,18.31,51.07,1,-1,-1,-1
14,922,1235.72,274.84,13.24,45.23,1,-1,-1,-1
14,921,1215.89,272.98,15.65,45.03,1,-1,-1,-1
14,920,1201.28,272.92,13.52,46.08,1,-1,-1,-1
14,919,1187.90,272.97,13.15,45.42,1,-1,-1,-1
15,923,1244.99,282.84,18.50,50.58,1,-1,-1,-1
15,922,1234.32,276.63,13.09,45.04,1,-1,-1,-1
15,921,1214.54,275.47,14.76,44.20,1,-1,-1,-1
15,920,1202.27,272.36,13.63,45.13,1,-1,-1,-1
15,919,1186.91,271.96,13.95,45.49,1,-1,-1,-1
16,923,1241.00,283.65,18.26,49.33,1,-1,-1,-1
16,922,1233.28,277.92,12.08,43.72,1,-1,-1,-1
16,921,1213.54,276.74,14.36,42.38,1,-1,-1,-1
16,920,1201.58,272.33,13.43,44.06,1,-1,-1,-1
16,919,1183.81,272.30,14.07,44.64,1,-1,-1,-1
17,923,1236.83,284.05,17.04,47.14,1,-1,-1,-1
17,922,1230.37,279.84,12.67,44.80,1,-1,-1,-1
17,921,1213.63,278.14,15.00,42.24,1,-1,-1,-1
17,920,1201.90,273.01,13.59,43.59,1,-1,-1,-1
17,919,1182.46,273.71,14.17,44.45,1,-1,-1,-1
18,923,1232.07,285.53,16.88,46.06,1,-1,-1,-1
18,922,1226.79,282.23,12.49,43.86,1,-1,-1,-1
18,921,1212.85,279.07,14.62,42.18,1,-1,-1,-1
18,920,1201.67,274.12,13.40,43.51,1,-1,-1,-1
18,919,1180.36,275.89,14.75,44.18,1,-1,-1,-1
19,923,1229.02,286.11,17.84,45.10,1,-1,-1,-1
19,921,1210.54,278.45,15.41,42.67,1,-1,-1,-1
19,920,1202.79,274.51,12.77,42.77,1,-1,-1,-1
19,919,1177.75,277.10,14.85,43.56,1,-1,-1,-1
20,921,1207.88,279.62,15.63,42.71,1,-1,-1,-1
20,919,1173.00,278.00,15.09,44.36,1,-1,-1,-1
21,928,1267.60,281.94,9.66,45.05,1,-1,-1,-1
21,921,1202.95,281.23,18.39,44.92,1,-1,-1,-1
21,919,1167.40,279.11,17.80,46.17,1,-1,-1,-1
22,928,1265.72,282.17,11.28,44.60,1,-1,-1,-1
22,922,1215.80,286.22,15.98,48.05,1,-1,-1,-1
22,921,1198.21,282.45,17.95,45.35,1,-1,-1,-1
22,919,1163.25,279.51,18.48,46.13,1,-1,-1,-1
23,928,1263.80,283.53,12.92,49.81,1,-1,-1,-1
23,922,1212.00,286.42,16.04,48.14,1,-1,-1,-1
23,921,1193.25,282.55,17.99,45.35,1,-1,-1,-1
23,919,1156.89,279.58,18.68,46.60,1,-1,-1,-1
24,929,28.01,400.77,29.15,57.53,1,-1,-1,-1
24,928,1259.52,282.38,16.50,54.49,1,-1,-1,-1
24,922,1207.78,286.48,16.22,47.78,1,-1,-1,-1
24,921,1189.61,283.05,17.53,46.14,1,-1,-1,-1
24,919,1152.65,279.56,19.48,47.18,1,-1,-1,-1
25,929,36.36,399.70,32.81,61.89,1,-1,-1,-1
25,928,1255.73,282.68,16.68,55.11,1,-1,-1,-1
25,922,1204.69,286.61,17.16,47.80,1,-1,-1,-1
25,921,1185.96,282.30,17.32,47.00,1,-1,-1,-1
25,919,1148.36,279.80,19.16,47.56,1,-1,-1,-1
26,929,46.11,399.64,29.56,60.43,1,-1,-1,-1
26,928,1250.75,283.33,16.75,55.18,1,-1,-1,-1
26,922,1199.40,286.63,16.79,47.97,1,-1,-1,-1
26,921,1180.27,282.97,18.44,47.88,1,-1,-1,-1
26,919,1143.33,279.71,18.74,47.68,1,-1,-1,-1
27,929,55.40,396.38,31.47,63.75,1,-1,-1,-1
27,928,1246.15,283.67,17.71,55.45,1,-1,-1,-1
27,922,1195.76,287.04,16.51,48.09,1,-1,-1,-1
27,921,1177.13,283.02,19.80,48.54,1,-1,-1,-1
27,919,1138.70,279.51,20.16,48.01,1,-1,-1,-1
28,932,1251.99,289.23,16.42,47.17,1,-1,-1,-1
28,929,65.02,394.06,34.39,66.07,1,-1,-1,-1
28,928,1240.82,290.86,17.37,51.09,1,-1,-1,-1
28,922,1190.21,287.46,17.09,48.52,1,-1,-1,-1
28,921,1172.99,282.85,19.11,47.80,1,-1,-1,-1
28,919,1133.42,279.56,20.34,47.25,1,-1,-1,-1
29,932,1251.70,288.01,14.26,44.45,1,-1,-1,-1
29,929,70.36,395.06,37.41,76.26,1,-1,-1,-1
29,928,1235.69,288.00,17.91,51.74,1,-1,-1,-1
29,922,1184.82,288.97,17.51,48.03,1,-1,-1,-1
29,921,1170.52,282.91,18.59,47.22,1,-1,-1,-1
29,919,1129.01,279.70,20.47,46.69,1,-1,-1,-1
30,932,1248.44,285.25,14.78,45.47,1,-1,-1,-1
30,929,84.58,390.56,33.63,73.21,1,-1,-1,-1
30,928,1230.00,286.81,18.26,52.08,1,-1,-1,-1
30,922,1179.66,289.60,17.82,47.67,1,-1,-1,-1
30,921,1167.38,283.18,18.21,46.78,1,-1,-1,-1
30,919,1124.10,280.29,19.65,46.30,1,-1,-1,-1
31,932,1243.99,284.24,15.06,45.93,1,-1,-1,-1
31,929,94.97,387.23,36.27,73.14,1,-1,-1,-1
31,928,1225.46,286.31,18.49,52.22,1,-1,-1,-1
31,922,1175.99,290.10,18.04,47.41,1,-1,-1,-1
31,921,1164.34,283.35,17.92,46.44,1,-1,-1,-1
31,919,1120.74,280.13,19.05,45.99,1,-1,-1,-1
32,935,1256.03,289.77,13.41,45.22,1,-1,-1,-1
32,932,1239.95,284.00,15.22,46.13,1,-1,-1,-1
32,929,105.34,387.87,33.59,71.07,1,-1,-1,-1
32,928,1220.03,285.82,18.63,52.25,1,-1,-1,-1
32,922,1169.93,288.96,17.39,47.14,1,-1,-1,-1
32,921,1160.41,282.77,17.71,46.19,1,-1,-1,-1
32,919,1115.86,279.89,18.60,45.75,1,-1,-1,-1
33,935,1250.78,289.88,14.72,45.36,1,-1,-1,-1
33,932,1235.79,284.08,15.32,46.20,1,-1,-1,-1
33,929,111.96,387.50,31.70,69.60,1,-1,-1,-1
33,928,1214.02,286.40,18.72,52.22,1,-1,-1,-1
33,922,1163.81,289.33,16.91,46.94,1,-1,-1,-1
33,921,1156.06,284.43,17.55,45.99,1,-1,-1,-1
33,919,1110.45,280.32,18.66,45.67,1,-1,-1,-1
34,935,1246.03,289.92,15.46,45.03,1,-1,-1,-1
34,932,1231.84,285.57,16.54,47.75,1,-1,-1,-1
34,929,125.15,385.35,34.96,70.07,1,-1,-1,-1
34,928,1209.30,287.05,18.76,52.15,1,-1,-1,-1
34,922,1158.34,289.49,16.56,46.77,1,-1,-1,-1
34,921,1150.82,286.51,16.34,45.72,1,-1,-1,-1
34,919,1104.92,281.41,18.71,45.60,1,-1,-1,-1
35,936,1167.95,289.70,9.84,41.71,1,-1,-1,-1
35,935,1241.16,290.15,16.98,47.17,1,-1,-1,-1
35,932,1228.50,287.06,15.06,48.08,1,-1,-1,-1
35,929,134.61,384.98,35.67,68.50,1,-1,-1,-1
35,928,1203.45,287.29,18.95,54.03,1,-1,-1,-1
35,922,1153.26,290.00,16.55,48.15,1,-1,-1,-1
35,921,1147.20,286.88,14.78,46.15,1,-1,-1,-1
35,919,1099.85,282.15,18.90,46.31,1,-1,-1,-1
36,936,1161.00,287.69,13.13,47.41,1,-1,-1,-1
36,935,1234.55,289.77,18.68,47.00,1,-1,-1,-1
36,932,1221.80,288.75,15.60,48.49,1,-1,-1,-1
36,929,149.60,385.39,31.47,67.00,1,-1,-1,-1
36,928,1197.40,288.52,19.42,54.07,1,-1,-1,-1
36,921,1144.05,289.29,15.95,46.67,1,-1,-1,-1
36,919,1094.41,282.94,18.83,45.84,1,-1,-1,-1
37,937,1242.01,297.12,18.51,44.56,1,-1,-1,-1
37,936,1154.90,287.22,14.87,48.82,1,-1,-1,-1
37,935,1227.27,289.11,18.84,45.98,1,-1,-1,-1
37,932,1215.21,287.65,16.51,49.78,1,-1,-1,-1
37,929,161.15,386.67,34.19,66.62,1,-1,-1,-1
37,928,1192.79,288.28,19.76,54.05,1,-1,-1,-1
37,921,1140.49,289.68,16.81,47.00,1,-1,-1,-1
37,919,1090.38,285.50,18.77,45.49,1,-1,-1,-1
38,938,1118.58,281.91,18.22,47.78,1,-1,-1,-1
38,937,1235.73,296.59,18.20,43.96,1,-1,-1,-1
38,936,1148.54,287.03,15.35,48.65,1,-1,-1,-1
38,935,1221.43,289.91,18.61,45.10,1,-1,-1,-1
38,932,1211.47,287.09,16.18,49.69,1,-1,-1,-1
38,929,172.13,385.03,32.24,65.62,1,-1,-1,-1
38,928,1187.23,287.88,19.99,54.00,1,-1,-1,-1
38,921,1134.87,289.90,17.45,47.22,1,-1,-1,-1
38,919,1086.79,285.75,18.73,45.23,1,-1,-1,-1
39,938,1110.20,281.50,21.39,50.89,1,-1,-1,-1
39,937,1231.06,297.19,15.81,40.71,1,-1,-1,-1
39,936,1145.29,289.67,15.12,46.28,1,-1,-1,-1
39,935,1217.21,294.25,16.98,42.81,1,-1,-1,-1
39,932,1206.52,288.01,14.60,48.24,1,-1,-1,-1
39,929,185.67,383.40,32.25,64.83,1,-1,-1,-1
39,928,1181.50,287.95,21.64,54.70,1,-1,-1,-1
39,921,1130.09,290.72,19.56,48.44,1,-1,-1,-1
39,919,1080.34,283.87,20.51,46.28,1,-1,-1,-1
40,938,1104.29,281.13,23.11,51.89,1,-1,-1,-1
40,937,1227.78,298.68,14.80,40.56,1,-1,-1,-1
40,936,1140.61,291.16,14.63,46.01,1,-1,-1,-1
40,935,1211.55,294.96,16.17,43.36,1,-1,-1,-1
40,932,1201.43,288.87,14.27,47.76,1,-1,-1,-1
40,929,194.38,383.66,34.34,64.37,1,-1,-1,-1
40,928,1174.16,287.16,22.88,56.66,1,-1,-1,-1
40,921,1124.66,291.20,21.15,50.06,1,-1,-1,-1
40,919,1075.25,284.49,21.81,46.88,1,-1,-1,-1
41,938,1098.24,282.94,20.38,49.79,1,-1,-1,-1
41,937,1223.25,300.50,14.01,40.12,1,-1,-1,-1
41,936,1135.57,289.75,14.14,46.12,1,-1,-1,-1
41,935,1206.80,297.03,16.88,43.60,1,-1,-1,-1
41,932,1196.63,289.92,13.18,45.44,1,-1,-1,-1
41,929,205.49,381.47,31.80,64.32,1,-1,-1,-1
41,928,1169.06,286.94,21.13,56.98,1,-1,-1,-1
41,921,1117.56,290.73,22.29,50.72,1,-1,-1,-1
41,919,1069.57,283.36,22.82,48.54,1,-1,-1,-1
42,939,1251.58,298.41,18.39,50.77,1,-1,-1,-1
42,938,1090.58,282.03,22.78,51.72,1,-1,-1,-1
42,937,1217.72,299.09,16.49,41.76,1,-1,-1,-1
42,936,1130.64,289.28,15.93,46.75,1,-1,-1,-1
42,935,1200.28,296.64,17.58,43.73,1,-1,-1,-1
42,932,1192.04,290.33,12.72,44.69,1,-1,-1,-1
42,929,218.58,380.18,32.99,64.79,1,-1,-1,-1
42,928,1162.91,286.77,23.04,58.23,1,-1,-1,-1
42,921,1113.20,290.40,23.14,51.59,1,-1,-1,-1
42,919,1065.02,283.38,21.72,48.25,1,-1,-1,-1
43,939,1244.73,299.48,21.51,52.30,1,-1,-1,-1
43,938,1085.23,283.13,21.66,49.23,1,-1,-1,-1
43,937,1209.98,299.17,19.43,44.82,1,-1,-1,-1
43,936,1125.82,290.57,16.26,46.67,1,-1,-1,-1
43,935,1194.71,297.69,16.26,43.31,1,-1,-1,-1
43,932,1186.04,293.32,13.91,44.46,1,-1,-1,-1
43,929,226.63,378.98,35.47,65.01,1,-1,-1,-1
43,928,1156.86,286.55,23.90,58.76,1,-1,-1,-1
43,921,1107.75,290.94,22.27,50.41,1,-1,-1,-1
43,919,1060.30,284.87,22.41,48.84,1,-1,-1,-1
44,939,1239.02,297.92,23.32,53.08,1,-1,-1,-1
44,938,1080.90,285.05,19.61,47.88,1,-1,-1,-1
44,937,1202.86,298.39,19.52,46.17,1,-1,-1,-1
44,936,1121.59,290.68,15.27,45.43,1,-1,-1,-1
44,935,1189.45,294.50,17.55,44.24,1,-1,-1,-1
44,932,1181.57,292.81,15.36,44.49,1,-1,-1,-1
44,929,237.18,377.25,32.52,64.84,1,-1,-1,-1
44,928,1151.50,286.52,21.86,58.67,1,-1,-1,-1
44,921,1102.02,291.47,23.11,51.05,1,-1,-1,-1
44,919,1054.13,283.25,23.20,48.93,1,-1,-1,-1
45,939,1232.75,298.84,24.35,52.87,1,-1,-1,-1
45,938,1075.21,286.51,18.41,46.48,1,-1,-1,-1
45,937,1196.04,297.89,21.48,48.41,1,-1,-1,-1
45,936,1115.61,291.60,16.22,45.45,1,-1,-1,-1
45,932,1176.70,294.45,14.77,43.58,1,-1,-1,-1
45,929,250.44,376.58,34.33,65.80,1,-1,-1,-1
45,928,1145.67,287.85,22.95,59.65,1,-1,-1,-1
45,921,1096.04,291.26,23.75,52.15,1,-1,-1,-1
45,919,1047.36,283.02,23.81,49.86,1,-1,-1,-1
46,939,1227.89,299.11,25.03,53.07,1,-1,-1,-1
46,938,1071.32,286.95,16.95,45.48,1,-1,-1,-1
46,937,1191.16,298.26,20.29,47.90,1,-1,-1,-1
46,936,1111.60,290.76,16.28,46.25,1,-1,-1,-1
46,929,257.76,376.58,36.66,65.65,1,-1,-1,-1
46,928,1140.20,287.76,23.74,60.54,1,-1,-1,-1
46,921,1089.60,291.42,21.43,52.01,1,-1,-1,-1
46,919,1042.94,283.60,24.25,50.47,1,-1,-1,-1
47,940,1252.87,298.04,18.74,57.50,1,-1,-1,-1
47,939,1223.07,300.22,21.92,51.21,1,-1,-1,-1
47,938,1063.30,287.38,20.20,48.15,1,-1,-1,-1
47,937,1186.63,299.10,18.70,47.61,1,-1,-1,-1
47,936,1106.67,291.44,16.07,46.45,1,-1,-1,-1
47,929,270.78,374.57,33.41,64.83,1,-1,-1,-1
47,928,1134.12,287.19,24.32,61.16,1,-1,-1,-1
47,921,1083.42,291.77,22.80,52.59,1,-1,-1,-1
47,919,1037.91,285.07,21.38,49.92,1,-1,-1,-1
48,940,1248.47,299.59,18.81,55.53,1,-1,-1,-1
48,939,1216.49,299.75,22.63,50.54,1,-1,-1,-1
48,938,1058.78,288.22,20.72,49.74,1,-1,-1,-1
48,937,1179.55,298.95,20.46,47.84,1,-1,-1,-1
48,936,1100.20,292.88,16.55,46.29,1,-1,-1,-1
48,935,1162.38,296.18,17.80,43.69,1,-1,-1,-1
48,929,282.05,374.40,35.39,64.07,1,-1,-1,-1
48,928,1128.79,288.11,24.99,61.14,1,-1,-1,-1
48,921,1078.48,291.97,24.08,53.35,1,-1,-1,-1
48,919,1033.46,285.43,19.69,49.78,1,-1,-1,-1
49,940,1243.90,300.84,17.82,53.54,1,-1,-1,-1
49,939,1211.22,300.55,23.63,50.88,1,-1,-1,-1
49,938,1053.49,287.50,19.01,48.45,1,-1,-1,-1
49,937,1174.25,299.60,21.51,47.97,1,-1,-1,-1
49,936,1097.32,292.40,16.89,45.98,1,-1,-1,-1
49,935,1156.13,296.15,18.28,43.64,1,-1,-1,-1
49,929,291.98,373.62,35.94,63.73,1,-1,-1,-1
49,928,1122.40,289.20,25.28,61.14,1,-1,-1,-1
49,921,1073.11,292.72,24.43,52.68,1,-1,-1,-1
49,919,1029.96,285.79,18.92,48.97,1,-1,-1,-1
50,940,1237.65,300.49,18.44,54.21,1,-1,-1,-1
50,939,1204.94,300.63,24.32,51.26,1,-1,-1,-1
50,938,1047.17,288.46,18.16,48.34,1,-1,-1,-1
50,937,1166.78,300.31,20.95,48.33,1,-1,-1,-1
50,936,1091.63,293.29,16.52,45.70,1,-1,-1,-1
50,935,1148.80,294.24,19.37,43.26,1,-1,-1,-1
50,929,302.86,371.27,32.91,63.74,1,-1,-1,-1
50,928,1114.38,288.14,24.26,61.03,1,-1,-1,-1
50,921,1064.40,294.24,24.69,52.63,1,-1,-1,-1
50,919,1024.48,286.65,17.85,49.17,1,-1,-1,-1
51,943,1074.40,286.26,14.71,42.93,1,-1,-1,-1
51,940,1233.47,300.22,16.84,52.33,1,-1,-1,-1
51,939,1200.10,299.44,23.60,47.49,1,-1,-1,-1
51,938,1041.70,290.43,17.86,47.14,1,-1,-1,-1
51,937,1159.75,300.79,22.24,48.51,1,-1,-1,-1
51,936,1086.56,293.55,18.06,47.07,1,-1,-1,-1
51,935,1143.08,295.43,18.47,44.24,1,-1,-1,-1
51,929,313.63,371.34,33.27,64.20,1,-1,-1,-1
51,928,1107.45,290.62,25.06,61.04,1,-1,-1,-1
51,921,1058.60,294.61,24.87,52.68,1,-1,-1,-1
51,919,1018.99,286.97,19.81,49.54,1,-1,-1,-1
52,943,1069.87,288.53,14.43,44.71,1,-1,-1,-1
52,940,1229.46,298.98,15.64,47.79,1,-1,-1,-1
52,939,1194.66,300.91,24.13,46.20,1,-1,-1,-1
52,938,1036.12,291.16,17.57,46.65,1,-1,-1,-1
52,937,1153.69,299.23,20.85,46.59,1,-1,-1,-1
52,936,1081.42,292.93,18.16,47.02,1,-1,-1,-1
52,935,1137.58,297.08,17.18,43.55,1,-1,-1,-1
52,929,324.34,370.67,33.62,63.32,1,-1,-1,-1
52,928,1101.48,289.76,23.41,60.51,1,-1,-1,-1
52,921,1052.89,295.26,23.05,52.14,1,-1,-1,-1
52,919,1013.22,287.26,20.65,49.54,1,-1,-1,-1
53,943,1065.04,286.80,15.18,48.52,1,-1,-1,-1
53,940,1224.49,300.66,15.69,44.44,1,-1,-1,-1
53,939,1189.14,300.27,22.38,43.74,1,-1,-1,-1
53,938,1029.27,292.58,19.75,46.89,1,-1,-1,-1
53,937,1147.02,300.28,20.66,45.68,1,-1,-1,-1
53,936,1075.08,293.93,19.17,48.00,1,-1,-1,-1
53,935,1130.26,295.93,17.52,43.62,1,-1,-1,-1
53,929,337.07,367.37,31.19,62.17,1,-1,-1,-1
53,928,1094.24,289.25,22.16,59.96,1,-1,-1,-1
53,921,1044.62,296.18,24.67,52.27,1,-1,-1,-1
53,919,1008.70,287.79,20.76,49.78,1,-1,-1,-1
54,944,1256.93,297.75,19.13,52.39,1,-1,-1,-1
54,940,1218.12,303.51,16.35,45.07,1,-1,-1,-1
54,939,1182.41,301.19,21.91,43.53,1,-1,-1,-1
54,938,1021.53,290.67,19.49,48.33,1,-1,-1,-1
54,937,1140.41,302.44,22.68,44.86,1,-1,-1,-1
54,936,1066.93,294.40,21.94,47.31,1,-1,-1,-1
54,935,1125.41,298.05,18.16,45.24,1,-1,-1,-1
54,929,348.83,367.29,33.57,63.56,1,-1,-1,-1
54,928,1089.28,290.41,23.40,60.28,1,-1,-1,-1
54,921,1039.85,297.04,25.37,51.97,1,-1,-1,-1
54,919,1002.49,287.75,19.74,49.37,1,-1,-1,-1
55,944,1251.93,297.80,19.46,53.55,1,-1,-1,-1
55,940,1212.90,305.79,16.63,47.72,1,-1,-1,-1
55,939,1176.61,304.62,23.02,45.61,1,-1,-1,-1
55,938,1015.89,291.98,18.80,48.40,1,-1,-1,-1
55,937,1133.37,303.65,21.68,44.84,1,-1,-1,-1
55,936,1063.98,294.71,21.38,46.73,1,-1,-1,-1
55,935,1119.28,299.00,17.83,45.42,1,-1,-1,-1
55,929,357.76,365.83,33.47,64.06,1,-1,-1,-1
55,928,1083.62,291.80,23.27,60.00,1,-1,-1,-1
55,921,1033.77,295.70,22.51,51.97,1,-1,-1,-1
55,919,999.29,287.38,19.45,48.70,1,-1,-1,-1
56,944,1245.62,297.00,18.91,54.31,1,-1,-1,-1
56,940,1207.62,305.23,17.14,50.45,1,-1,-1,-1
56,939,1171.39,304.83,21.34,46.86,1,-1,-1,-1
56,938,1010.52,291.17,19.38,50.00,1,-1,-1,-1
56,937,1127.07,305.58,20.06,45.85,1,-1,-1,-1
56,936,1058.90,293.21,18.46,47.00,1,-1,-1,-1
56,935,1112.55,298.26,16.95,45.62,1,-1,-1,-1
56,929,369.44,364.95,31.13,64.18,1,-1,-1,-1
56,928,1075.80,292.20,21.58,60.53,1,-1,-1,-1
56,921,1026.26,295.74,23.27,53.02,1,-1,-1,-1
56,919,994.68,289.24,18.13,48.81,1,-1,-1,-1
57,944,1240.90,297.12,18.48,54.78,1,-1,-1,-1
57,943,1043.80,291.04,14.77,50.74,1,-1,-1,-1
57,940,1201.56,305.53,16.76,51.11,1,-1,-1,-1
57,939,1165.50,306.68,21.49,47.17,1,-1,-1,-1
57,938,1003.18,292.53,17.73,50.20,1,-1,-1,-1
57,937,1121.06,304.91,20.26,46.12,1,-1,-1,-1
57,936,1054.26,292.89,16.88,47.05,1,-1,-1,-1
57,935,1103.78,297.81,18.28,47.13,1,-1,-1,-1
57,929,379.08,365.04,32.07,64.43,1,-1,-1,-1
57,928,1069.05,291.59,22.64,60.56,1,-1,-1,-1
57,921,1021.81,296.31,22.35,53.45,1,-1,-1,-1
57,919,987.83,290.81,17.98,48.46,1,-1,-1,-1
58,944,1235.13,298.95,18.02,54.29,1,-1,-1,-1
58,943,1036.83,289.30,17.74,54.01,1,-1,-1,-1
58,940,1196.93,305.30,17.45,53.42,1,-1,-1,-1
58,939,1159.90,307.25,22.61,48.17,1,-1,-1,-1
58,938,994.14,292.53,20.29,51.23,1,-1,-1,-1
58,937,1114.69,305.40,18.87,46.78,1,-1,-1,-1
58,936,1048.27,294.63,16.88,47.85,1,-1,-1,-1
58,935,1099.58,301.60,18.37,46.13,1,-1,-1,-1
58,929,388.84,363.99,32.01,64.11,1,-1,-1,-1
58,928,1061.85,292.71,21.70,60.70,1,-1,-1,-1
58,921,1016.09,296.66,20.43,53.63,1,-1,-1,-1
58,919,980.22,292.40,18.44,47.77,1,-1,-1,-1
59,945,1235.89,300.12,22.55,59.51,1,-1,-1,-1
59,943,1031.32,289.81,17.57,54.16,1,-1,-1,-1
59,940,1190.83,304.69,19.86,55.52,1,-1,-1,-1
59,939,1153.69,307.46,20.94,49.14,1,-1,-1,-1
59,938,987.14,293.29,21.65,51.07,1,-1,-1,-1
59,937,1108.49,304.60,18.90,47.31,1,-1,-1,-1
59,935,1093.34,303.53,17.02,44.47,1,-1,-1,-1
59,929,400.54,363.08,30.05,64.02,1,-1,-1,-1
59,928,1055.00,292.78,22.72,60.76,1,-1,-1,-1
59,921,1009.95,297.59,21.82,54.19,1,-1,-1,-1
59,919,975.34,292.48,17.22,47.41,1,-1,-1,-1
60,945,1231.46,302.59,20.71,53.82,1,-1,-1,-1
60,943,1025.99,289.43,16.35,53.40,1,-1,-1,-1
60,940,1184.91,305.09,19.99,56.93,1,-1,-1,-1
60,939,1145.92,308.42,22.45,49.17,1,-1,-1,-1
60,938,980.26,293.55,19.23,50.93,1,-1,-1,-1
60,937,1099.95,305.62,21.39,48.00,1,-1,-1,-1
60,935,1085.58,304.33,17.22,44.55,1,-1,-1,-1
60,929,411.63,363.14,30.75,63.21,1,-1,-1,-1
60,928,1047.80,293.64,24.35,61.83,1,-1,-1,-1
60,921,1003.57,297.73,23.59,54.59,1,-1,-1,-1
60,919,969.66,292.13,16.38,47.45,1,-1,-1,-1
61,945,1226.02,303.75,19.09,50.57,1,-1,-1,-1
61,943,1018.58,290.21,18.08,52.53,1,-1,-1,-1
61,940,1178.49,304.46,19.46,57.42,1,-1,-1,-1
61,939,1140.43,308.03,23.27,49.60,1,-1,-1,-1
61,938,971.13,294.63,20.86,51.36,1,-1,-1,-1
61,937,1092.26,306.32,19.89,48.44,1,-1,-1,-1
61,935,1080.00,305.43,16.65,44.11,1,-1,-1,-1
61,929,421.49,362.59,31.34,62.99,1,-1,-1,-1
61,928,1041.01,292.91,23.04,62.50,1,-1,-1,-1
61,921,995.86,297.62,20.64,54.47,1,-1,-1,-1
61,919,963.82,293.99,16.07,46.95,1,-1,-1,-1
62,945,1220.33,304.99,17.90,50.02,1,-1,-1,-1
62,944,1206.55,300.91,19.14,49.92,1,-1,-1,-1
62,943,1015.02,290.16,17.15,52.39,1,-1,-1,-1
62,940,1172.04,304.88,21.22,57.92,1,-1,-1,-1
62,939,1133.75,307.86,20.49,49.20,1,-1,-1,-1
62,938,966.19,294.32,20.23,51.03,1,-1,-1,-1
62,937,1085.65,306.79,18.79,48.66,1,-1,-1,-1
62,935,1072.70,306.39,16.68,44.05,1,-1,-1,-1
62,929,432.38,361.89,29.56,63.14,1,-1,-1,-1
62,928,1034.29,292.78,22.03,62.98,1,-1,-1,-1
62,921,987.64,298.18,21.85,54.33,1,-1,-1,-1
62,919,958.47,293.94,13.83,46.50,1,-1,-1,-1
63,945,1215.20,305.47,16.45,48.86,1,-1,-1,-1
63,944,1203.02,302.92,17.79,48.98,1,-1,-1,-1
63,943,1009.58,290.70,17.72,53.06,1,-1,-1,-1
63,940,1167.35,305.92,19.78,57.70,1,-1,-1,-1
63,939,1126.75,308.03,21.81,49.59,1,-1,-1,-1
63,938,958.65,293.92,19.37,51.60,1,-1,-1,-1
63,937,1078.01,306.01,20.57,49.85,1,-1,-1,-1
63,935,1065.78,306.37,16.39,43.42,1,-1,-1,-1
63,929,442.64,361.18,30.58,64.30,1,-1,-1,-1
63,928,1027.56,296.57,23.45,62.22,1,-1,-1,-1
63,921,983.40,298.30,21.08,54.99,1,-1,-1,-1
64,945,1210.90,307.31,15.31,49.50,1,-1,-1,-1
64,944,1197.66,304.26,17.37,48.77,1,-1,-1,-1
64,943,1000.78,291.96,20.00,53.07,1,-1,-1,-1
64,940,1158.99,306.74,21.56,57.36,1,-1,-1,-1
64,939,1121.30,308.01,22.80,50.58,1,-1,-1,-1
64,938,949.16,293.28,22.19,52.16,1,-1,-1,-1
64,937,1070.67,306.14,18.39,50.23,1,-1,-1,-1
64,935,1060.27,306.19,15.70,43.41,1,-1,-1,-1
64,929,453.90,359.33,31.85,64.23,1,-1,-1,-1
64,928,1018.88,296.66,21.29,62.39,1,-1,-1,-1
64,921,976.70,296.71,19.89,54.92,1,-1,-1,-1
65,945,1202.41,307.62,18.44,52.40,1,-1,-1,-1
65,943,993.55,291.47,19.58,53.38,1,-1,-1,-1
65,940,1153.82,307.69,22.69,56.40,1,-1,-1,-1
65,939,1115.35,308.05,21.53,51.07,1,-1,-1,-1
65,938,941.25,292.60,21.74,52.91,1,-1,-1,-1
65,937,1062.91,305.20,21.12,52.16,1,-1,-1,-1
65,935,1053.17,304.43,16.16,45.13,1,-1,-1,-1
65,929,465.72,356.25,30.44,62.12,1,-1,-1,-1
65,928,1010.65,297.11,22.71,61.37,1,-1,-1,-1
65,921,970.00,299.52,21.76,54.10,1,-1,-1,-1
66,945,1198.60,308.34,18.36,51.03,1,-1,-1,-1
66,943,989.72,291.49,18.10,53.26,1,-1,-1,-1
66,940,1147.34,309.77,20.46,55.74,1,-1,-1,-1
66,939,1107.81,310.67,23.10,49.76,1,-1,-1,-1
66,938,931.26,292.29,22.70,53.59,1,-1,-1,-1
66,937,1056.60,306.03,22.49,51.85,1,-1,-1,-1
66,935,1046.00,303.34,15.95,45.56,1,-1,-1,-1
66,929,475.87,357.98,32.07,62.67,1,-1,-1,-1
66,928,1004.63,298.45,24.62,60.73,1,-1,-1,-1
66,921,964.71,298.74,22.69,54.46,1,-1,-1,-1
67,945,1191.72,308.50,17.97,52.15,1,-1,-1,-1
67,943,982.96,292.73,17.83,51.48,1,-1,-1,-1
67,940,1141.43,311.09,19.99,55.33,1,-1,-1,-1
67,939,1100.97,309.22,23.75,50.91,1,-1,-1,-1
67,938,925.56,295.14,24.03,53.37,1,-1,-1,-1
67,937,1049.41,307.02,20.96,52.15,1,-1,-1,-1
67,935,1039.61,304.98,14.37,44.15,1,-1,-1,-1
67,929,488.61,356.85,30.90,62.82,1,-1,-1,-1
67,928,997.88,299.76,22.81,60.03,1,-1,-1,-1
67,921,957.57,299.33,20.83,54.63,1,-1,-1,-1
68,947,1243.79,286.38,17.16,53.32,1,-1,-1,-1
68,945,1184.59,309.77,18.75,52.65,1,-1,-1,-1
68,944,1174.58,305.67,15.22,48.21,1,-1,-1,-1
68,943,977.09,293.75,16.87,50.60,1,-1,-1,-1
68,940,1135.81,310.46,21.52,55.96,1,-1,-1,-1
68,939,1092.78,310.00,22.64,50.86,1,-1,-1,-1
68,938,918.04,294.82,22.72,54.32,1,-1,-1,-1
68,937,1041.94,306.27,21.00,52.43,1,-1,-1,-1
68,935,1030.26,306.29,15.01,44.28,1,-1,-1,-1
68,929,501.76,355.09,30.16,63.06,1,-1,-1,-1
68,928,988.78,299.89,23.50,59.71,1,-1,-1,-1
68,921,950.80,299.89,22.21,54.90,1,-1,-1,-1
69,947,1237.93,285.51,17.40,52.71,1,-1,-1,-1
69,945,1178.84,310.41,18.12,51.49,1,-1,-1,-1
69,944,1168.56,305.47,14.42,47.63,1,-1,-1,-1
69,940,1130.07,310.41,19.50,56.42,1,-1,-1,-1
69,939,1085.90,311.46,23.59,50.34,1,-1,-1,-1
69,938,909.27,295.37,24.23,54.56,1,-1,-1,-1
69,937,1035.23,304.55,20.37,53.01,1,-1,-1,-1
69,935,1024.43,308.00,14.75,44.08,1,-1,-1,-1
69,929,510.24,354.80,32.07,63.22,1,-1,-1,-1
69,928,981.43,301.30,25.52,59.62,1,-1,-1,-1
69,921,943.72,300.43,21.75,55.57,1,-1,-1,-1
70,947,1232.64,286.99,18.38,53.26,1,-1,-1,-1
70,945,1172.57,309.45,17.52,52.20,1,-1,-1,-1
70,944,1160.91,306.55,15.07,49.13,1,-1,-1,-1
70,940,1121.65,312.67,21.83,55.37,1,-1,-1,-1
70,939,1081.88,310.97,21.17,50.76,1,-1,-1,-1
70,938,901.66,294.87,25.12,55.41,1,-1,-1,-1
70,937,1027.65,305.38,17.67,52.45,1,-1,-1,-1
70,935,1018.96,305.39,14.04,45.73,1,-1,-1,-1
70,929,521.78,352.76,31.64,63.87,1,-1,-1,-1
70,928,973.53,301.70,23.75,59.39,1,-1,-1,-1
70,921,937.09,299.76,21.77,56.38,1,-1,-1,-1
71,947,1227.62,287.54,15.29,50.82,1,-1,-1,-1
71,945,1165.81,309.47,20.48,53.48,1,-1,-1,-1
71,944,1155.29,305.87,15.61,48.69,1,-1,-1,-1
71,940,1114.42,311.08,23.89,57.02,1,-1,-1,-1
71,939,1072.28,310.26,22.28,51.16,1,-1,-1,-1
71,938,892.57,294.48,23.45,55.73,1,-1,-1,-1
71,937,1018.81,305.32,21.29,52.71,1,-1,-1,-1
71,929,535.30,352.36,30.71,63.92,1,-1,-1,-1
71,928,964.86,302.27,24.92,59.14,1,-1,-1,-1
71,921,930.62,301.11,23.63,56.55,1,-1,-1,-1
72,945,1158.38,309.04,23.17,53.95,1,-1,-1,-1
72,939,1064.99,313.08,24.05,50.25,1,-1,-1,-1
72,937,1011.66,306.51,22.78,53.29,1,-1,-1,-1
72,929,544.48,352.21,32.76,63.80,1,-1,-1,-1
72,928,957.75,302.92,26.78,59.45,1,-1,-1,-1
73,939,1058.01,311.99,25.62,48.67,1,-1,-1,-1
73,937,1003.63,306.64,20.50,53.02,1,-1,-1,-1
73,929,555.03,351.22,30.93,63.59,1,-1,-1,-1
73,928,950.08,303.47,24.20,59.42,1,-1,-1,-1
74,939,1050.56,312.18,23.79,49.34,1,-1,-1,-1
74,937,994.46,307.95,21.93,52.59,1,-1,-1,-1
74,929,568.54,350.23,29.77,63.31,1,-1,-1,-1
74,928,942.06,303.67,24.51,58.72,1,-1,-1,-1
75,939,1042.93,313.17,21.31,49.62,1,-1,-1,-1
75,938,858.07,297.97,25.43,54.94,1,-1,-1,-1
75,937,988.62,307.88,20.58,52.06,1,-1,-1,-1
75,929,579.57,350.26,30.03,62.82,1,-1,-1,-1
75,928,935.87,305.06,25.35,58.52,1,-1,-1,-1
75,921,902.44,301.66,22.10,56.55,1,-1,-1,-1
76,955,871.38,291.76,20.80,57.30,1,-1,-1,-1
76,938,849.12,298.35,26.19,54.73,1,-1,-1,-1
76,937,980.35,309.97,20.51,51.60,1,-1,-1,-1
76,929,591.92,347.17,28.84,63.60,1,-1,-1,-1
76,928,925.91,305.40,24.87,58.55,1,-1,-1,-1
76,921,894.08,302.94,23.51,57.17,1,-1,-1,-1
77,955,864.46,290.69,22.97,58.95,1,-1,-1,-1
77,938,840.33,297.81,23.84,54.43,1,-1,-1,-1
77,929,604.42,345.90,30.79,64.61,1,-1,-1,-1
77,928,917.39,303.97,26.15,59.72,1,-1,-1,-1
77,921,887.25,304.37,25.52,57.08,1,-1,-1,-1
78,955,857.77,293.66,19.22,55.28,1,-1,-1,-1
78,938,832.85,299.48,25.37,54.87,1,-1,-1,-1
78,929,611.87,345.34,33.76,65.75,1,-1,-1,-1
78,921,880.01,304.10,23.83,56.54,1,-1,-1,-1
79,938,824.91,299.91,23.80,54.87,1,-1,-1,-1
79,929,624.31,344.07,30.49,65.17,1,-1,-1,-1
80,929,636.23,343.78,30.56,65.02,1,-1,-1,-1
81,929,645.59,343.74,31.27,63.97,1,-1,-1,-1
85,957,1197.45,304.49,21.29,47.78,1,-1,-1,-1
86,958,1161.04,309.61,21.70,51.98,1,-1,-1,-1
86,957,1190.98,304.11,22.92,48.30,1,-1,-1,-1
87,959,1116.40,305.85,23.63,44.10,1,-1,-1,-1
87,958,1154.16,310.31,21.64,51.81,1,-1,-1,-1
87,957,1186.45,303.77,20.87,47.43,1,-1,-1,-1
88,960,1043.18,317.49,21.22,54.63,1,-1,-1,-1
88,959,1108.88,308.20,20.78,41.40,1,-1,-1,-1
88,958,1148.35,312.34,20.11,51.77,1,-1,-1,-1
88,957,1179.73,302.88,20.95,47.30,1,-1,-1,-1
89,963,1027.65,316.15,19.02,47.09,1,-1,-1,-1
89,962,975.59,319.02,24.23,56.36,1,-1,-1,-1
89,961,1006.10,304.33,20.96,49.63,1,-1,-1,-1
89,960,1033.58,314.92,24.89,57.86,1,-1,-1,-1
89,959,1100.36,308.13,21.22,42.13,1,-1,-1,-1
89,958,1141.35,311.41,19.74,51.04,1,-1,-1,-1
89,957,1174.79,305.72,20.68,46.84,1,-1,-1,-1
90,966,38.75,385.07,25.50,53.46,1,-1,-1,-1
90,965,950.26,306.91,19.36,52.35,1,-1,-1,-1
90,964,932.46,319.91,24.10,50.89,1,-1,-1,-1
90,963,1018.27,316.65,18.47,47.38,1,-1,-1,-1
90,962,965.70,319.41,23.13,56.21,1,-1,-1,-1
90,961,998.45,303.34,24.46,54.76,1,-1,-1,-1
90,960,1025.68,315.74,25.59,58.10,1,-1,-1,-1
90,959,1093.60,308.76,21.25,42.95,1,-1,-1,-1
90,958,1134.90,308.22,22.17,55.60,1,-1,-1,-1
90,957,1169.91,306.22,20.16,46.77,1,-1,-1,-1
91,969,1248.19,307.41,20.98,52.12,1,-1,-1,-1
91,968,904.13,309.12,20.63,44.26,1,-1,-1,-1
91,967,853.72,313.44,24.18,57.33,1,-1,-1,-1
91,966,50.41,380.29,27.14,56.71,1,-1,-1,-1
91,965,941.61,308.55,17.91,50.73,1,-1,-1,-1
91,964,922.99,320.37,23.21,50.09,1,-1,-1,-1
91,963,1012.34,317.28,15.70,45.85,1,-1,-1,-1
91,962,959.40,318.97,24.09,57.21,1,-1,-1,-1
91,961,990.66,302.85,23.83,54.18,1,-1,-1,-1
91,960,1018.00,316.41,22.82,56.32,1,-1,-1,-1
91,959,1086.05,309.71,19.76,42.24,1,-1,-1,-1
91,958,1127.59,307.72,21.94,56.71,1,-1,-1,-1
91,957,1161.51,306.03,22.06,47.26,1,-1,-1,-1
92,972,834.47,317.19,16.34,38.55,1,-1,-1,-1
92,971,822.18,301.64,17.12,51.65,1,-1,-1,-1
92,969,1244.22,308.62,20.77,51.73,1,-1,-1,-1
92,968,897.86,310.77,20.29,43.74,1,-1,-1,-1
92,967,842.55,313.34,27.19,60.35,1,-1,-1,-1
92,965,933.89,309.27,19.93,52.13,1,-1,-1,-1
92,964,913.33,321.33,25.50,50.16,1,-1,-1,-1
92,962,950.11,319.71,24.28,57.98,1,-1,-1,-1
92,961,981.44,301.55,24.05,54.97,1,-1,-1,-1
92,960,1008.95,315.93,24.08,56.95,1,-1,-1,-1
92,959,1078.68,309.72,21.80,43.42,1,-1,-1,-1
92,958,1118.86,307.78,22.84,58.03,1,-1,-1,-1
92,957,1155.75,306.08,23.84,48.19,1,-1,-1,-1
93,976,849.46,309.51,18.00,52.14,1,-1,-1,-1
93,973,784.27,335.04,30.00,68.28,1,-1,-1,-1
93,968,889.32,310.11,21.60,45.69,1,-1,-1,-1
93,967,834.57,316.17,22.24,55.68,1,-1,-1,-1
93,965,924.92,309.74,19.20,51.02,1,-1,-1,-1
93,964,906.65,322.80,24.91,49.46,1,-1,-1,-1
93,962,939.41,319.63,24.87,58.64,1,-1,-1,-1
93,961,973.48,302.98,24.24,54.93,1,-1,-1,-1
93,960,1000.55,316.91,24.93,57.55,1,-1,-1,-1
93,959,1069.92,308.90,22.83,44.67,1,-1,-1,-1
93,958,1110.48,308.79,24.06,59.18,1,-1,-1,-1
93,957,1149.75,306.74,23.54,47.91,1,-1,-1,-1
94,977,687.14,312.78,24.46,56.66,1,-1,-1,-1
94,973,798.30,332.40,32.10,68.69,1,-1,-1,-1
94,967,823.72,315.23,26.19,59.25,1,-1,-1,-1
94,965,916.09,308.89,18.72,50.58,1,-1,-1,-1
94,964,897.18,322.01,24.48,50.08,1,-1,-1,-1
94,962,931.86,321.14,27.77,58.74,1,-1,-1,-1
94,961,966.53,303.35,22.71,54.18,1,-1,-1,-1
94,960,990.79,314.42,26.23,55.68,1,-1,-1,-1
94,959,1063.16,309.45,21.13,44.28,1,-1,-1,-1
94,958,1104.76,309.04,23.16,58.61,1,-1,-1,-1
94,957,1144.16,306.70,23.69,47.29,1,-1,-1,-1
95,977,675.23,312.54,29.48,60.75,1,-1,-1,-1
95,973,808.77,333.93,31.43,66.18,1,-1,-1,-1
95,964,889.90,324.10,25.30,49.62,1,-1,-1,-1
95,962,924.76,320.88,26.78,58.84,1,-1,-1,-1
95,961,957.90,303.86,24.95,55.54,1,-1,-1,-1
95,960,980.84,316.18,28.02,56.57,1,-1,-1,-1
95,959,1054.63,309.36,22.64,44.42,1,-1,-1,-1
95,958,1097.93,310.38,24.95,58.86,1,-1,-1,-1
95,957,1137.44,307.25,22.12,46.98,1,-1,-1,-1
96,978,748.88,319.71,33.12,68.62,1,-1,-1,-1
96,977,666.25,313.31,27.91,59.09,1,-1,-1,-1
96,973,822.45,333.22,26.97,63.67,1,-1,-1,-1
96,964,881.74,324.23,25.60,49.72,1,-1,-1,-1
96,962,916.28,322.40,25.04,57.72,1,-1,-1,-1
96,961,950.39,304.28,25.14,55.25,1,-1,-1,-1
96,960,972.77,317.85,27.46,56.02,1,-1,-1,-1
96,959,1046.93,308.76,21.80,45.09,1,-1,-1,-1
96,958,1089.95,311.55,23.08,57.49,1,-1,-1,-1
97,978,738.01,322.95,30.99,65.48,1,-1,-1,-1
97,977,655.67,313.73,27.58,58.96,1,-1,-1,-1
97,973,830.87,332.82,29.43,65.57,1,-1,-1,-1
97,964,872.63,324.90,22.99,48.98,1,-1,-1,-1
97,962,909.81,323.81,25.67,57.17,1,-1,-1,-1
97,961,941.80,304.08,24.26,55.18,1,-1,-1,-1
97,960,966.06,317.05,27.06,55.24,1,-1,-1,-1
98,978,728.93,324.07,31.20,63.98,1,-1,-1,-1
98,977,643.51,314.27,31.68,60.75,1,-1,-1,-1
98,973,841.68,331.15,29.30,64.92,1,-1,-1,-1
98,967,791.06,320.25,24.87,56.19,1,-1,-1,-1
98,965,884.27,311.05,18.98,52.50,1,-1,-1,-1
98,962,901.79,325.00,23.83,56.78,1,-1,-1,-1
98,961,934.26,306.31,25.37,54.88,1,-1,-1,-1
98,960,954.99,318.50,26.93,56.22,1,-1,-1,-1
99,978,718.52,325.69,34.72,63.99,1,-1,-1,-1
99,977,635.61,315.28,27.75,58.65,1,-1,-1,-1
99,973,854.93,328.77,27.42,65.48,1,-1,-1,-1
99,967,782.02,322.07,22.10,54.26,1,-1,-1,-1
99,962,891.12,325.29,24.59,57.17,1,-1,-1,-1
99,960,944.50,321.23,22.15,55.20,1,-1,-1,-1
