1,-1,1188.0112433554589,273.58533104151735,12.926112465850013,44.60672933613763,1,-1,-1,-1
1,-1,1202.9937828045122,272.7049350677778,14.101213599109041,46.07405595903683,1,-1,-1,-1
1,-1,1222.9705020699168,272.99840039235767,10.869685482646421,44.90019466071745,1,-1,-1,-1
1,-1,1243.8285471852657,273.2918657169375,9.400809066072695,44.90019466071751,1,-1,-1,-1
1,-1,1262.923940600726,275.6395883135763,12.63233718253508,48.71524388025554,1,-1,-1,-1
2,-1,1188.0112433554589,271.83220175600275,12.926112465850013,46.359858621652286,1,-1,-1,-1
2,-1,1202.993782804512,269.7779444839437,14.101213599109041,49.00104654287093,1,-1,-1,-1
2,-1,1221.3776675582662,272.8593303920322,14.395712103328254,46.56605776538553,1,-1,-1,-1
2,-1,1241.9419373903004,274.22883524007153,12.682022950658867,46.22368155337569,1,-1,-1,-1
2,-1,1262.923940600726,275.6395883135763,12.63233718253508,48.02393611157279,1,-1,-1,-1
2,-1,874.9113990760429,234.06613791832984,16.451415865627332,30.471482868874702,1,-1,-1,-1
3,-1,1188.0112433554589,272.3756597051893,12.926112465850013,45.81640067246564,1,-1,-1,-1
3,-1,1202.993782804512,270.06462027412306,14.101213599109041,47.76437450741992,1,-1,-1,-1
3,-1,1220.325385447159,273.65957050022627,15.680978967830294,45.71011723536097,1,-1,-1,-1
3,-1,1242.1750125463086,274.42991697724835,11.568125001423812,43.762143400406686,1,-1,-1,-1
3,-1,1262.923940600726,275.6395883135763,12.63233718253508,48.71524388025554,1,-1,-1,-1
3,-1,874.9113990760429,235.3205580263014,12.454472685774089,30.816752012933424,1,-1,-1,-1
4,-1,1187.33692952668,271.7597464360557,13.600426294628589,46.43231394159932,1,-1,-1,-1
4,-1,1202.993782804512,270.4758356410189,14.101213599109041,48.30315538579582,1,-1,-1,-1
4,-1,1219.7256545121336,272.99840039235767,16.452139086531613,46.26893839211057,1,-1,-1,-1
4,-1,1242.0892979544706,273.29186571693754,12.339285120124895,44.90019466071751,1,-1,-1,-1
4,-1,1262.923940600726,275.6395883135763,12.63233718253508,48.71524388025554,1,-1,-1,-1
4,-1,871.2098305062767,234.06613791832984,13.827671773561217,30.471482868874702,1,-1,-1,-1
4,-1,627.247801941007,237.3910460575411,11.16346076596147,25.531483238447244,1,-1,-1,-1
5,-1,1186.2128143602147,272.052381436658,14.724541461093752,46.13967894099703,1,-1,-1,-1
5,-1,1202.993782804512,271.02525280062855,14.101213599109041,47.75373822618617,1,-1,-1,-1
5,-1,1220.8293352441392,272.99840039235767,15.081187764396196,45.962415021695655,1,-1,-1,-1
5,-1,1241.7363429067068,274.44901492072677,13.367498611727042,43.74304545692824,1,-1,-1,-1
5,-1,1261.2723992471394,275.6395883135763,14.738449933862224,48.45687028062442,1,-1,-1,-1
5,-1,869.740954089703,236.76099251702865,11.606811415968439,29.24395489307516,1,-1,-1,-1
5,-1,627.0456370988587,237.28270312833524,10.025804764021176,25.678215900737005,1,-1,-1,-1
5,-1,601.3410230297206,237.79626744634984,10.796241661817863,26.705344536766628,1,-1,-1,-1
6,-1,1188.0112433554589,272.15928675575407,12.926112465850013,46.03277362190095,1,-1,-1,-1
6,-1,1202.9937828045122,272.7049350677778,14.101213599109041,46.07405595903683,1,-1,-1,-1
6,-1,1220.1398848200186,272.99840039235767,16.745914369846545,46.1182312282217,1,-1,-1,-1
6,-1,1241.5854805019972,273.29186571693754,14.395712103328254,47.5855578511209,1,-1,-1,-1
6,-1,1260.6808739174571,276.26780129987196,14.875403865803667,48.08703089395996,1,-1,-1,-1
7,-1,1188.0112433554589,271.5086296023108,12.926112465850013,46.683430775344235,1,-1,-1,-1
7,-1,1202.9937828045122,272.7049350677778,14.101213599109041,46.07405595903683,1,-1,-1,-1
7,-1,1221.0349297277323,273.9052630863796,15.423925594929933,45.8813053413658,1,-1,-1,-1
7,-1,1241.9419373903004,274.9323917224091,13.367498611726575,43.259668655246,1,-1,-1,-1
7,-1,1260.4497802391306,275.6395883135763,15.106497544130047,48.71524388025554,1,-1,-1,-1
8,-1,1186.4184088438083,271.82304080451456,14.518946977500883,46.3690195731405,1,-1,-1,-1
8,-1,1202.9937828045122,272.7049350677778,14.101213599109041,46.07405595903683,1,-1,-1,-1
8,-1,1221.3776675582658,272.99840039235767,15.423925594930166,46.760203025581646,1,-1,-1,-1
8,-1,1240.9137238986984,274.904426712603,14.395712103328487,45.53892912935602,1,-1,-1,-1
8,-1,1259.764304578063,277.3010601966717,14.738449933862224,47.05377199716017,1,-1,-1,-1
8,-1,863.6230838146727,238.2682434061854,14.611456770921887,26.812288231491873,1,-1,-1,-1
9,-1,1188.0112433554589,273.58533104151735,12.926112465850013,44.60672933613763,1,-1,-1,-1
9,-1,1202.9937828045122,272.7049350677778,14.101213599109041,46.07405595903683,1,-1,-1,-1
9,-1,1220.2397612579348,272.99840039235767,16.966245832332568,46.02119664575603,1,-1,-1,-1
9,-1,1238.7476041067655,275.87730139282644,15.166872222029571,44.68298859933152,1,-1,-1,-1
9,-1,1258.7977671929987,275.6395883135763,16.7585105902623,49.28599838170694,1,-1,-1,-1
9,-1,863.84377049178,238.6730454510458,11.843832061802372,26.407486186631473,1,-1,-1,-1
10,-1,1186.3508292621434,273.5853310415174,14.586526559165344,44.60672933613763,1,-1,-1,-1
10,-1,1202.993782804512,271.03942587169024,14.101213599109041,47.73956515512438,1,-1,-1,-1
10,-1,1220.7225374099714,272.99840039235767,15.864588519902448,44.90019466071745,1,-1,-1,-1
10,-1,1238.3490544088581,274.5610097666485,14.880301842480044,46.37041421566557,1,-1,-1,-1
10,-1,1258.3257736742628,276.32180171412756,14.983262669957885,48.033030479704315,1,-1,-1,-1
10,-1,859.0454408643053,236.87570071673437,12.339285120124895,31.28621682903136,1,-1,-1,-1
11,-1,1188.0112433554589,272.21859842269316,12.926112465850013,45.973461954961856,1,-1,-1,-1
11,-1,1202.993782804512,271.0447371243738,14.101213599109041,47.73425390244088,1,-1,-1,-1
11,-1,1222.9705020699168,272.99840039235767,10.869685482646421,44.90019466071745,1,-1,-1,-1
11,-1,1237.3654909523407,274.46572701525696,13.033971270003997,46.471008219740675,1,-1,-1,-1
11,-1,1256.8617952343652,277.10691493647556,13.700302732544873,48.71524388025554,1,-1,-1,-1
12,-1,1188.0112433554589,271.82252092953746,12.926112465850013,46.36953944811753,1,-1,-1,-1
12,-1,1202.993782804512,272.702916903277,14.101213599109041,46.07607412353765,1,-1,-1,-1
12,-1,1218.0834578368151,274.17024352617625,15.75672971574823,43.728351526898884,1,-1,-1,-1
12,-1,1237.071715669026,275.0526576644166,13.033971270003763,44.90019466071751,1,-1,-1,-1
12,-1,1253.3364918345878,277.39836209655465,17.33346493647594,50.772394084363356,1,-1,-1,-1
13,-1,1188.0112433554589,272.3964153446513,12.926112465850013,45.79564503300362,1,-1,-1,-1
13,-1,1202.9937828045122,272.7049350677778,14.101213599109041,46.07405595903683,1,-1,-1,-1
13,-1,1217.9436805554196,273.4235439806809,14.05443034934869,44.01854945638113,1,-1,-1,-1
13,-1,1236.28831491352,275.13542504073,12.389703743898343,43.969638568951225,1,-1,-1,-1
13,-1,1250.1283949274602,281.69773416996765,20.256352997105182,48.81986984004119,1,-1,-1,-1
14,-1,1188.0112433554589,273.58533104151735,12.926112465850013,44.60672933613763,1,-1,-1,-1
14,-1,1200.897655421537,272.99840039235767,12.33928512012513,46.07405595903683,1,-1,-1,-1
14,-1,1214.117543170702,273.5650221337391,17.88056773406637,43.8770713033229,1,-1,-1,-1
14,-1,1236.28831491352,275.9127447303779,12.389703743898343,43.192318879303286,1,-1,-1,-1
14,-1,1248.3657432275716,281.99119949454746,20.256352997105182,48.81986984004119,1,-1,-1,-1
15,-1,1185.6513484528598,271.9014989584629,15.8638652989977,44.606729336137576,1,-1,-1,-1
15,-1,1202.6903148851165,272.7818949322024,14.101213599108808,43.139402713238375,1,-1,-1,-1
15,-1,1215.028876784337,277.1838748009003,12.63233718253508,42.8459373886585,1,-1,-1,-1
15,-1,1234.1242701997974,277.77080545006,12.63233718253508,44.378163432508906,1,-1,-1,-1
15,-1,1243.2313039825551,284.8139732399764,18.50784284883069,47.83484790651603,1,-1,-1,-1
16,-1,1182.196585289576,273.43968470473146,14.394988882423974,42.36905623621623,1,-1,-1,-1
16,-1,1201.3809659944636,273.04250235425076,13.161132692501678,42.112274077208866,1,-1,-1,-1
16,-1,1213.719527893684,278.7944227160159,13.572418089142444,38.41461098750267,1,-1,-1,-1
16,-1,1234.0781550273978,279.4106998976336,9.66520682105611,41.085145441179364,1,-1,-1,-1
16,-1,1240.247435977008,285.3680459866046,17.27398665890863,45.193659985297266,1,-1,-1,-1
17,-1,1181.9470231568805,274.7374831042548,14.394988882423974,43.75567989485605,1,-1,-1,-1
17,-1,1201.8943648939537,273.7103544682253,14.189346184103591,42.728551258826606,1,-1,-1,-1
17,-1,1213.4103559998928,279.05142337557874,16.657058563947714,41.49599689559113,1,-1,-1,-1
17,-1,1228.8335583739185,280.07855201160817,13.98370348578321,46.42621434853269,1,-1,-1,-1
17,-1,1237.059266306732,286.446749554991,13.778060787462826,40.87971971397345,1,-1,-1,-1
18,-1,1179.046736416639,277.50212349264143,16.1576405823124,42.87854464694516,1,-1,-1,-1
18,-1,1201.7327166281686,274.4044339554097,13.056679258434272,44.019798686977886,1,-1,-1,-1
18,-1,1213.1573109792987,279.13248640697395,13.709513221356032,42.55247206407868,1,-1,-1,-1
18,-1,1231.110244959646,287.28430097863657,16.32084907304284,42.8785446469451,1,-1,-1,-1
18,-1,1274.3604950032095,278.3173049498077,5.639504996790411,43.20461722981163,1,-1,-1,-1
18,-1,1225.7243647655418,284.02357514997146,12.077428314051865,41.57425431547914,1,-1,-1,-1
19,-1,1176.7377070148736,278.2656753700307,15.080464543491681,41.76989786519909,1,-1,-1,-1
19,-1,1203.928241570563,274.8419132499325,11.424594351130105,41.99814867320559,1,-1,-1,-1
19,-1,1208.9550630850604,277.80917375401765,17.36538341371761,43.13940271323832,1,-1,-1,-1
19,-1,1227.9198897079361,287.3957076902928,20.107286057988908,41.99814867320559,1,-1,-1,-1
19,-1,1272.0194667663243,278.4936047411429,7.768724158768293,44.50890756127772,1,-1,-1,-1
20,-1,1170.9952064697825,277.6554902922187,15.527775196940738,45.89142109162891,1,-1,-1,-1
20,-1,1206.7934762154428,280.1140433460294,16.1576405823124,42.55247206407868,1,-1,-1,-1
20,-1,1220.3071392479221,286.5702804867862,18.801618132145624,46.07405595903683,1,-1,-1,-1
20,-1,1269.0182260024785,282.79402640441504,8.911906814785887,40.058016805149855,1,-1,-1,-1
21,-1,1.640224406899796,393.9267629885756,38.02159181853105,66.6582113050361,1,-1,-1,-1
21,-1,1162.769498536969,279.2887800316059,24.335109188811305,47.2508101894052,1,-1,-1,-1
21,-1,1198.4142329124945,281.3430373036649,25.020584849879484,46.908433977395305,1,-1,-1,-1
21,-1,1216.9065917290304,284.76679942376313,18.181312271496175,48.277938825434646,1,-1,-1,-1
21,-1,836.6838520558814,238.00195015907275,11.79812012454501,27.177376014337128,1,-1,-1,-1
21,-1,1266.961799019275,285.1091756357729,11.311071628523218,38.691404889159436,1,-1,-1,-1
22,-1,4.390645411749873,392.41868631990553,43.414181755198655,68.93463695002764,1,-1,-1,-1
22,-1,1161.5762242235444,279.9714278092936,19.87951739187062,44.84005563386946,1,-1,-1,-1
22,-1,1197.1740038055339,282.35184403671803,16.517897623584158,46.20598167120786,1,-1,-1,-1
22,-1,1215.290621417372,285.44848289076776,15.766663425463669,49.53331826947071,1,-1,-1,-1
22,-1,1264.8733609012763,284.865495856839,13.280999052273852,38.247263287058786,1,-1,-1,-1
22,-1,1271.2711337379092,295.4944113751049,7.997939266695377,40.628643825166364,1,-1,-1,-1
23,-1,1154.7749359411175,279.29142423272464,18.802341353050135,46.80513082882909,1,-1,-1,-1
23,-1,1191.8132415559294,282.48693554481645,17.84558291239273,44.73874919651283,1,-1,-1,-1
23,-1,1211.1280394719133,286.36719928092776,15.896168410126782,47.448073383639574,1,-1,-1,-1
23,-1,1263.3809053184773,284.12812071458586,13.975117131689727,50.59189994129112,1,-1,-1,-1
23,-1,16.66194694687737,397.48411314114026,31.67067019058789,63.658796074324336,1,-1,-1,-1
24,-1,31.079019650827377,397.72194757921784,24.42969098490884,63.130207403800625,1,-1,-1,-1
24,-1,1151.2471395812377,279.33747772109587,21.11974143158503,47.25081018940508,1,-1,-1,-1
24,-1,1189.5894464256996,282.0764874171744,16.023004148911415,48.227124105025034,1,-1,-1,-1
24,-1,1206.6767788237753,286.86975438531204,16.41530110806497,45.931418646729355,1,-1,-1,-1
24,-1,1256.679664103258,284.1302625338919,21.263908913538394,50.4098355443413,1,-1,-1,-1
25,-1,34.19693805316224,398.1253619584056,38.244193666812855,65.07350585723098,1,-1,-1,-1
25,-1,1148.1649404078992,279.57796171757366,17.921015503105806,47.83774083856489,1,-1,-1,-1
25,-1,1185.7681766721903,280.7518230158932,16.452139086531613,49.011602136884335,1,-1,-1,-1
25,-1,1203.5190774731198,286.91459483206995,19.265508117636294,46.53310358539374,1,-1,-1,-1
25,-1,1255.3929188177913,283.9799415862716,15.570813236587282,51.54905808939395,1,-1,-1,-1
25,-1,1264.2061773172345,283.6864762616917,12.045509836810432,40.50110772406853,1,-1,-1,-1
26,-1,47.851003427735506,395.7573551288301,25.521849504756002,66.88695372573754,1,-1,-1,-1
26,-1,1142.9751548731276,279.59585101272665,17.266141434049736,47.313162035318875,1,-1,-1,-1
26,-1,1177.7382844891622,282.80562800031873,21.061017753079145,48.68224781577062,1,-1,-1,-1
26,-1,1198.538371529419,286.44337525292326,15.469921942764167,47.732627178770265,1,-1,-1,-1
26,-1,1250.0070041845963,285.03537962877965,15.62715437339728,51.03135895535328,1,-1,-1,-1
26,-1,1259.407813250669,285.03537962877954,14.101936820013321,41.67496902238797,1,-1,-1,-1
27,-1,54.33149322665874,392.97573372445976,34.83979417643105,68.84687222128431,1,-1,-1,-1
27,-1,1136.7214234163923,279.59585101272665,23.51987289078502,47.313162035318875,1,-1,-1,-1
27,-1,1175.793536097257,282.80562800031873,23.0057661449843,48.68224781577062,1,-1,-1,-1
27,-1,1195.7964688851478,287.12812767694294,15.469921942764167,47.732627178770265,1,-1,-1,-1
27,-1,1245.0263232762381,285.567269129739,18.50882065860214,50.84184566640367,1,-1,-1,-1
27,-1,825.0705202399118,234.13395651107626,14.440715385085888,30.42444976330187,1,-1,-1,-1
27,-1,1256.679664103258,285.22489291772916,15.081187764395962,51.70170094553294,1,-1,-1,-1
28,-1,63.08639496199604,392.9998103318351,39.96211936022711,67.15392088514062,1,-1,-1,-1
28,-1,1132.48792717425,280.6332238258644,20.43850974088809,44.36765671585488,1,-1,-1,-1
28,-1,1173.2770435468453,283.6064909301602,16.989778063302186,45.12059028098494,1,-1,-1,-1
28,-1,1188.4486051244562,287.5082179285682,18.323748850876466,48.42285124346707,1,-1,-1,-1
28,-1,1240.4320934794944,298.6012071976866,15.618758213589365,39.149622751706914,1,-1,-1,-1
28,-1,1251.115426933396,292.03047685914686,17.685272055548925,40.67429398676754,1,-1,-1,-1
28,-1,592.6423353526952,238.77294302360406,10.49634606010058,25.250245635724813,1,-1,-1,-1
29,-1,68.66812534497673,388.6385125660724,38.48212674315944,94.69897929271161,1,-1,-1,-1
29,-1,1128.668848491158,280.6332238258644,20.43850974088809,44.36765671585488,1,-1,-1,-1
29,-1,1171.5143918469566,283.6064909301602,16.989778063302186,45.12059028098494,1,-1,-1,-1
29,-1,1183.4544253081049,290.3870844822947,18.323748850876466,45.83745001432038,1,-1,-1,-1
29,-1,1234.8503630965138,287.02767879302536,18.021517573713293,49.549289858048795,1,-1,-1,-1
29,-1,1253.7828276157768,286.62379021778264,11.163460765961354,44.01979868697794,1,-1,-1,-1
29,-1,1268.146386646058,292.6109708984963,11.105428930202834,44.37195707647368,1,-1,-1,-1
29,-1,592.3459082124364,238.88311764726095,11.640152735113606,25.19372126110056,1,-1,-1,-1
30,-1,90.05496597029217,389.24163543478534,25.75484172557604,69.43678872764204,1,-1,-1,-1
30,-1,1124.5559945247514,281.2021094199566,17.162685594751668,44.62047403058617,1,-1,-1,-1
30,-1,1167.858521654595,283.83474173816677,16.989778063302186,45.12059028098494,1,-1,-1,-1
30,-1,1178.6560956806304,290.3870844822947,18.323748850876466,45.83745001432038,1,-1,-1,-1
30,-1,1229.1380659209485,287.02767879302536,18.021517573713293,49.549289858048795,1,-1,-1,-1
30,-1,1248.0705304402118,284.1667984288872,15.226887339422646,45.33553643584057,1,-1,-1,-1
30,-1,1264.2113853277249,293.29940224430385,13.481021334333462,43.59590432925149,1,-1,-1,-1
31,-1,93.13960644509729,387.32687947888445,41.95780710315692,69.9820398355035,1,-1,-1,-1
31,-1,1121.8140918804802,280.51735699593706,17.162685594751668,44.62047403058617,1,-1,-1,-1
31,-1,1164.77388117979,283.83474173816677,16.989778063302186,45.12059028098494,1,-1,-1,-1
31,-1,1175.9141930363594,290.7294606943046,18.323748850876466,45.83745001432038,1,-1,-1,-1
31,-1,1225.3679497850756,287.02767879302536,18.021517573713293,49.549289858048795,1,-1,-1,-1
31,-1,1243.2722008127373,284.1667984288872,15.226887339422646,45.33553643584057,1,-1,-1,-1
31,-1,1261.4694826834534,291.9298973962646,13.481021334333462,43.59590432925149,1,-1,-1,-1
32,-1,107.87733315805508,389.4482619583892,27.716890102701573,68.20303356800855,1,-1,-1,-1
32,-1,1115.9875487614038,280.17498078392725,17.162685594751668,44.62047403058617,1,-1,-1,-1
32,-1,1160.3182893828493,282.8076131021373,16.989778063302186,45.12059028098494,1,-1,-1,-1
32,-1,1169.589848774095,288.6752034222456,15.394171688726145,45.83745001432038,1,-1,-1,-1
32,-1,1219.609954232106,286.6168273386136,18.021517573713293,49.549289858048795,1,-1,-1,-1
32,-1,1239.570632242971,284.37222415609307,15.226887339422646,45.33553643584057,1,-1,-1,-1
32,-1,1255.5058444321635,290.49191730582334,13.481021334333462,43.59590432925149,1,-1,-1,-1
32,-1,1181.783035768716,290.2695087773694,10.899063010977939,40.674293986767594,1,-1,-1,-1
33,-1,111.9901871244619,387.9809353354899,27.716890102701573,68.20303356800855,1,-1,-1,-1
33,-1,1109.8182678117935,280.8476381061412,18.617868741875274,44.86081994039841,1,-1,-1,-1
33,-1,1155.7484516423974,285.5466227982159,16.989778063302186,45.12059028098494,1,-1,-1,-1
33,-1,1163.4205678244846,289.8164574622783,15.394171688726145,45.83745001432038,1,-1,-1,-1
33,-1,1213.440673282496,287.7580813786463,18.021517573713293,49.549289858048795,1,-1,-1,-1
33,-1,1235.4577782765643,284.6004749640996,15.226887339422646,45.33553643584057,1,-1,-1,-1
33,-1,1249.7935472565987,292.0425351159749,16.440152684014222,41.817035711093354,1,-1,-1,-1
33,-1,1176.0707385931507,289.58475635334975,10.899063010977939,40.674293986767594,1,-1,-1,-1
34,-1,123.98601119314841,385.4807480039438,42.77500195438177,68.64896362749573,1,-1,-1,-1
34,-1,1104.3344625232507,282.2171429541805,18.617868741875274,44.86081994039841,1,-1,-1,-1
34,-1,1151.292859845457,287.6008800702749,12.985456581492297,45.12059028098494,1,-1,-1,-1
34,-1,1158.279500366476,289.8164574622783,15.394171688726145,45.83745001432038,1,-1,-1,-1
34,-1,1209.4860060071048,288.39016053927986,18.021517573713293,49.549289858048795,1,-1,-1,-1
34,-1,1230.8703642371106,286.65473223615857,18.539654470277885,47.70305098361159,1,-1,-1,-1
34,-1,1245.5225065991763,291.72649553565816,16.440152684014222,41.817035711093354,1,-1,-1,-1
34,-1,1170.90330668664,288.1625782419243,10.899063010977939,40.674293986767594,1,-1,-1,-1
34,-1,1260.4830870784838,295.0108554703329,17.875096084768227,44.56158082466377,1,-1,-1,-1
35,-1,133.58185943661897,386.8644618386977,37.584851875216714,64.46480851938111,1,-1,-1,-1
35,-1,1099.4562220919124,281.91129160593675,19.128628355644196,47.61119657127208,1,-1,-1,-1
35,-1,1153.1578058817595,288.7588158461333,16.195085713631485,51.498244535911326,1,-1,-1,-1
35,-1,1203.0800014378474,286.39925379388563,18.337197154468218,56.463785049409246,1,-1,-1,-1
35,-1,1230.0706055923922,285.97128352887336,11.268229399706412,51.48771581302679,1,-1,-1,-1
35,-1,1240.3495875922147,291.3209118415269,18.768772358829924,46.29319101981606,1,-1,-1,-1
35,-1,1255.5617317383512,294.31670369661293,17.475962758342664,45.70670421147513,1,-1,-1,-1
35,-1,1141.719654008595,280.1167094249341,12.852668645021339,49.43056560891892,1,-1,-1,-1
35,-1,1149.0028329074403,285.46633773758765,10.496346060100814,49.00259534390666,1,-1,-1,-1
35,-1,1169.138680451307,286.7502485326245,8.140023475180291,48.78861021140051,1,-1,-1,-1
36,-1,155.98821589669868,385.86560669349393,21.59320654454024,66.61353217204335,1,-1,-1,-1
36,-1,1094.1108882837761,283.90486854846495,18.431910563614224,44.06861390870315,1,-1,-1,-1
36,-1,1129.2505448650138,281.85061127640597,24.36080099985848,44.25600701255843,1,-1,-1,-1
36,-1,1143.1285760688345,290.0676403646419,19.02552374833793,47.18580106451882,1,-1,-1,-1
36,-1,1196.6051279556784,290.06366258307463,19.793832934237244,51.60015710758848,1,-1,-1,-1
36,-1,1250.5863362647679,297.25356303528105,15.680978967830294,42.232248459144195,1,-1,-1,-1
36,-1,1232.592600161738,291.8611376961262,21.328417646132234,42.5376456117022,1,-1,-1,-1
36,-1,1219.9499759288074,289.8068804240673,16.499148047341514,47.68831597797528,1,-1,-1,-1
36,-1,1158.8124059694671,289.0434046606613,16.965522611428053,44.936877826289965,1,-1,-1,-1
37,-1,158.86721367318344,388.56373880052604,41.24467344373392,64.73710297383492,1,-1,-1,-1
37,-1,1090.8206051106506,287.1916801837593,18.431910563614224,44.06861390870315,1,-1,-1,-1
37,-1,1123.0812639154037,281.7138976351319,20.33301683936875,47.88495801633278,1,-1,-1,-1
37,-1,1139.6326501973888,289.4513631830242,19.02552374833793,47.18580106451882,1,-1,-1,-1
37,-1,1192.9035593859126,289.0365339470452,19.793832934237244,51.60015710758848,1,-1,-1,-1
37,-1,1240.5098440470715,297.7440473941092,20.965837713705124,43.385169917963196,1,-1,-1,-1
37,-1,1226.2176765138074,290.75957266910865,18.60094668302166,41.790379093866605,1,-1,-1,-1
37,-1,1213.3694095825565,286.8564838521966,18.082438223450392,50.22786109543405,1,-1,-1,-1
37,-1,1153.6713385114583,289.0434046606613,16.965522611428053,44.936877826289965,1,-1,-1,-1
38,-1,174.03336267430862,384.71200641541554,27.77605157601169,64.73710297383492,1,-1,-1,-1
38,-1,1087.3932268053115,286.05042614372655,18.431910563614224,44.06861390870315,1,-1,-1,-1
38,-1,1120.5678531581548,281.7138976351319,15.031840859779875,47.88495801633278,1,-1,-1,-1
38,-1,1133.2348773607557,289.6796139910307,19.02552374833793,47.18580106451882,1,-1,-1,-1
38,-1,1186.9627703233248,288.58003233103216,19.793832934237244,51.60015710758848,1,-1,-1,-1
38,-1,1235.9400063066196,296.3745425460699,17.803252351914686,43.385169917963196,1,-1,-1,-1
38,-1,1221.5251793674431,291.9008267091413,17.581146653820877,41.790379093866605,1,-1,-1,-1
38,-1,1212.2269501474434,287.02432874116994,15.01124961646917,48.690511358421446,1,-1,-1,-1
38,-1,1147.9590413358937,288.5869030446482,15.516662898798058,44.936877826289965,1,-1,-1,-1
39,-1,186.88217163085935,383.43243408203125,32.71933007040702,63.5604248046875,1,-1,-1,-1
39,-1,1077.5316491895176,282.29762562803245,25,47.516814901966555,1,-1,-1,-1
39,-1,1108.3722005931868,282.86431209523306,25,48.44060870253621,1,-1,-1,-1
39,-1,1179.753154245227,288.57781978835277,25,53.408876261770665,1,-1,-1,-1
39,-1,1127.4170074722176,290.3822653643319,25,49.78304448543545,1,-1,-1,-1
39,-1,1146.4220790675708,293.2381625462195,14.356188373306885,40.1161561619063,1,-1,-1,-1
39,-1,1207.7356167060664,289.554092858157,10.670140007187442,44.96110255827174,1,-1,-1,-1
39,-1,1219.1817668955946,298.4687942274695,13.19217309979563,37.596784035796226,1,-1,-1,-1
39,-1,1232.7619450865607,297.1122092364871,12.804168008624977,39.92235830605165,1,-1,-1,-1
39,-1,1266.3570509930041,299.27254747228545,12.923658999696292,40.19091673423873,1,-1,-1,-1
40,-1,1073.7205581003736,284.5703482951346,25,47.293892261163705,1,-1,-1,-1
40,-1,1122.3177904702736,290.1709407997461,25,52.58334073774112,1,-1,-1,-1
40,-1,1103.938067971401,282.39234009889674,25,48.84961240133354,1,-1,-1,-1
40,-1,1172.1611057214532,286.12606843530443,25,58.49507727038664,1,-1,-1,-1
40,-1,190.93291100834682,384.9005961551275,40.00936366378638,62.85529799768957,1,-1,-1,-1
40,-1,1141.3156727732933,292.19622169374384,13.1097220179217,44.6800956672826,1,-1,-1,-1
40,-1,1201.4674276685755,289.62695363764567,13.366775390822294,46.4775707803342,1,-1,-1,-1
40,-1,1212.2636693303934,294.2490324997783,13.880882136623017,45.45044214430469,1,-1,-1,-1
40,-1,1229.4862453147223,297.3304184078668,13.366775390822063,44.423313508275186,1,-1,-1,-1
40,-1,1262.1320236730762,291.937993068712,13.1097220179217,51.356431801474244,1,-1,-1,-1
41,-1,1114.9030137271336,289.96878370887146,25,51.2179231643385,1,-1,-1,-1
41,-1,1251.0375685069175,298.0585284377547,25.000000000000092,47.79533885596484,1,-1,-1,-1
41,-1,1068.174905679153,281.4470534906875,25,51.649908653639265,1,-1,-1,-1
41,-1,208.1238638557936,379.55098678948855,25.54469906622944,66.77512456603716,1,-1,-1,-1
41,-1,1100.3900781197735,283.4921555231909,15.166149001125058,48.78861021140051,1,-1,-1,-1
41,-1,1136.1204969529326,288.8845808623457,12.595615272120977,45.964006462319475,1,-1,-1,-1
41,-1,1171.336809040291,286.8303235902867,15.680255746926013,56.74885714062902,1,-1,-1,-1
41,-1,1197.5562530761347,292.4795310884489,10.539188288917385,39.8012346461425,1,-1,-1,-1
41,-1,1206.5531211276495,298.3855207456184,18.25078947593033,42.62583839522359,1,-1,-1,-1
41,-1,1224.0327504848785,299.6694315406553,13.1097220179217,42.88262055423101,1,-1,-1,-1
42,-1,1088.74853515625,282.4992185798354,26.495849609375,50.262683275633336,1,-1,-1,-1
42,-1,218.38553732715343,379.63614375313114,36.324445970156944,65.8416924819352,1,-1,-1,-1
42,-1,1112.4333275825718,289.52674846532113,25,52.706820677491905,1,-1,-1,-1
42,-1,1160.8674822319858,286.89089912749597,27.114847260997003,58.08188599384117,1,-1,-1,-1
42,-1,1066.435313412965,283.87181673027646,18.41219508217019,46.81795643297187,1,-1,-1,-1
42,-1,1129.3237199923253,290.32122909604294,19.36867274877614,44.190418061733624,1,-1,-1,-1
42,-1,1192.4512459883367,290.798963345359,11.716851415926419,43.473816687759566,1,-1,-1,-1
42,-1,1199.1465896545803,296.77064146180953,18.890433915473164,42.51834818912747,1,-1,-1,-1
42,-1,1215.645829403538,298.68157845907365,21.75986691529172,41.562879690495436,1,-1,-1,-1
42,-1,1253.4340162844915,300.54204057673843,15.423233358310236,46.25394362308637,1,-1,-1,-1
43,-1,1059.7219827894826,285.3195789438255,23.89100460460806,49.464629162862465,1,-1,-1,-1
43,-1,1155.9818853683228,286.99905000817415,25.233178345909643,57.56164518628472,1,-1,-1,-1
43,-1,1206.7597627804616,299.1336671014991,25,46.0493161490278,1,-1,-1,-1
43,-1,1242.584645617247,301.9339633538048,25,46.982748233129705,1,-1,-1,-1
43,-1,222.45154328667675,379.08669079241287,42.05529724318264,64.71795783106609,1,-1,-1,-1
43,-1,1086.6976278688958,285.4820335772727,19.279002967531774,43.909749190260456,1,-1,-1,-1
43,-1,1108.2901111925316,292.6719340294791,19.53605634043237,46.22078862132683,1,-1,-1,-1
43,-1,1125.7697405497606,292.15836971146433,16.451415865627332,44.42331350827524,1,-1,-1,-1
43,-1,1184.1475249690093,295.24554148365064,16.965522611428053,43.13940271323832,1,-1,-1,-1
43,-1,1195.971980122429,298.0701452327317,12.852668645021339,42.88262055423101,1,-1,-1,-1
44,-1,240.05793162414832,375.9863948979345,25,66.5747852937421,1,-1,-1,-1
44,-1,1052.6677782427769,282.5928794196236,25,48.227324345265615,1,-1,-1,-1
44,-1,1100.641969172037,291.30491220457475,25,51.64990865363933,1,-1,-1,-1
44,-1,1238.0226068331,298.89321033865696,25,48.72877094006675,1,-1,-1,-1
44,-1,1083.5986886526273,285.86465204846763,15.166149001125058,46.99113509834892,1,-1,-1,-1
44,-1,1122.9278547063925,292.02742386464456,12.595615272120977,41.85549191820151,1,-1,-1,-1
44,-1,1154.031312827344,287.14856284350446,15.68025574692578,57.005639299636385,1,-1,-1,-1
44,-1,1180.2507568631875,292.7977703416667,19.021949594631412,43.39618487224573,1,-1,-1,-1
44,-1,1188.4764647960012,292.7977703416667,20.307216459133688,44.423313508275186,1,-1,-1,-1
44,-1,1202.357346932624,296.9062848857846,19.021949594631412,48.531828052393145,1,-1,-1,-1
44,-1,1271.5138349067574,301.5312566799662,8.486165093242521,47.76148157537101,1,-1,-1,-1
45,-1,249.80565736333972,376.1840161082377,39.10637462939515,67.51409110295461,1,-1,-1,-1
45,-1,1144.7010362417413,288.63554272974164,25,59.618811921255755,1,-1,-1,-1
45,-1,1194.232830772601,297.3475755146929,25,49.662203024168726,1,-1,-1,-1
45,-1,1094.8577209905618,290.1912628699115,25,54.018219416644286,1,-1,-1,-1
45,-1,1045.948967900342,282.29182070779547,25,51.33876462560528,1,-1,-1,-1
45,-1,1231.9268379313053,300.96046238983376,25,48.22732434526556,1,-1,-1,-1
45,-1,1076.3914290072505,287.4792243207003,15.99443209158196,44.73715836928422,1,-1,-1,-1
45,-1,1114.3210822530023,292.9572437128576,18.050859074785553,43.367653521244875,1,-1,-1,-1
45,-1,1177.189940777336,295.9222541586825,13.252529447310893,41.31339624918592,1,-1,-1,-1
45,-1,1265.6165421287176,302.9980292068856,14.383457871282504,48.38917129738906,1,-1,-1,-1
46,-1,1042.9656999815852,283.59765482074334,25,51.17315586011516,1,-1,-1,-1
46,-1,1139.7154943043859,287.75082253481537,25,60.43431055597627,1,-1,-1,-1
46,-1,1228.0090084035999,300.4199048108632,25,49.75253530362211,1,-1,-1,-1
46,-1,253.37831819290642,377.5725794396254,42.866381096874306,64.59711636979935,1,-1,-1,-1
46,-1,1073.5849636456587,286.58068454626357,13.983703485782975,45.60451143970909,1,-1,-1,-1
46,-1,1091.4758783995283,291.51090199920503,14.806274279064507,51.356431801474244,1,-1,-1,-1
46,-1,1103.1975122037877,284.11557581979275,12.544204597540764,48.68589734779756,1,-1,-1,-1
46,-1,1112.2457909298826,290.07292190876376,15.834487770666419,46.837065802944515,1,-1,-1,-1
46,-1,1174.1921926702712,295.840464103593,19.947341737073135,42.523125531620636,1,-1,-1,-1
46,-1,1192.9056782174223,298.7164242844755,17.068343960588244,46.63164007573866,1,-1,-1,-1
46,-1,1260.9734113614552,300.3598301021227,14.806274279064507,50.94558034706248,1,-1,-1,-1
47,-1,275.29468179061513,374.3315694502676,25,63.78452574696418,1,-1,-1,-1
47,-1,1133.5491118751681,287.1405494426428,25,60.552244005357664,1,-1,-1,-1
47,-1,1081.5251515817495,291.68686840188553,26.16774050686933,52.894484765775225,1,-1,-1,-1
47,-1,1059.530658746307,287.33085200940997,27.368687455290626,49.47190045740145,1,-1,-1,-1
47,-1,1041.212146527182,286.735257098139,13.252529447310893,47.476168065362835,1,-1,-1,-1
47,-1,1107.0178099896912,291.9850256822897,15.080464543491681,45.87841240931694,1,-1,-1,-1
47,-1,1169.8906864079386,297.9333684769159,18.736334735853255,41.769897865199034,1,-1,-1,-1
47,-1,1188.8555130308143,299.0746225169487,14.623480769446543,47.93266968137595,1,-1,-1,-1
47,-1,1225.8711987284757,301.1288797890076,14.851972656469112,48.61742210539556,1,-1,-1,-1
47,-1,1250.3191074189897,302.72663544505355,23.07840381018706,48.61742210539556,1,-1,-1,-1
48,-1,1128.504150390625,289.4831237792969,25.98046875,58.94061279296875,1,-1,-1,-1
48,-1,1077.3416748046875,291.63623046875,27.172119140625,54.04461669921875,1,-1,-1,-1
48,-1,280.0366104773033,375.68990903193156,40.842892073448574,62.02277749440905,1,-1,-1,-1
48,-1,1035.7739177292506,285.6717485030716,14.882037378445766,49.19405572562274,1,-1,-1,-1
48,-1,1059.3221127279542,287.3331180511559,21.37601732540382,52.43761983939994,1,-1,-1,-1
48,-1,1099.0977399030728,294.3608402976734,17.31727985855496,44.32870955495668,1,-1,-1,-1
48,-1,1091.7920124627449,288.41430608908166,12.176212400546568,40.8148484316979,1,-1,-1,-1
48,-1,1162.4504909130737,295.9963257168989,15.423202374025653,43.51781852651233,1,-1,-1,-1
48,-1,1177.3325282915193,299.5101868401577,24.352424801093136,46.220788621326776,1,-1,-1,-1
48,-1,1215.4846604798986,300.86167188756497,23.54067730772313,46.76138264028965,1,-1,-1,-1
48,-1,1249.036890205849,303.0240479634164,18.129027351924734,48.92375871614127,1,-1,-1,-1
48,-1,789.037644720049,239.1111323085895,10.282155572206785,25.69805885526515,1,-1,-1,-1
49,-1,1072.747143773351,293.95326447194435,25,50.094188513469376,1,-1,-1,-1
49,-1,1121.9674175838907,290.53068016357065,25.233178345909643,59.11736532645462,1,-1,-1,-1
49,-1,1210.7508228750537,301.73186517279356,25,48.849612401333594,1,-1,-1,-1
49,-1,290.78790457153997,374.0856057490815,37.50877843479976,62.85529799768968,1,-1,-1,-1
49,-1,1031.7216193212519,286.9476387038351,16.6227847808942,46.220788621326776,1,-1,-1,-1
49,-1,1055.3705296280912,287.63239112785476,14.909095628224696,46.049600515321885,1,-1,-1,-1
49,-1,1086.5596722066762,288.4883316578793,11.481717322885688,43.139402713238375,1,-1,-1,-1
49,-1,1098.2127584448288,292.9392224140071,17.308260441962027,43.824155137258046,1,-1,-1,-1
49,-1,1155.6504547006618,296.5262170769758,19.193318509898397,42.62583839522359,1,-1,-1,-1
49,-1,1173.6441908036916,300.4635435150888,23.64891030683932,46.56316483333661,1,-1,-1,-1
49,-1,1244.945773504893,303.0431779110289,15.59457128929264,49.13098642341035,1,-1,-1,-1
50,-1,1062.4887233994152,295.2155202127012,25,51.64990865363933,1,-1,-1,-1
50,-1,1204.2306511449567,301.2480982066134,25,49.662203024168605,1,-1,-1,-1
50,-1,306.05422609851416,369.61062677333405,25,65.74118348457816,1,-1,-1,-1
50,-1,1025.4979143748676,286.6080209923,14.7805689417744,49.858535873931224,1,-1,-1,-1
50,-1,1047.775873359571,288.3199020523491,16.065835806276674,49.00259534390666,1,-1,-1,-1
50,-1,1079.479122683957,290.0317831123982,14.994780085858306,45.36484809130227,1,-1,-1,-1
50,-1,1091.6891578967272,294.31148576252104,15.208991229941862,44.080937296265404,1,-1,-1,-1
50,-1,1114.6097503136818,288.3199020523491,20.778480976117837,59.05989657169533,1,-1,-1,-1
50,-1,1147.1698442144025,294.0975006300149,21.849536696536322,41.299130573685574,1,-1,-1,-1
50,-1,1166.6630583260182,300.30306947269304,19.064791823448218,48.78861021140051,1,-1,-1,-1
50,-1,1237.1584886399353,301.5936099036753,18.63636953528087,51.78440206648649,1,-1,-1,-1
51,-1,313.2024841308594,371.35662841796875,34.377197265625,65.6260986328125,1,-1,-1,-1
51,-1,1106.4094323105853,292.6563207409336,26.47926122718907,59.11736532645462,1,-1,-1,-1
51,-1,1158.1218718836835,301.4891949871515,25,47.17305079989692,1,-1,-1,-1
51,-1,1016.6914648584623,287.0557282363221,25,49.47190045740152,1,-1,-1,-1
51,-1,1058.435241381325,294.83432893717145,25,51.96105268167326,1,-1,-1,-1
51,-1,1042.144569795081,292.09508849088957,17.31727985855508,44.59900656443815,1,-1,-1,-1
51,-1,1085.1671869436786,293.4465735382968,21.37601732540382,47.84257067821546,1,-1,-1,-1
51,-1,1073.802722036502,288.0406333486679,15.964367369605423,36.76039328947629,1,-1,-1,-1
51,-1,1144.4247539596715,294.798058585704,15.69378487181542,47.301976659252524,1,-1,-1,-1
51,-1,1201.2470784955553,302.3663748511844,21.37601732540382,38.111878336883514,1,-1,-1,-1
51,-1,1235.2832593111268,301.1270972250991,13.366802243868667,49.337539864625505,1,-1,-1,-1
51,-1,1270.5852430993075,297.70088440693837,8.225724457765567,38.03102031231551,1,-1,-1,-1
52,-1,323.81180436227754,371.58920157404305,34.8199773912393,61.358104356545816,1,-1,-1,-1
52,-1,1194.269998141709,303.36833998594585,25,42.00444378458617,1,-1,-1,-1
52,-1,1012.0303767545843,287.53122674018914,22.72045496869329,48.849612401333594,1,-1,-1,-1
52,-1,1036.4968921340517,291.4293576038027,17.012259588319168,45.940662629682414,1,-1,-1,-1
52,-1,1055.0047349828824,296.2848747923058,17.760051218574752,49.86242651270407,1,-1,-1,-1
52,-1,1070.708359218254,288.25459636516615,13.086353529476318,47.808169240645114,1,-1,-1,-1
52,-1,1081.3643899493989,293.1101135536692,17.94699912613874,45.567161307489904,1,-1,-1,-1
52,-1,1103.6111909495085,290.4956042983214,18.320894941266705,57.33245295655491,1,-1,-1,-1
52,-1,1139.323698324683,298.7131593742025,13.64719725216827,41.45864676337194,1,-1,-1,-1
52,-1,1155.2142704676187,300.58066598516524,17.01225958831905,40.8983947800831,1,-1,-1,-1
52,-1,1230.8276167249721,301.8123460623238,13.366802243868902,39.058885726161876,1,-1,-1,-1
52,-1,1266.889609350372,295.4781229091166,13.0526212074384,44.1996363044997,1,-1,-1,-1
53,-1,340.52813706641547,367.1030208329773,25,59.85575115679668,1,-1,-1,-1
53,-1,1041.6961811065175,296.714832576677,28.756730133346498,51.61627120340077,1,-1,-1,-1
53,-1,1008.9488349753792,287.8470927744078,20.85804511534886,49.88910517857499,1,-1,-1,-1
53,-1,1026.5753519742655,293.422933941425,25.264674365070395,46.07405595903683,1,-1,-1,-1
53,-1,1065.3536893718156,284.9124395286093,14.982539449053371,52.23682777521381,1,-1,-1,-1
53,-1,1073.579397304629,294.30332991516457,21.15182039866368,48.42177855567572,1,-1,-1,-1
53,-1,1095.3187682699222,290.1948153710467,18.21406756551599,56.93227296849141,1,-1,-1,-1
53,-1,1129.396701134436,295.477191213484,18.21406756551576,43.139402713238375,1,-1,-1,-1
53,-1,1147.0232181333224,301.93342835424073,19.976719265404416,42.8459373886585,1,-1,-1,-1
53,-1,1190.8062737089742,302.5112669312468,17.920292282201054,37.270096221641275,1,-1,-1,-1
53,-1,1224.2966560068583,304.27205887872583,16.1576405823124,37.85702687080102,1,-1,-1,-1
53,-1,1260.9646704742447,299.66570943261775,19.035329525755255,41.769897865199034,1,-1,-1,-1
54,-1,346.63848876953125,366.91455078125,40.035888671875,66.282470703125,1,-1,-1,-1
54,-1,1039.8094482421875,297.8641662597656,26.923828125,50.39599609375,1,-1,-1,-1
54,-1,1138.2185956929059,304.6749647711699,27.609636339399255,41.95110469750799,1,-1,-1,-1
54,-1,1088.873713724618,291.4735681880381,26.14103866177146,59.25960243983638,1,-1,-1,-1
54,-1,1062.731545076554,295.8740337157487,28.525764412598917,44.00465527710622,1,-1,-1,-1
54,-1,1003.1283435425174,288.1891085179004,16.74519114894203,47.83484790651603,1,-1,-1,-1
54,-1,1021.0486358247186,287.60217786874074,18.507842848830574,52.53029309979363,1,-1,-1,-1
54,-1,1125.6326366847777,297.8734642290356,19.38916869877502,48.421778555675665,1,-1,-1,-1
54,-1,1182.3312663645288,301.9819787731535,20.56426983203428,42.8459373886585,1,-1,-1,-1
54,-1,1216.996749795672,305.2100973435319,17.62651699888636,45.19365998529733,1,-1,-1,-1
54,-1,1255.7900681976716,300.5129990462263,20.85804511534898,47.24791725735628,1,-1,-1,-1
55,-1,356.7230332693393,364.9282767677698,33.31448209730418,65.76911975917189,1,-1,-1,-1
55,-1,1175.7994301511644,305.04487017326056,25,49.11870969355892,1,-1,-1,-1
55,-1,1000.6932266550394,287.9635997087344,18.50784284883069,46.4775707803342,1,-1,-1,-1
55,-1,1016.8875891477662,292.0721142528524,16.96552261142817,49.045392370407875,1,-1,-1,-1
55,-1,1036.9377522339996,294.6399358429261,14.39498888242374,52.12677827849639,1,-1,-1,-1
55,-1,1055.1885417099297,289.5042926627787,16.219946432222216,49.5589566884226,1,-1,-1,-1
55,-1,1065.9847833717477,295.9238466379629,19.27900296753201,43.909749190260456,1,-1,-1,-1
55,-1,1084.235572847678,293.3560250478892,22.363643442337043,57.77598577665853,1,-1,-1,-1
55,-1,1119.7089383079367,299.2620147050588,16.708469238527695,45.45044214430469,1,-1,-1,-1
55,-1,1134.1039271903608,304.14087572619883,18.76489622173105,44.6800956672826,1,-1,-1,-1
55,-1,1213.0363083620462,304.6529935781891,16.451415865627332,53.4106890735332,1,-1,-1,-1
55,-1,1252.1170092911514,298.49130661153055,18.25078947593033,50.842867483459464,1,-1,-1,-1
56,-1,372.3470335166245,364.09781040911804,25,66.18538001081235,1,-1,-1,-1
56,-1,1024.8171230597102,294.88273583482396,25,54.922218693292784,1,-1,-1,-1
56,-1,1077.0458476436304,291.7253068594811,16.452172137888557,61.673348339887895,1,-1,-1,-1
56,-1,1062.2002653407785,291.1910596632571,10.282155572206902,49.337539864625505,1,-1,-1,-1
56,-1,1049.1755202318238,289.47653758706144,13.367525466226322,51.39469420142426,1,-1,-1,-1
56,-1,996.3944696786543,289.82057767278906,14.395017801089686,49.33753986462556,1,-1,-1,-1
56,-1,1010.4459839001148,289.13390532645826,20.565034366771226,53.45042502911709,1,-1,-1,-1
56,-1,1128.9814349158867,304.2774915439937,15.423233358310236,50.36540527847192,1,-1,-1,-1
56,-1,1113.2682628445416,297.35825214633525,14.395017801089569,46.253943623086435,1,-1,-1,-1
56,-1,1173.590325877885,302.15496263894545,16.451448915531135,52.42113610616464,1,-1,-1,-1
56,-1,1207.521439266168,302.84021147617017,17.479664472751804,55.504732347703765,1,-1,-1,-1
56,-1,1245.904555317368,296.53473332790213,16.451448915530904,53.449001520010995,1,-1,-1,-1
56,-1,1258.245933190302,300.0992318112528,19.536818809550322,56.53259776155001,1,-1,-1,-1
57,-1,377.3670959472656,365.3096923828125,34.81231689453125,65.182861328125,1,-1,-1,-1
57,-1,1067.9345503490283,291.7913300355592,25,59.0848212096962,1,-1,-1,-1
57,-1,770.1870470901019,236.02895957615647,9.253940014986235,26.724500760005498,1,-1,-1,-1
57,-1,987.1405296636681,291.87632418446333,17.479664472751804,47.28180903693279,1,-1,-1,-1
57,-1,1004.2774137791481,291.87632418446333,13.366802243868902,52.42113610616464,1,-1,-1,-1
57,-1,1023.8135093663413,295.9877701558672,19.536095587193138,54.47686693385735,1,-1,-1,-1
57,-1,1044.377820510755,291.5336919238602,13.366802243869019,50.36540527847192,1,-1,-1,-1
57,-1,1056.3730291323689,292.5615573377066,12.339309909005422,47.28180903693279,1,-1,-1,-1
57,-1,1101.2717332928073,296.67301899309206,21.428593990070617,49.337539864625505,1,-1,-1,-1
57,-1,1121.1506092372724,304.2107091506198,20.565034366771226,46.253943623086364,1,-1,-1,-1
57,-1,1165.3646014201195,307.2942897081773,21.592526701634704,47.28180903693279,1,-1,-1,-1
57,-1,1201.694800765521,304.89594230386297,15.423233358310469,52.42113610616464,1,-1,-1,-1
57,-1,1241.7944842747709,297.3582521463352,16.452172137888088,53.449001520010995,1,-1,-1,-1
57,-1,1254.606637526042,300.09998464236634,13.367525466226322,50.36540527847192,1,-1,-1,-1
58,-1,1159.0042224841409,306.8734854985755,25,49.160756429367524,1,-1,-1,-1
58,-1,990.1599920707706,292.24971618097874,26.790781947508925,51.649908653639265,1,-1,-1,-1
58,-1,388.3236039460202,364.0727014280124,32.08412202478485,63.663684469478596,1,-1,-1,-1
58,-1,1196.9618938038745,303.7065228178739,18.379721649017007,56.93935449741186,1,-1,-1,-1
58,-1,1116.2780309717496,304.017666831521,14.952993883945878,49.783042183529446,1,-1,-1,-1
58,-1,1100.7019956759723,304.6399548588151,18.379721649017007,42.937873883294216,1,-1,-1,-1
58,-1,1062.6964695542763,293.438770367521,18.691242354932523,60.050794633882404,1,-1,-1,-1
58,-1,1048.054996376246,294.9944904357563,16.510597413523687,49.16075415623536,1,-1,-1,-1
58,-1,1034.0365646100465,289.0827541764621,23.052532237749965,53.51677034729419,1,-1,-1,-1
58,-1,1018.4605293142694,296.2390664903445,14.952993883945995,54.45020238823535,1,-1,-1,-1
58,-1,978.5858789570801,293.749914381168,19.625804472679068,45.73817000611769,1,-1,-1,-1
58,-1,1245.733237296412,301.03054370279085,17.133638825354716,56.25872696755891,1,-1,-1,-1
58,-1,1235.453054001199,300.60272068402617,16.27695688408711,51.338762251764805,1,-1,-1,-1
59,-1,1008.4501953125,297.7315673828125,25.418579101562504,54.63720703125,1,-1,-1,-1
59,-1,403.1405755710446,362.532724234227,25,65.12688981011722,1,-1,-1,-1
59,-1,1053.9470184666584,293.26483983091794,25,59.428509354488604,1,-1,-1,-1
59,-1,985.5359383035549,294.00796934825274,25,49.66220302416867,1,-1,-1,-1
59,-1,1188.3819647272765,304.3495365577334,25,56.00592504611489,1,-1,-1,-1
59,-1,1232.5490247067974,302.6150427963897,29.146840048993447,54.11383271324279,1,-1,-1,-1
59,-1,1155.3656477413344,305.24367795939474,16.154573749620074,53.392312741835305,1,-1,-1,-1
59,-1,1108.664243628796,303.48349182504853,18.79804945410344,48.40511869452108,1,-1,-1,-1
59,-1,1094.8594260609386,306.4171353822922,13.21737852241638,39.017459311341284,1,-1,-1,-1
59,-1,1031.7097286760597,290.5754601731762,16.448293272340514,52.51221967466225,1,-1,-1,-1
59,-1,977.0778974500713,292.62901066324685,13.80481756785726,46.35156820445046,1,-1,-1,-1
60,-1,1045.91650390625,293.7578125,28.21435546875,62.55804443359375,1,-1,-1,-1
60,-1,1001.5266723632812,297.6416931152344,28.13568115234375,54.542236328125,1,-1,-1,-1
60,-1,410.9552307128906,364.2563171386719,32.93548583984375,61.56610107421875,1,-1,-1,-1
60,-1,1096.3570556640625,306.0965576171875,27.68115234375,47.95379638671875,1,-1,-1,-1
60,-1,1143.5135668247196,309.1124042376043,26.044262199601015,47.91618031723162,1,-1,-1,-1
60,-1,1232.9552255454378,305.55835216033705,18.666648614991807,46.745294050291015,1,-1,-1,-1
60,-1,1217.2644194632708,302.85631204182306,21.91302228716411,46.74529405029107,1,-1,-1,-1
60,-1,1184.8006827415459,304.47753611293143,19.478242033035,58.63427057175242,1,-1,-1,-1
60,-1,1084.7041611828943,304.47753611293143,17.58452405760096,44.313457943628556,1,-1,-1,-1
60,-1,1027.3515596411805,289.88651947295625,12.985494688689922,51.06855823991333,1,-1,-1,-1
60,-1,982.7139216488088,292.8587636033215,12.714963549342269,51.87917027546758,1,-1,-1,-1
60,-1,970.540020378162,291.50774354406457,14.067619246080767,47.82611009769668,1,-1,-1,-1
61,-1,968.2468393652944,295.05984553039536,25,51.217923164338615,1,-1,-1,-1
61,-1,1016.2210302945547,292.4498518448569,21.662007228193982,47.91618031723162,1,-1,-1,-1
61,-1,1139.990302033221,307.5864628992784,25,49.47190045740152,1,-1,-1,-1
61,-1,420.27923215478825,362.8199497032498,33.20923876695818,62.730252201595476,1,-1,-1,-1
61,-1,964.0507540812224,295.25528577273843,15.214671276914995,45.588820879567095,1,-1,-1,-1
61,-1,998.3865662872333,297.30883626280905,12.336219954255414,54.41908798687064,1,-1,-1,-1
61,-1,1042.5913544566486,291.7642499396185,18.915537263191666,63.865420241195395,1,-1,-1,-1
61,-1,1178.7577110968755,303.90659641880814,17.47631160186199,57.49941372197654,1,-1,-1,-1
61,-1,1093.4321897466086,305.5494368108646,15.62587860872354,50.31198700672947,1,-1,-1,-1
61,-1,1081.0959697923533,306.1655019578858,15.009067611010723,42.713850193468325,1,-1,-1,-1
61,-1,1227.0926537992314,304.7352491046372,17.065104270053446,47.642371369637765,1,-1,-1,-1
61,-1,1215.7844521744971,302.4763435655596,14.392256613297905,48.66914661467299,1,-1,-1,-1
62,-1,985.4447652767184,298.7292739773055,25,53.28131220996204,1,-1,-1,-1
62,-1,1170.0713080168994,305.8056982551911,25,56.195133971444356,1,-1,-1,-1
62,-1,434.34801828486957,361.0655930671888,25,65.02910185910007,1,-1,-1,-1
62,-1,1086.994174417589,306.293063262191,15.71122352664613,49.59518164698781,1,-1,-1,-1
62,-1,1072.252779503699,306.6805256188081,16.681052139402027,43.589515119422956,1,-1,-1,-1
62,-1,1035.5932579415248,292.34441842397564,18.814675087465023,63.54382648520317,1,-1,-1,-1
62,-1,1017.1665142991621,290.40710664089016,14.353463468787828,51.338762251764805,1,-1,-1,-1
62,-1,967.8992207711609,294.2817302070611,18.426743642362617,49.98264400360493,1,-1,-1,-1
62,-1,961.1104204818694,293.894267850444,7.758628902047405,45.72055808081694,1,-1,-1,-1
62,-1,1221.3390820499003,303.9568778559789,15.961337221514807,52.4195782991703,1,-1,-1,-1
62,-1,1205.107213689038,302.6058577967219,20.830897729773497,44.58366195547991,1,-1,-1,-1
62,-1,1136.3923042947204,307.469530010047,12.985494688689922,48.90692614510223,1,-1,-1,-1
63,-1,441.3106994628906,359.9740295410156,33.46282958984375,67.38641357421875,1,-1,-1,-1
63,-1,1026.1893310546875,299.6124267578125,26.8486328125,59.12750244140625,1,-1,-1,-1
63,-1,1075.830106633654,304.9342476750671,25,51.217923164338615,1,-1,-1,-1
63,-1,1125.0503804441933,308.0456879554069,25,49.35105899613473,1,-1,-1,-1
63,-1,985.5095129933538,297.38519587522757,18.73277844905464,56.814896891952976,1,-1,-1,-1
63,-1,1009.2681588311791,291.22454440501576,18.504329931383122,52.47962363513732,1,-1,-1,-1
63,-1,959.2379334611433,292.59357806506284,16.905190307683313,53.62048501850985,1,-1,-1,-1
63,-1,1065.9233912136856,306.7402592188825,15.534499201655025,41.5273543547608,1,-1,-1,-1
63,-1,1216.5498185461443,304.0343362979034,14.16380809562662,51.11058997509033,1,-1,-1,-1
63,-1,1205.5842896979173,304.49068085125236,14.392256613297905,46.77531671827462,1,-1,-1,-1
63,-1,1169.4894239058362,306.77240361799755,15.534499201655025,56.35855233860396,1,-1,-1,-1
64,-1,452.7229050916235,358.8331765707656,35.513362116465366,64.09566977499816,1,-1,-1,-1
64,-1,1155.993582249176,308.2841627835716,25.544699066229384,54.32936344467822,1,-1,-1,-1
64,-1,944.9060121795713,293.038105409907,29.470990123119787,51.84021122040648,1,-1,-1,-1
64,-1,997.1180148860417,293.85069603274223,25,50.09418851346943,1,-1,-1,-1
64,-1,1120.7917408530307,307.35073069946975,25,51.84021122040648,1,-1,-1,-1
64,-1,977.9022871102205,295.83691467692296,16.448293272340628,54.62444303587771,1,-1,-1,-1
64,-1,1020.4622459524019,296.24762477493704,15.009067611010723,62.633289947153045,1,-1,-1,-1
64,-1,1072.8911807579873,304.6671817842265,12.336219954255414,52.98160264382128,1,-1,-1,-1
64,-1,1061.5829791332533,305.6939570292618,13.775445615585086,43.53527038949654,1,-1,-1,-1
64,-1,1212.5940474899753,304.4726754699208,13.158634617872503,56.677993525948324,1,-1,-1,-1
64,-1,1198.4073945425816,305.0887406169419,16.037085940532084,47.64237136963771,1,-1,-1,-1
65,-1,967.820068359375,301.8108825683594,26.7342529296875,51.71478271484375,1,-1,-1,-1
65,-1,467.72342736899884,357.3778980165827,26.790781947508925,56.62821310218281,1,-1,-1,-1
65,-1,1153.217653631041,309.68441704627656,25,52.272196709707245,1,-1,-1,-1
65,-1,1198.6996787977425,307.8175528780728,25,52.89448476577517,1,-1,-1,-1
65,-1,1008.6720394026207,298.4832320370536,26.16774050686921,57.872789214318715,1,-1,-1,-1
65,-1,1059.76143753508,303.89352197489796,28.036864828788467,54.329363444678336,1,-1,-1,-1
65,-1,941.4555200326173,291.36028916631017,20.21769381391857,54.76134640188242,1,-1,-1,-1
65,-1,993.5417820616958,291.36028916631017,17.818984378369034,52.70779591181181,1,-1,-1,-1
65,-1,1052.4814996209163,301.62804161666315,17.133638825354716,49.28521176169419,1,-1,-1,-1
65,-1,1116.9039816042502,307.10417625685136,17.8189843783688,52.70779591181181,1,-1,-1,-1
65,-1,1261.065674580423,285.6447129684014,14.3028637150789,50.89233823218421,1,-1,-1,-1
66,-1,1003.2362670898438,300.01617431640625,29.38470458984375,58.02374267578125,1,-1,-1,-1
66,-1,473.6349182128906,358.98516845703125,36.6905517578125,63.9251708984375,1,-1,-1,-1
66,-1,1105.5355801338515,313.25043603158645,26.9788243605607,46.0493161490278,1,-1,-1,-1
66,-1,1055.568786575404,307.027555470907,25.856219786549122,50.09418851346943,1,-1,-1,-1
66,-1,964.2932155216814,298.12522011918867,25,54.64050747271215,1,-1,-1,-1
66,-1,928.9650368631005,291.8416316124772,24.966159431231265,54.27240580900853,1,-1,-1,-1
66,-1,1045.9600104049605,302.1894580570542,15.273415181459105,46.64493256017485,1,-1,-1,-1
66,-1,992.5030572698536,291.6283412509769,13.80481756785726,52.51221967466219,1,-1,-1,-1
66,-1,1255.4164167006911,285.46717317435076,17.03573231778151,55.44586323190592,1,-1,-1,-1
66,-1,1199.6097073838216,309.2296859880247,18.504329931383122,48.40511869452108,1,-1,-1,-1
66,-1,1149.4936742978907,311.64782424634063,14.135252030917506,53.1356189305765,1,-1,-1,-1
66,-1,1183.9322883368536,303.17692847479947,16.705297854721028,46.2048860265883,1,-1,-1,-1
67,-1,925.1285400390625,297.15069580078125,27.295654296875,51.83233642578125,1,-1,-1,-1
67,-1,1100.1688661377802,307.45830560629287,25.000000000000092,52.86505195832175,1,-1,-1,-1
67,-1,490.76924532158466,356.11989027981525,27.913386521520387,64.09566977499816,1,-1,-1,-1
67,-1,1248.5801244406225,287.3737698727883,21.7026091787825,50.19790086839223,1,-1,-1,-1
67,-1,1191.6571275792694,306.48645087483237,16.888872556421113,56.10593303228581,1,-1,-1,-1
67,-1,1178.8068984602533,305.38633454086596,15.053125539418865,49.50523502848747,1,-1,-1,-1
67,-1,1142.0919581202072,312.35373798931977,18.35747017002296,53.172289475042085,1,-1,-1,-1
67,-1,1051.0389060768932,306.8531563194878,16.52172315302071,53.17228947504203,1,-1,-1,-1
67,-1,1062.053388178907,303.9195127622441,16.154573749620308,43.63794791400007,1,-1,-1,-1
67,-1,1041.495915403209,307.71129288587855,10.041109265091732,39.399515216470654,1,-1,-1,-1
67,-1,1000.1361081922363,301.5028844275256,17.45240419884979,56.83081588800006,1,-1,-1,-1
67,-1,982.9227780235078,295.5332609098785,16.735182108485986,45.846708615529494,1,-1,-1,-1
67,-1,959.254449041506,299.11503502046673,15.539811957880037,55.39810624376479,1,-1,-1,-1
68,-1,949.136474609375,300.11181640625006,25.814941406249996,54.78466796875,1,-1,-1,-1
68,-1,987.1286424854411,300.48023667665643,25,57.79639675263893,1,-1,-1,-1
68,-1,1134.5758493192536,310.1648769929925,25,55.44586564915388,1,-1,-1,-1
68,-1,503.55369283631495,353.9859330327168,28.33996592851533,64.52033900425096,1,-1,-1,-1
68,-1,1269.0882066678737,299.19050450141066,10.91179333212617,51.92549096321353,1,-1,-1,-1
68,-1,1244.7094862820832,286.57583720526276,14.392256613298139,53.09894838611097,1,-1,-1,-1
68,-1,1183.3221060335266,310.04498566321234,20.560366590425843,52.80558403038664,1,-1,-1,-1
68,-1,1177.153996056399,305.64452032734675,11.74878090881477,48.11175433879674,1,-1,-1,-1
68,-1,1161.293141829499,302.7108767701031,15.273415181459105,45.76483949300174,1,-1,-1,-1
68,-1,1093.1502125583738,310.3383500189367,19.385488499544323,50.458669184591635,1,-1,-1,-1
68,-1,1041.7492960823095,305.64452032734675,20.85408611314605,52.51221967466225,1,-1,-1,-1
68,-1,1028.2381980371724,306.81797775024427,16.74201279506095,44.2980177143799,1,-1,-1,-1
68,-1,978.2337157547071,295.3855501860378,14.098537090577699,47.525025627347965,1,-1,-1,-1
68,-1,919.4898112106335,293.03863534024276,18.79804945410356,57.49941372197654,1,-1,-1,-1
69,-1,979.2973022460938,302.425537109375,30.6083984375,58.14270019531249,1,-1,-1,-1
69,-1,506.6564636230469,355.0644226074219,37.463653564453125,63.4698486328125,1,-1,-1,-1
69,-1,907.0374145507812,295.73516845703125,27.967041015625,53.99505615234375,1,-1,-1,-1
69,-1,1084.838882477479,312.85053100923653,25.856219786549357,48.227324345265615,1,-1,-1,-1
69,-1,943.9973309991826,299.8131113021691,20.248845884510214,57.25049851105888,1,-1,-1,-1
69,-1,1036.207459950183,302.92455143863964,18.379721649016773,54.45020238823535,1,-1,-1,-1
69,-1,1048.6682881868044,296.7016711656985,15.57603529577714,54.139058374588274,1,-1,-1,-1
69,-1,1025.304235243139,308.8362876979338,14.018431766199333,43.5601619105883,1,-1,-1,-1
69,-1,1179.5069846713318,311.01429579346325,16.8221181194392,49.47189816988237,1,-1,-1,-1
69,-1,1264.2406166803592,301.05768735675736,15.576035295776908,51.027618238117675,1,-1,-1,-1
69,-1,1237.761356677538,286.12277470169846,17.75668023718598,50.71647422447066,1,-1,-1,-1
69,-1,1132.4673580780852,309.14743171158085,13.706911060283819,58.495074565647165,1,-1,-1,-1
69,-1,1169.226801376119,305.41370354781617,12.46082823662176,46.67160204705885,1,-1,-1,-1
69,-1,1160.504221610484,301.05768735675736,9.345621177466379,44.80473796517653,1,-1,-1,-1
70,-1,1118.1138916015625,315.0885925292969,27.542236328125,51.659423828125,1,-1,-1,-1
70,-1,522.4893385984985,351.1642755736062,30.529030591347375,66.23749042728755,1,-1,-1,-1
70,-1,1261.0859563344825,298.5344900076622,12.747427286063958,50.51734205573648,1,-1,-1,-1
70,-1,1232.3014431078861,288.6774476553233,19.737951926808755,51.33876225176475,1,-1,-1,-1
70,-1,1173.0875873274604,307.15940206595866,16.03708594053185,55.44586323190598,1,-1,-1,-1
70,-1,1159.516615301851,305.92727177191625,16.449423348268937,51.749472349778884,1,-1,-1,-1
70,-1,1154.5832573960774,305.92727177191625,10.280183295212689,41.892429997440054,1,-1,-1,-1
70,-1,1085.9116329840551,309.2129525560292,14.392256613297905,53.39231274183542,1,-1,-1,-1
70,-1,1040.6788264851186,300.17733039971864,25.08364724031949,47.64237136963771,1,-1,-1,-1
70,-1,1030.398643189906,306.3379818699304,10.280183295212806,50.92805215375061,1,-1,-1,-1
70,-1,1020.5296672265015,300.9987505957469,11.925012622446868,52.16018244779302,1,-1,-1,-1
70,-1,975.2968607275649,302.23088088978926,18.504329931383236,57.91012381999067,1,-1,-1,-1
70,-1,937.1051649670378,298.49235494633916,21.588384919946975,58.183930552000035,1,-1,-1,-1
70,-1,962.4629504285629,301.23042226643327,18.504329931383236,43.1245602914824,1,-1,-1,-1
70,-1,900.7818506572856,294.0429955511862,27.071149344060593,56.472638476941256,1,-1,-1,-1
71,-1,928.654052734375,301.8731689453125,28.4908447265625,56.0531005859375,1,-1,-1,-1
71,-1,963.0465087890625,303.020751953125,27.7503662109375,57.44647216796875,1,-1,-1,-1
71,-1,537.474642692844,352.27397648720114,28.348385549108322,64.71795783106614,1,-1,-1,-1
71,-1,1014.142569035831,305.6808172041946,30.840551311667173,51.84021122040654,1,-1,-1,-1
71,-1,1111.9600752162703,309.6048481073696,28.659906269428415,58.495077270386695,1,-1,-1,-1
71,-1,1069.593257252768,309.72568956863637,25,51.2179231643385,1,-1,-1,-1
71,-1,1229.8975609628353,285.0787641408329,9.913033891812285,55.00581669831942,1,-1,-1,-1
71,-1,1162.7092201405512,309.6480289327489,27.536205255034204,53.17228947504214,1,-1,-1,-1
71,-1,1154.9990826691417,305.9809744861943,16.88887255642088,46.93829691589919,1,-1,-1,-1
71,-1,893.734437133446,293.6560553008703,18.57888988799174,56.69627798863495,1,-1,-1,-1
71,-1,909.0089823908337,294.97981114653044,17.99032076662244,48.40511869452108,1,-1,-1,-1
72,-1,541.0752563476562,352.78033447265625,38.485107421875,63.341064453125,1,-1,-1,-1
72,-1,956.0404052734375,303.30340576171875,31.41796875,58.8594970703125,1,-1,-1,-1
72,-1,1062.888671875,315.4801025390625,28.541748046875,47.4239501953125,1,-1,-1,-1
72,-1,1010.2059971873533,307.0286269919464,26.47926122718907,53.51677282184309,1,-1,-1,-1
72,-1,1155.1936746674094,309.401568395075,29.51084304143582,52.448791706681405,1,-1,-1,-1
73,-1,556.6904296875,350.9886474609375,26.1063232421875,63.78778076171875,1,-1,-1,-1
73,-1,1056.307861328125,312.8502197265625,29.490234375,44.4927978515625,1,-1,-1,-1
73,-1,1098.8969102124902,311.7645334961,25,55.88508358484811,1,-1,-1,-1
73,-1,1140.4536583072495,307.24756841438546,16.448293272340397,54.76134640188242,1,-1,-1,-1
73,-1,1124.005365034909,304.50950109429135,19.875021037411525,43.8090771215059,1,-1,-1,-1
73,-1,1024.0338930499877,296.0097547991098,19.385488499544323,51.632126607489134,1,-1,-1,-1
73,-1,1005.8232826413249,306.8642359609115,14.098537090577699,52.21885531893792,1,-1,-1,-1
73,-1,952.9537685516588,303.63722804794344,16.74201279506095,58.96623550059843,1,-1,-1,-1
73,-1,918.5885843933758,300.4102201349754,16.15457374962019,57.49941372197654,1,-1,-1,-1
73,-1,878.055290257965,299.5301270678023,22.028964204027574,51.04539789604041,1,-1,-1,-1
73,-1,894.797303053026,296.5964835105586,16.74201279506095,45.76483949300174,1,-1,-1,-1
74,-1,908.362548828125,303.5246887207031,26.275146484375,56.115966796875,1,-1,-1,-1
74,-1,570.9991455078125,350.13641357421875,26.8040771484375,63.212890625,1,-1,-1,-1
74,-1,992.1007690429688,309.2480773925781,25.568359375,50.7777099609375,1,-1,-1,-1
74,-1,941.6198302294289,304.64078736168335,25,56.00592504611483,1,-1,-1,-1
74,-1,1094.925569820319,317.1486002647371,13.217378522416615,54.565770164732804,1,-1,-1,-1
74,-1,1052.3362390258656,310.9879487945253,18.504329931383122,51.92549096321347,1,-1,-1,-1
74,-1,1020.3208110493457,308.64103394873035,17.329451840501598,37.55063753271939,1,-1,-1,-1
74,-1,870.2301349392379,296.6130953640312,17.623171363222035,55.44586323190592,1,-1,-1,-1
74,-1,888.734464870621,294.85290922968494,18.504329931383122,50.1653048288673,1,-1,-1,-1
75,-1,852.7648315429688,298.6050109863282,34.9541015625,54.001708984375,1,-1,-1,-1
75,-1,935.7618408203125,306.17529296875,27.2806396484375,57.04779052734375,1,-1,-1,-1
75,-1,579.064697265625,351.06011962890625,30.9664306640625,61.91192626953125,1,-1,-1,-1
75,-1,991.0424145833521,308.45230681750274,16.74201279506095,50.1653048288673,1,-1,-1,-1
75,-1,1013.0713787873797,297.8911900114254,14.685976136018343,50.1653048288673,1,-1,-1,-1
75,-1,1045.3805262866201,312.5594077976439,14.392256613297905,51.632126607489134,1,-1,-1,-1
75,-1,902.9265577672418,301.41156228011783,19.972927544985083,55.44586323190598,1,-1,-1,-1
75,-1,880.6038740404939,293.7840890312842,15.567134704179546,51.92549096321347,1,-1,-1,-1
76,-1,891.8765869140625,303.2531433105469,27.0152587890625,57.797119140625,1,-1,-1,-1
76,-1,593.7522699921387,344.4837611513964,25.732741479281277,67.08626859407104,1,-1,-1,-1
76,-1,925.3019531527895,305.5986449394893,23.19786729393767,57.88031706508174,1,-1,-1,-1
76,-1,848.0193142605793,298.89148373452275,27.855981912991464,53.408876261770665,1,-1,-1,-1
76,-1,980.0865142230657,311.5605660105707,20.145844062074246,49.93108897030659,1,-1,-1,-1
76,-1,870.4821311936995,292.07745815009736,23.203843306516223,56.91268749172408,1,-1,-1,-1
76,-1,945.3860571242328,305.04793341641914,17.56976781363646,41.631069025976515,1,-1,-1,-1
77,-1,915.7614135742188,302.4040832519531,29.196044921875,61.43701171875,1,-1,-1,-1
77,-1,885.1785278320312,305.3313293457031,30.6787109375,56.04461669921875,1,-1,-1,-1
77,-1,864.022778404878,292.6920035943885,24.871412422313828,54.65094315157935,1,-1,-1,-1
77,-1,602.7953080600009,344.9679771567112,36.20945526981432,66.76468381255884,1,-1,-1,-1
77,-1,842.6644039484044,297.74357529612854,17.304975213608355,53.39231274183536,1,-1,-1,-1
78,-1,831.7546997070312,300.22314453125,29.172119140625,54.91217041015625,1,-1,-1,-1
78,-1,606.5127751770393,344.90792813081043,41.85142661067304,67.63829851686617,1,-1,-1,-1
78,-1,881.7490593890741,304.5915168865544,19.01833909614392,54.41908798687064,1,-1,-1,-1
78,-1,860.4176790515074,294.58045824746034,12.850229119015978,54.16239417561184,1,-1,-1,-1
79,-1,628.5211570952323,344.26186362454007,21.64508436203304,64.10407875261068,1,-1,-1,-1
79,-1,826.8574476340492,299.91028444442617,19.31428465983214,54.761348933978994,1,-1,-1,-1
80,-1,636.4463500976562,344.1526794433594,30.912109375,64.8751220703125,1,-1,-1,-1
81,-1,643.7911376953125,345.13983154296875,33.33544921875,61.49700927734375,1,-1,-1,-1
82,-1,1211.2383488913376,304.8439286461244,20.125368513523394,44.182451980823984,1,-1,-1,-1
83,-1,1182.4204888412798,306.10912343498785,19.625805380152,52.46249927647445,1,-1,-1,-1
83,-1,1208.8997500684693,305.05484988961916,17.133639617592912,45.73817212099381,1,-1,-1,-1
84,-1,1137.9937133342398,306.6189780178939,21.806450422390874,40.44872364441634,1,-1,-1,-1
84,-1,1170.7033889678262,308.1746981580638,24.610136905269933,52.27219670970719,1,-1,-1,-1
84,-1,1203.4130646014125,305.685545933792,16.822118897273175,44.49359600885797,1,-1,-1,-1
85,-1,1165.9013671874998,308.8244018554687,25.6748046875,52.7003173828125,1,-1,-1,-1
85,-1,1195.8106689453125,305.2391052246094,25.070068359375,46.32830810546875,1,-1,-1,-1
85,-1,1132.812619542398,304.6728014441288,15.887556736313488,42.00444378458617,1,-1,-1,-1
85,-1,1065.5241439533056,313.38483422908,22.42949186303082,56.317069074148826,1,-1,-1,-1
86,-1,1189.7752952447709,305.53747168367806,24.69015203927666,45.211234789033824,1,-1,-1,-1
86,-1,1162.4841953214113,309.51208573106555,18.404845192512187,51.91839599400035,1,-1,-1,-1
86,-1,1120.202794203478,304.5438181718311,25.12012654653678,43.4723411433017,1,-1,-1,-1
86,-1,1025.4427128744624,301.8112710142521,20.14584406207413,51.173155860115216,1,-1,-1,-1
86,-1,999.3277298310328,319.945447605458,19.897129937851062,55.64459666342623,1,-1,-1,-1
86,-1,1043.3401809913034,307.5247787073718,24.632647125314957,53.408876261770665,1,-1,-1,-1
86,-1,1054.2935512843464,313.7351131564149,28.602124285660903,56.63825017527305,1,-1,-1,-1
87,-1,957.1153617304702,320.1804372440456,23.675574744310246,49.66220302416867,1,-1,-1,-1
87,-1,972.068356305824,306.3692585492841,15.576036015993632,56.00592504611489,1,-1,-1,-1
87,-1,989.7712983406495,318.85942926010284,22.30601355576274,55.38363699004691,1,-1,-1,-1
87,-1,1020.4883713450488,304.2356599425061,23.987095464629984,49.47190045740145,1,-1,-1,-1
87,-1,1035.8763649479904,313.56998078352535,22.306013555762622,50.40533254150337,1,-1,-1,-1
87,-1,1052.0754424046238,316.1799744690638,21.68297211512303,58.06309178108592,1,-1,-1,-1
87,-1,1116.3846391272273,307.6476693935136,24.921657625589905,41.0710117004842,1,-1,-1,-1
87,-1,1153.8906038728796,310.2576630790521,21.68297211512303,51.84021122040642,1,-1,-1,-1
87,-1,1188.1578831080656,302.79020640623673,17.010161310324833,48.728770940066816,1,-1,-1,-1
87,-1,0,384.5547365070652,29.211663576513555,59.50108146133649,1,-1,-1,-1
88,-1,980.3870239257812,322.3401794433594,28.9476318359375,51.8697509765625,1,-1,-1,-1
88,-1,13.657705307006836,382.3750305175782,28.363115310668945,58.98193359375001,1,-1,-1,-1
88,-1,881.6165441308011,312.27271632565714,19.978027542708727,54.92221869329284,1,-1,-1,-1
88,-1,927.4339523730383,308.91849978930384,20.004681831893176,44.12358667387486,1,-1,-1,-1
88,-1,949.5224552290871,319.7419993545976,17.08733239807548,49.534969945199144,1,-1,-1,-1
88,-1,966.6097876271626,305.1728905471861,17.08733239807536,52.44879170668146,1,-1,-1,-1
88,-1,1012.8706143634156,304.7566302955458,20.421446036724223,50.367490448479785,1,-1,-1,-1
88,-1,1035.7926456291266,313.0818353283524,15.42027557875093,47.869928938637756,1,-1,-1,-1
88,-1,1044.1279297257488,315.163136586554,18.337625012568743,58.27643522964604,1,-1,-1,-1
88,-1,1109.9766740890636,308.50297256030876,17.087332398075596,40.793504660752255,1,-1,-1,-1
88,-1,1149.569273548019,310.58427381851044,17.504096602906646,56.195133971444356,1,-1,-1,-1
88,-1,1179.1595320910278,303.0915892889845,20.838210241555274,46.20488793207648,1,-1,-1,-1
88,-1,1262.5123730572493,304.7807648187764,17.487626942750662,52.00839693181052,1,-1,-1,-1
89,-1,1031.0859375,315.2910461425781,29.81787109375,55.971435546875,1,-1,-1,-1
89,-1,867.9097900390625,313.7541198730469,31.7269287109375,54.63372802734375,1,-1,-1,-1
89,-1,820.191896379999,313.3650561978889,23.364054023990388,61.796820117493624,1,-1,-1,-1
89,-1,846.0481161665484,300.79845361526327,14.018432414394233,49.160756429367524,1,-1,-1,-1
89,-1,856.9513413777439,306.3990461198747,14.641473855033945,49.78304448543545,1,-1,-1,-1
89,-1,918.7559223083464,306.5198875811415,21.059930674483198,47.173050799896984,1,-1,-1,-1
89,-1,938.2582493812303,322.2673915496073,24.921657625589788,47.91618031723162,1,-1,-1,-1
89,-1,957.2610133207426,309.1993423721805,21.806450422390874,49.16075642936747,1,-1,-1,-1
89,-1,976.5752979805746,318.8448072412336,22.117971142710847,56.00592504611489,1,-1,-1,-1
89,-1,1006.4812871312822,303.909893895603,20.56036754111145,49.78304448543545,1,-1,-1,-1
89,-1,1026.542091539022,314.48879084875796,20.748409954163343,51.338764625605336,1,-1,-1,-1
89,-1,1099.749460814192,307.64362223201067,21.682972115122794,42.62673184065409,1,-1,-1,-1
89,-1,1141.123358436425,310.3981971871838,19.587917627062126,51.200010951760476,1,-1,-1,-1
89,-1,1175.2980232325756,307.48437542570156,20.004681831893176,45.788627680436136,1,-1,-1,-1
89,-1,1257.817335789135,305.4030741674999,21.25497444638656,53.2813122099621,1,-1,-1,-1
89,-1,26.18913488653409,387.6744814391411,24.48665859800177,52.89448476577517,1,-1,-1,-1
90,-1,1133.712525958914,305.670619720273,25.705810546875,59.491029644328016,1,-1,-1,-1
90,-1,806.4851684570312,316.3285827636719,33.8072509765625,60.2757568359375,1,-1,-1,-1
90,-1,997.148681640625,303.60302734375,27.8873291015625,55.0379638671875,1,-1,-1,-1
90,-1,761.2117371120137,337.57617052692245,14.425419204942044,57.95017677635901,1,-1,-1,-1
90,-1,783.596008292096,298.1483031422855,15.668989826057736,53.905703017694165,1,-1,-1,-1
90,-1,796.0317145032529,318.2697867571852,12.933134459603167,48.689022080497956,1,-1,-1,-1
90,-1,840.4728756542864,305.31515434592654,16.35170178334918,44.65438878197756,1,-1,-1,-1
90,-1,846.4753990937438,315.8585516972268,20.69835668778372,36.385057526055874,1,-1,-1,-1
90,-1,877.5229341254195,313.79121888324636,12.212030445792392,46.30825503316194,1,-1,-1,-1
90,-1,865.103920112749,315.0316185716346,15.730751082715711,54.370853007685696,1,-1,-1,-1
90,-1,910.8472883927515,310.2767530994796,24.631044458462647,44.447655500579565,1,-1,-1,-1
90,-1,949.760198965785,308.4161535668972,19.663438853394638,48.789054409938494,1,-1,-1,-1
90,-1,931.9596122142908,320.19995060658573,25.872945859729825,49.615987535530714,1,-1,-1,-1
90,-1,965.6979336153786,318.7528176367994,21.112323821539444,57.67858551005435,1,-1,-1,-1
90,-1,1017.2096087172372,314.5988522622935,18.214553885249714,51.26985378671504,1,-1,-1,-1
90,-1,1025.281967825473,316.666185076274,26.49389656036318,56.644919103064126,1,-1,-1,-1
90,-1,1094.103646519417,308.1521703465396,20.845088918225553,44.367390265228025,1,-1,-1,-1
90,-1,1170.6485791217333,306.15973773716917,18.90727280401711,47.05623486098852,1,-1,-1,-1
90,-1,1255.5277197352507,308.09368232977846,17.898534391165022,49.505237726308806,1,-1,-1,-1
90,-1,38.630384282226835,383.53157517829186,26.355782919920998,55.38363699004697,1,-1,-1,-1
91,-1,959.6505126953125,319.3263236511847,25.186279296875,56.43692097772142,1,-1,-1,-1
91,-1,852.9746704101562,312.8641052246094,26.6668701171875,58.011474609375,1,-1,-1,-1
91,-1,49.66675565015456,378.0339400028493,28.847948682479984,59.73965338252253,1,-1,-1,-1
91,-1,716.7624082516568,306.97734808858553,20.394558186297317,58.377143821005234,1,-1,-1,-1
91,-1,763.1937783451411,335.9041589825554,31.65700640104171,63.48665445463298,1,-1,-1,-1
91,-1,797.9096994616962,316.2316415894752,24.631044458462647,62.64018426360744,1,-1,-1,-1
91,-1,829.5993441276069,302.3152018055697,16.591219744658275,47.621130249536186,1,-1,-1,-1
91,-1,868.8029732681395,314.4562278701445,20.205878574443418,47.0900395776083,1,-1,-1,-1
91,-1,840.6908578450705,314.6332580941205,18.36366523364475,38.94664927471362,1,-1,-1,-1
91,-1,904.9786475815667,308.9577894210443,18.21455388524983,43.6207223749874,1,-1,-1,-1
91,-1,922.9065018261855,320.49833926627593,21.80107951453093,49.745492937247846,1,-1,-1,-1
91,-1,942.0489131072371,308.4602840359099,15.95200940087626,51.16173472905562,1,-1,-1,-1
91,-1,990.9684086032578,302.97234709265484,22.33281316122688,52.932036968815325,1,-1,-1,-1
91,-1,1014.0636275253445,312.246885403467,11.99237794510728,55.18762005426851,1,-1,-1,-1
91,-1,1019.8464984641166,315.13098526403024,18.007570318371968,58.29878535424851,1,-1,-1,-1
91,-1,1087.0390109192126,309.11276056795344,16.972652483982888,43.20725581219129,1,-1,-1,-1
91,-1,1127.607790027269,306.4252279097789,20.90534025466158,59.12571847984067,1,-1,-1,-1
91,-1,1158.64353853724,306.79994545576295,25.860276925922694,45.48132190756978,1,-1,-1,-1
91,-1,1246.500542043416,309.0209669910311,23.5834576902662,48.78905440993855,1,-1,-1,-1
92,-1,703.7373657226562,310.5268249511719,29.5103759765625,55.120849609375,1,-1,-1,-1
92,-1,1077.26806640625,309.89153601534446,25.696044921875,42.91058800809307,1,-1,-1,-1
92,-1,1007.5425412264938,316.069580078125,26.518005648506097,56.22515869140625,1,-1,-1,-1
92,-1,767.325653022036,338.0840600834717,41.53525874526419,64.33906489208657,1,-1,-1,-1
92,-1,840.6963196678619,314.66334284379246,30.343123155222848,58.19859015432064,1,-1,-1,-1
92,-1,898.295606657999,311.04033457224153,20.077405987150247,43.827455656385396,1,-1,-1,-1
92,-1,911.3482403051099,323.44433145612425,29.172013995967916,46.51498831456,1,-1,-1,-1
92,-1,932.8618623265979,310.6370340884548,22.975175923439977,50.0192880193173,1,-1,-1,-1
92,-1,949.5621690082937,319.97916884749736,24.035490798400687,58.24294368809446,1,-1,-1,-1
92,-1,980.874068544328,301.09630728584284,23.68100170060323,54.989203703786416,1,-1,-1,-1
92,-1,1117.3764829528213,307.7256753249662,24.192723790830293,58.62555719896687,1,-1,-1,-1
92,-1,1154.502341203255,306.66216210184206,27.109839540322024,47.268401524004794,1,-1,-1,-1
92,-1,1244.6666537965111,309.1282500633442,20.284389554027992,50.85638722391893,1,-1,-1,-1
92,-1,822.4744111675909,301.45465737061926,17.16127457139661,52.66363612788553,1,-1,-1,-1
92,-1,835.158831502971,316.85628680424617,14.922847453388297,39.74614047387581,1,-1,-1,-1
92,-1,854.9885076996362,311.39119248908816,16.233871815690005,44.465994655148634,1,-1,-1,-1
92,-1,767.6239076758435,298.7160605331306,17.593603184616125,55.61125269607397,1,-1,-1,-1
93,-1,696.5155029296875,311.4715270996094,26.66943359375,57.22125244140625,1,-1,-1,-1
93,-1,999.8184204101562,317.5247497558594,26.46221923828125,57.228271484375,1,-1,-1,-1
93,-1,788.3738817345499,337.8000529722438,22.384271180082447,61.60651773450756,1,-1,-1,-1
93,-1,837.8679924549542,316.1880890895738,14.674133329165112,55.39618328546448,1,-1,-1,-1
93,-1,851.0498410387806,309.4809278846072,17.65870281984275,53.9057030176941,1,-1,-1,-1
93,-1,888.2895059310654,309.4809278846072,23.197867293937787,46.70171505680414,1,-1,-1,-1
93,-1,907.7734801522826,323.72617261967974,23.627841801198137,48.19219532457452,1,-1,-1,-1
93,-1,924.9347547236792,310.06343683178494,17.907416944065933,49.682675592344836,1,-1,-1,-1
93,-1,938.0491495663194,319.9301122389767,25.4362944119461,57.95017677635895,1,-1,-1,-1
93,-1,973.4340089471912,304.3499291386653,24.125270049644275,53.408876261770665,1,-1,-1,-1
93,-1,1150.0414488009194,307.56564594058165,22.384271180082447,46.45330167884245,1,-1,-1,-1
93,-1,1109.0036183041013,309.5529529642754,26.114983043429753,58.87397057692868,1,-1,-1,-1
93,-1,1068.7119301799532,308.0624726965051,24.37398417386746,45.459648166995514,1,-1,-1,-1
94,-1,930.1653442382812,323.84234619140625,33.2071533203125,54.41943359375,1,-1,-1,-1
94,-1,1144.227655783745,307.60718578802033,23.675574744310246,44.8047400368919,1,-1,-1,-1
94,-1,1106.3456062119883,309.47404995622423,20.748409954163577,57.250501158250735,1,-1,-1,-1
94,-1,1065.1013928224972,308.972603361423,17.133639617593147,44.99504260365911,1,-1,-1,-1
94,-1,968.2184488030174,303.2511693955447,19.31428465983214,54.13906087791107,1,-1,-1,-1
94,-1,988.7788163441289,315.1954839221024,29.28294771006789,50.595635108270635,1,-1,-1,-1
94,-1,994.1981468968349,316.9415066290395,17.321682030644688,58.183933242352644,1,-1,-1,-1
94,-1,916.1550500841223,308.27657744282527,17.756681058232626,50.40533254150343,1,-1,-1,-1
94,-1,897.15228614461,320.8431800254509,23.052533303670533,51.52906719237249,1,-1,-1,-1
94,-1,820.8297096662416,315.8648755769074,32.39815491326669,58.06309178108592,1,-1,-1,-1
94,-1,798.7117385235308,334.22237323091167,33.95575851486597,63.352540257663456,1,-1,-1,-1
94,-1,770.9863944150621,319.90974794134905,21.494929702071136,63.041396229629406,1,-1,-1,-1
94,-1,688.1218828099765,312.94373786333483,21.80645042239099,56.00592504611489,1,-1,-1,-1
95,-1,978.716796875,317.6952819824219,31.49853515625,55.80975341796875,1,-1,-1,-1
95,-1,672.2803344726562,314.267822265625,35.48828125,57.4666748046875,1,-1,-1,-1
95,-1,753.1300659179688,321.2083435058594,35.33154296875,60.134033203125,1,-1,-1,-1
95,-1,955.8867797851562,304.84691695680164,29.1300048828125,54.45688553343271,1,-1,-1,-1
95,-1,808.8995361328125,337.11419677734375,29.85595703125,60.3670654296875,1,-1,-1,-1
95,-1,889.7384033203125,325.9952392578125,26.8857421875,47.1861572265625,1,-1,-1,-1
95,-1,926.3889659619019,320.48133886383357,23.87655592542132,58.94383028820583,1,-1,-1,-1
95,-1,1138.5569813198774,307.33478576230476,18.0682017785526,46.98274823312971,1,-1,-1,-1
95,-1,1096.5016840766948,312.0019461828143,28.65990626942818,56.62821310218287,1,-1,-1,-1
95,-1,1052.8887832319126,309.8239379865765,25.856219786549474,42.93787586868814,1,-1,-1,-1
96,-1,746.41650390625,322.28564453125,36.730712890625,61.15191650390625,1,-1,-1,-1
96,-1,973.5391845703125,319.1846008300781,25.9068603515625,54.5220947265625,1,-1,-1,-1
96,-1,667.6309274759554,313.7587878984747,24.9791980006819,57.027654474725054,1,-1,-1,-1
96,-1,808.4257477954271,317.4917651571518,18.65355931673537,56.21128313062688,1,-1,-1,-1
96,-1,826.5818788637162,331.47277403428546,18.65355931673549,65.82954515985689,1,-1,-1,-1
96,-1,881.6172641097328,324.41751813966897,25.86626891920645,48.93743545845959,1,-1,-1,-1
96,-1,899.4628740038207,309.42387928604245,22.510057710125494,55.056399656526985,1,-1,-1,-1
96,-1,917.670316841726,323.49621223440494,20.921982201166244,56.03406914367705,1,-1,-1,-1
96,-1,950.5255777798537,305.2309631765212,25.106378641399537,53.247844711118596,1,-1,-1,-1
96,-1,1047.865008166599,307.26958045267025,19.37220574182058,47.36581535349498,1,-1,-1,-1
96,-1,1091.2228621532395,312.9733110650725,18.40886851832033,54.57758628908369,1,-1,-1,-1
97,-1,910.1470947265625,325.3803405761719,26.8795166015625,54.61236572265625,1,-1,-1,-1
97,-1,828.082275390625,333.9326171875,33.4454345703125,64.39349365234375,1,-1,-1,-1
97,-1,967.2771606445312,317.32659912109375,26.0308837890625,53.18121337890625,1,-1,-1,-1
97,-1,655.7523201694938,313.80955864348755,26.47926122718907,58.1839332423527,1,-1,-1,-1
97,-1,738.3053110542598,325.6330317087785,26.47926122718907,58.806221298420624,1,-1,-1,-1
97,-1,797.1827271947155,321.5881593443369,25.856219786549357,54.76134893397905,1,-1,-1,-1
97,-1,874.4398658340436,324.07731156860865,17.13363961759303,50.40533254150343,1,-1,-1,-1
97,-1,893.7541504938756,310.69811836314784,14.641473855033945,50.40533254150343,1,-1,-1,-1
97,-1,942.3513828637755,303.8529497464005,21.80645042239111,55.07249296201298,1,-1,-1,-1
98,-1,728.7567749023438,325.9371337890625,30.6025390625,58.27264404296876,1,-1,-1,-1
98,-1,639.9320678710938,316.09442138671875,38.6334228515625,57.51611328125,1,-1,-1,-1
98,-1,953.9378051757812,318.3104248046875,26.1220703125,58.37506103515625,1,-1,-1,-1
98,-1,791.6811690870347,320.7509561603191,26.47926122718907,54.45020490594506,1,-1,-1,-1
98,-1,841.836005058534,331.64099714150814,28.65990626942818,62.53994963482827,1,-1,-1,-1
98,-1,903.5171076818685,324.79582852476074,19.314284659832023,57.561645186284785,1,-1,-1,-1
98,-1,884.0497942732809,311.1486953721955,19.897129937850945,52.912049505847286,1,-1,-1,-1
98,-1,933.5439049936854,308.41614821461656,27.60726778876828,52.415222749923785,1,-1,-1,-1
99,-1,639.7933075842312,315.3057759984314,19.39970168940481,57.63190368711999,1,-1,-1,-1
99,-1,715.5836617311026,328.4018253191255,40.110427741111096,57.95017677635901,1,-1,-1,-1
99,-1,784.0474996336513,322.7581773372831,16.415132198727175,52.91204950584723,1,-1,-1,-1
99,-1,798.1567509731843,318.2168768226948,25.685008536169168,49.255708547698674,1,-1,-1,-1
99,-1,857.8700995286679,326.08968946088396,22.70043904549165,69.55574582928277,1,-1,-1,-1
99,-1,889.2080791807834,325.3444493269988,26.182436784615305,56.8866635532348,1,-1,-1,-1
99,-1,948.1292345047785,319.91536140405356,10.69470734159497,59.6192107108138,1,-1,-1,-1
