0,-1,462.1212158203125,338.4573059082031,28.33514404296875,72.29351806640625,1,-1,-1,-1
0,-1,99.02946472167969,364.09442138671875,27.643020629882812,72.9190673828125,1,-1,-1,-1
0,-1,52.766231536865234,378.9151306152344,26.78421401977539,65.3756103515625,1,-1,-1,-1
0,-1,1110.157470703125,297.36419677734375,27.433349609375,53.05255126953125,1,-1,-1,-1
0,-1,508.22276114200787,303.40879861030373,29.175644292385204,63.90778427961084,1,-1,-1,-1
0,-1,465.91807691804945,306.32696227603935,30.0509136211567,59.822355147580936,1,-1,-1,-1
0,-1,406.69151900450754,314.2060041735256,25.67456697729894,59.82235514758099,1,-1,-1,-1
0,-1,398.81409504556353,326.17047520304175,25.67456697729894,68.2850297782144,1,-1,-1,-1
0,-1,361.7610267942344,323.2523115373062,29.467400735309038,63.907784279610894,1,-1,-1,-1
0,-1,258.628139176899,350.4007237456441,29.467400735309038,73.82954074311213,1,-1,-1,-1
0,-1,248.41666367456423,351.5679892119383,20.422951004669574,67.9932134116408,1,-1,-1,-1
0,-1,82.95430577251281,365.8708497930415,25.674566977298955,57.779640581566014,1,-1,-1,-1
0,-1,29.562876717447935,368.2053807256301,24.799297648527407,63.6159679130373,1,-1,-1,-1
0,-1,1248.3822920525129,238.54479617421453,29.345877839158554,52.44848628429991,1,-1,-1,-1
1,-1,449.8888854980469,341.8648986816406,36.78411865234375,68.12847900390625,1,-1,-1,-1
1,-1,248.51437377929688,353.6470642089844,30.2806396484375,70.23822021484375,1,-1,-1,-1
1,-1,86.2401123046875,364.09735107421875,38.98956298828125,73.50079345703125,1,-1,-1,-1
1,-1,1091.2327880859375,297.9019470214844,28.651611328125,53.19110107421875,1,-1,-1,-1
1,-1,504.61052180794377,305.4799479600036,23.295515986578337,63.54627446222929,1,-1,-1,-1
1,-1,461.7255946508336,307.06860482155923,29.11939498322295,58.250751590377014,1,-1,-1,-1
1,-1,354.77799853063294,327.1915917345986,25.413290167176356,58.25075159037689,1,-1,-1,-1
1,-1,391.8390466910985,325.60293487304284,23.8249595317279,69.90090190845233,1,-1,-1,-1
1,-1,399.2512563231916,317.65965056526414,24.883846622026912,55.073437867265554,1,-1,-1,-1
1,-1,235.8683667330534,351.5401543490434,21.415798270789637,59.17783196566658,1,-1,-1,-1
1,-1,24.97720071053124,372.23424282783475,19.60090011224818,61.35615706869727,1,-1,-1,-1
1,-1,41.31128413740472,374.7756221147039,25.40857421958099,71.15862003233539,1,-1,-1,-1
2,-1,379.80963134765625,330.6845703125,33.67657470703125,65.21343994140625,1,-1,-1,-1
2,-1,498.8963317871094,306.92498779296875,28.425201416015625,61.8819580078125,1,-1,-1,-1
2,-1,445.11566162109375,342.5789489746094,25.31671142578125,69.44281005859375,1,-1,-1,-1
2,-1,36.895103454589844,381.45220947265625,28.42352294921875,62.62109375,1,-1,-1,-1
2,-1,82.33890533447266,362.8590087890625,31.319244384765625,76.25054931640625,1,-1,-1,-1
2,-1,1071.521728515625,296.9826965332031,30.4208984375,53.75396728515625,1,-1,-1,-1
2,-1,238.04115295410156,353.9405212402344,36.95411682128906,74.396484375,1,-1,-1,-1
2,-1,453.7123004833815,308.8513768627759,22.792559122581924,59.02856907462329,1,-1,-1,-1
2,-1,392.8643078257744,318.0109824088382,19.943489232259196,56.17891401584837,1,-1,-1,-1
2,-1,344.4301196902877,330.6308833834128,30.32224383272059,59.02856907462329,1,-1,-1,-1
2,-1,7.1698813808588895,371.02989769465955,34.46451476495573,68.32762264660741,1,-1,-1,-1
2,-1,67.02103528412438,366.6656037653641,23.447943007954116,57.75241894984673,1,-1,-1,-1
2,-1,222.65675699941977,354.64606479610666,29.896127335141486,57.75241894984673,1,-1,-1,-1
3,-1,374.70068359375,332.2236633300782,33.3306884765625,64.2469482421875,1,-1,-1,-1
3,-1,495.28134155273443,307.27838134765625,25.101043701171875,60.498291015625,1,-1,-1,-1
3,-1,1052.123291015625,299.6829528808594,28.63037109375,51.18817138671875,1,-1,-1,-1
3,-1,61.537925720214844,363.9947509765625,31.541900634765625,67.77880859375,1,-1,-1,-1
3,-1,446.3612230346948,310.3158598340739,29.940822597271406,57.52190684757243,1,-1,-1,-1
3,-1,430.94614605392144,340.55933663022023,30.237266385363185,75.60869199036574,1,-1,-1,-1
3,-1,384.01325738851614,321.2787975292322,29.051491232996003,56.33588814968435,1,-1,-1,-1
3,-1,335.39647614146156,329.58092841444886,29.347935021087842,61.67297229018074,1,-1,-1,-1
3,-1,228.61531205154915,352.4193116841612,31.719485325822184,75.90519666483787,1,-1,-1,-1
3,-1,214.38601022314296,352.12280700968915,25.79060956398626,64.93452370937308,1,-1,-1,-1
3,-1,23.77165338701703,376.732906915807,30.83015396154679,69.38209382645334,1,-1,-1,-1
3,-1,1.2419254920405327,371.0993181008386,30.237266385363203,69.97510317539735,1,-1,-1,-1
3,-1,72.07785126021308,359.20077347265163,30.612790958282332,78.90300997507994,1,-1,-1,-1
4,-1,414.5636291503906,344.5096435546875,43.4302978515625,71.49420166015625,1,-1,-1,-1
4,-1,22.530155181884766,378.1783142089844,25.355911254882812,69.9779052734375,1,-1,-1,-1
4,-1,216.43621826171875,356.72760009765625,33.578704833984375,72.49029541015625,1,-1,-1,-1
4,-1,1028.0886581502,298.786701524341,36.19262690105854,52.654633424190614,1,-1,-1,-1
4,-1,444.7966133508598,311.957523281286,21.236995950207877,61.33068097704024,1,-1,-1,-1
4,-1,484.57859168012243,305.6748681568087,23.629896902343987,65.21994367314528,1,-1,-1,-1
4,-1,379.2135083441528,320.03083915335907,25.723685235463037,56.84307017384215,1,-1,-1,-1
4,-1,366.6507783454383,331.100279134581,24.228122140377984,66.41663988733137,1,-1,-1,-1
4,-1,328.66347573027764,332.5961494023137,23.330784283326988,59.23646260221444,1,-1,-1,-1
4,-1,60.02844661009121,363.6983832472789,40.64740841506884,76.28938365436714,1,-1,-1,-1
4,-1,54.009572631602886,370.893421916347,28.71481142563322,59.834810709307604,1,-1,-1,-1
4,-1,0,371.7909440769867,19.013396206612423,67.31416204797091,1,-1,-1,-1
5,-1,358.1944274902344,333.0122375488281,30.6142578125,66.333740234375,1,-1,-1,-1
5,-1,58.34394836425781,366.81085205078125,37.64454650878906,73.78900146484375,1,-1,-1,-1
5,-1,477.81884765625,310.00762939453125,28.2977294921875,62.06427001953125,1,-1,-1,-1
5,-1,208.21987915039062,360.64056396484375,38.147705078125,70.60174560546875,1,-1,-1,-1
5,-1,411.33087158203125,348.1413269042969,28.07318115234375,68.20751953125,1,-1,-1,-1
5,-1,317.7384033203125,352.2945556640625,33.8511962890625,41.91314697265625,1,-1,-1,-1
5,-1,1009.6791878149475,299.1790307719253,32.265867967341414,50.89124216453808,1,-1,-1,-1
5,-1,436.15373958292207,312.40113735347995,25.23356341035677,61.64874050826157,1,-1,-1,-1
5,-1,372.0356686221794,321.91738588831225,21.924243618834602,56.68374127269688,1,-1,-1,-1
5,-1,198.12944404154138,357.10343040293645,21.510578644894352,59.166240890479344,1,-1,-1,-1
5,-1,216.3307028949135,347.5871818681042,29.783878123699832,58.75249095418217,1,-1,-1,-1
5,-1,7.016226081134271,379.8596768992747,39.71183749826641,67.8549895527175,1,-1,-1,-1
6,-1,432.9815368652344,315.55035400390625,26.0430908203125,57.68609619140625,1,-1,-1,-1
6,-1,354.0821228027344,337.1927185058594,28.86431884765625,65.42559814453125,1,-1,-1,-1
6,-1,984.0054321289062,303.56365966796875,32.0029296875,55.94317626953125,1,-1,-1,-1
6,-1,50.15253829956055,365.27203369140625,28.250873565673828,74.94189453125,1,-1,-1,-1
6,-1,469.4383409072077,306.2712405396277,33.924157434090944,76.08797748087376,1,-1,-1,-1
6,-1,400.0214236771501,341.3300949274306,29.15249155564382,76.95926468216157,1,-1,-1,-1
6,-1,308.262761731517,332.7259535343939,29.15249155564382,63.09703688226906,1,-1,-1,-1
6,-1,199.72669134649644,356.6254921597016,28.67458185801034,75.04723326148664,1,-1,-1,-1
6,-1,205.46160771809852,347.06533505632746,33.931588531978896,62.61902902710036,1,-1,-1,-1
6,-1,187.7789489056588,355.6694764493642,21.02802669587425,63.09703688226906,1,-1,-1,-1
6,-1,3.3058056191255165,378.1358456422933,32.97576913671192,72.17918613047448,1,-1,-1,-1
6,-1,37.715303848737946,368.57568853891917,29.63040125327737,63.575044737437764,1,-1,-1,-1
7,-1,388.64593505859375,353.671875,33.04119873046875,63.83154296875,1,-1,-1,-1
7,-1,965.517578125,302.99053955078125,27.9190673828125,57.6492919921875,1,-1,-1,-1
7,-1,186.85755920410156,361.85626220703125,32.14752197265625,70.787841796875,1,-1,-1,-1
7,-1,45.02194213867188,367.037109375,25.780250549316406,74.0384521484375,1,-1,-1,-1
7,-1,466.1660564455614,309.4859295550872,22.857317768478186,65.50845865591145,1,-1,-1,-1
7,-1,423.52836753128474,313.4428163195383,26.813391997637968,62.87053414627738,1,-1,-1,-1
7,-1,343.96731914485105,335.4255205664884,25.494700587918,68.14638316554542,1,-1,-1,-1
7,-1,355.8355418323302,323.5548602731353,25.93426439115793,55.83606878725338,1,-1,-1,-1
7,-1,300.89006642733443,335.8651746514273,27.252955800877896,61.551571891460426,1,-1,-1,-1
7,-1,199.79039168214246,348.1754890297194,29.450774817077694,62.87053414627738,1,-1,-1,-1
7,-1,177.8122015201442,360.04614932307254,23.736445374958105,66.8274209107284,1,-1,-1,-1
7,-1,27.920944615316035,370.1581932766696,30.329902423557616,61.55157189146036,1,-1,-1,-1
7,-1,0,377.6323127206327,24.84399799263628,76.06015669444749,1,-1,-1,-1
8,-1,334.5596618652344,339.2208251953125,30.1339111328125,64.61669921875,1,-1,-1,-1
8,-1,454.3094787597656,312.3805847167969,31.5960693359375,61.68524169921875,1,-1,-1,-1
8,-1,379.6654357910156,356.4691467285156,40.1151123046875,60.49554443359375,1,-1,-1,-1
8,-1,936.3536987304688,305.144287109375,33.14404296875001,53.0274658203125,1,-1,-1,-1
8,-1,36.05794143676758,367.7889709472656,33.05842208862305,71.8170166015625,1,-1,-1,-1
8,-1,177.19671630859375,360.95025634765625,39.609130859375,74.5029296875,1,-1,-1,-1
8,-1,414.64628095602507,315.5792551323426,27.882710491932663,62.6417207094314,1,-1,-1,-1
8,-1,346.44088144498977,322.87315411905723,26.595816161535804,63.92887935414577,1,-1,-1,-1
8,-1,291.1044252379234,337.8900049740579,34.31718214391714,63.928879354145714,1,-1,-1,-1
8,-1,164.55981608222908,360.20075481577317,28.311675268731648,61.7836149462885,1,-1,-1,-1
8,-1,21.941989953061615,369.6876933891418,22.82741368114852,62.96125148679509,1,-1,-1,-1
9,-1,324.9132080078125,342.63677978515625,36.44342041015625,63.32275390625,1,-1,-1,-1
9,-1,450.90826416015625,313.7508239746094,29.5223388671875,62.0194091796875,1,-1,-1,-1
9,-1,914.9445190429688,305.638671875,29.857666015625,55.04473876953125,1,-1,-1,-1
9,-1,406.66918149204974,315.59052722081793,27.664164501065557,61.293963598067315,1,-1,-1,-1
9,-1,367.09892087660137,347.463388291813,32.91685396329326,71.45124899431852,1,-1,-1,-1
9,-1,284.4566066708863,338.70710777780334,26.263447311138293,64.44622458311082,1,-1,-1,-1
9,-1,156.2909837925316,360.42268345254723,25.91326801365642,65.49697824479192,1,-1,-1,-1
9,-1,169.24761779935977,359.371929790866,30.115419583438563,75.65426364104319,1,-1,-1,-1
9,-1,181.85407250870614,350.265398056296,36.0684676406299,63.745722141990036,1,-1,-1,-1
9,-1,27.707381604254277,365.32069306123384,30.465598880920382,77.75577096440546,1,-1,-1,-1
9,-1,15.801285489871592,373.02621991356233,24.512550823729047,59.542707495265375,1,-1,-1,-1
10,-1,358.6808166503906,352.5849914550781,27.32476806640625,67.43182373046875,1,-1,-1,-1
10,-1,161.2176971435547,364.815673828125,25.99411010742187,70.84564208984375,1,-1,-1,-1
10,-1,886.389541109564,304.9548455795557,36.20771342457487,62.74485308241188,1,-1,-1,-1
10,-1,443.86391701155515,312.7610066281443,22.193672770225124,65.20730389443084,1,-1,-1,-1
10,-1,403.98466125255675,318.31056440639367,26.701762551677174,59.31089875504082,1,-1,-1,-1
10,-1,272.9032814534144,340.85564288053206,30.51630005905956,61.738830283024875,1,-1,-1,-1
10,-1,319.71805995310814,341.8961849639538,28.78241937388575,65.90099861671197,1,-1,-1,-1
10,-1,330.81489633822065,327.32859579604906,28.43564323685104,58.964051393900185,1,-1,-1,-1
10,-1,0.22032633614793093,387.66764128083025,35.71794211458113,61.759282616599094,1,-1,-1,-1
10,-1,22.413999106373097,368.6114887516721,25.31465800353809,56.53611986591606,1,-1,-1,-1
10,-1,6.462296802773758,371.7331150019374,17.68558298877318,32.60365194721542,1,-1,-1,-1
10,-1,145.48468992523325,360.9340503225153,23.51648952048511,66.91981056679462,1,-1,-1,-1
10,-1,175.62554269092544,348.6764612583004,27.159889305348983,65.2633796121711,1,-1,-1,-1
11,-1,435.8658142089844,314.633056640625,26.052978515625,64.862548828125,1,-1,-1,-1
11,-1,344.4412841796875,357.8146057128906,39.830322265625,66.06219482421875,1,-1,-1,-1
11,-1,147.28916931152344,364.1516418457031,38.949066162109375,73.973388671875,1,-1,-1,-1
11,-1,860.79296875,308.8070373535156,28.9932861328125,59.734130859375,1,-1,-1,-1
11,-1,396.1315001329205,317.5425800359722,27.678396091763332,63.85794669695076,1,-1,-1,-1
11,-1,311.6201307327366,340.05896586553285,26.57126024809276,68.28739964702831,1,-1,-1,-1
11,-1,262.90615361123315,341.1663291030523,35.42834699745711,65.33443101364324,1,-1,-1,-1
11,-1,165.04850233201122,351.13167484594607,33.95216587256299,65.70355209281641,1,-1,-1,-1
11,-1,136.26297039657737,363.68179153783234,24.726033841975216,61.64322022191205,1,-1,-1,-1
11,-1,13.001846467924771,362.9435493794861,24.726033841975223,64.96530993447018,1,-1,-1,-1
11,-1,0,370.69509204212176,15.499901811387453,66.81091533033577,1,-1,-1,-1
12,-1,428.82476806640625,316.29937744140625,28.84490966796875,63.9207763671875,1,-1,-1,-1
12,-1,300.5995178222656,344.546630859375,35.37384033203125,65.5694580078125,1,-1,-1,-1
12,-1,391.877197265625,321.46551513671875,26.97100830078125,58.9342041015625,1,-1,-1,-1
12,-1,829.7638549804688,311.15606689453125,33.8095703125,62.42401123046875,1,-1,-1,-1
12,-1,338.2657470703125,356.73126220703125,28.61712646484375,66.97320556640625,1,-1,-1,-1
12,-1,254.2426452244887,341.4328633616938,29.979112953337452,67.73143418466523,1,-1,-1,-1
12,-1,158.2769282592033,353.7825129110094,37.73841277655415,62.79268377536669,1,-1,-1,-1
12,-1,139.58406959418116,364.3655495023633,30.684503846357085,74.43402402585608,1,-1,-1,-1
12,-1,125.47625173378708,366.48215682063415,25.394072148709316,63.498219548123615,1,-1,-1,-1
12,-1,49.64673073416894,386.5899263442066,37.03302188353446,62.0871480026097,1,-1,-1,-1
12,-1,4.501713580907914,367.18769259339103,23.630594916160074,75.84509557136987,1,-1,-1,-1
13,-1,801.049072265625,311.7408142089844,32.695068359375,65.609375,1,-1,-1,-1
13,-1,422.5809077113031,312.9714916815477,22.12408917112729,68.59876298873823,1,-1,-1,-1
13,-1,380.82168940080027,318.7802579023683,22.124089171127352,60.853741360977416,1,-1,-1,-1
13,-1,324.2905460752677,347.0152218687883,29.3144181517437,81.04611917621081,1,-1,-1,-1
13,-1,291.38096343321575,342.31288730907636,30.697173724939184,70.81162631095562,1,-1,-1,-1
13,-1,308.2505814262003,327.3760598841092,25.995804776074593,63.89642842902629,1,-1,-1,-1
13,-1,246.30313174704386,342.31288730907636,30.14407149566096,65.2794680054122,1,-1,-1,-1
13,-1,152.55230388439182,347.29182978406544,27.931662578548274,73.0244896331729,1,-1,-1,-1
13,-1,130.15166359862542,366.101168022913,27.93166257854824,73.30109754845012,1,-1,-1,-1
13,-1,116.32410786667083,368.3140313451304,21.570986941849128,59.194093869314344,1,-1,-1,-1
13,-1,77.05384958791984,380.76138753260307,34.01578710060826,62.78999676791759,1,-1,-1,-1
13,-1,0,366.9317825841464,23.08746909247003,76.89700044705324,1,-1,-1,-1
14,-1,412.0013732910156,317.78204345703125,27.52642822265625,63.88604736328125,1,-1,-1,-1
14,-1,312.532958984375,357.2700500488281,39.0413818359375,68.36614990234375,1,-1,-1,-1
14,-1,374.18829345703125,324.442626953125,26.56048583984375,59.4287109375,1,-1,-1,-1
14,-1,772.8906860351562,314.2786560058594,32.0301513671875,64.19549560546875,1,-1,-1,-1
14,-1,105.35082244873047,380.91314697265625,31.34825897216797,60.3636474609375,1,-1,-1,-1
14,-1,282.3287673855772,342.2131710577835,30.056064443363145,72.05393465425904,1,-1,-1,-1
14,-1,236.5290501385476,342.69034943297726,33.39562715929231,68.23650765270887,1,-1,-1,-1
14,-1,143.49837448051883,352.23391693685267,31.964385995322704,68.23650765270881,1,-1,-1,-1
14,-1,118.2131139170546,367.02644656785947,24.808180175474355,55.352691522477144,1,-1,-1,-1
14,-1,0,369.4123384438283,21.842875543096607,77.3028967813905,1,-1,-1,-1
15,-1,271.42364501953125,346.7770080566406,35.70111083984375,67.45977783203125,1,-1,-1,-1
15,-1,367.3294982910156,325.0399169921875,27.52532958984375,60.73046875,1,-1,-1,-1
15,-1,404.7672424316406,318.7020263671875,33.2181396484375,64.6029052734375,1,-1,-1,-1
15,-1,743.4501342773438,318.2809143066406,31.1746826171875,61.5081787109375,1,-1,-1,-1
15,-1,304.82991083244264,353.78087168450827,37.648503281004764,76.93209480962062,1,-1,-1,-1
15,-1,227.5087911908092,338.79935848473997,28.742405730659573,69.23888532865863,1,-1,-1,-1
15,-1,134.38728572449406,375.25100621764955,36.434035433230406,65.99963923141142,1,-1,-1,-1
15,-1,110.09792876900713,368.77251402315517,24.6941795714117,67.61926228003503,1,-1,-1,-1
15,-1,97.54842767533889,366.7479852123757,21.45559864401345,65.5947334692555,1,-1,-1,-1
16,-1,102.644287109375,368.9433288574219,26.508560180664062,71.78515625,1,-1,-1,-1
16,-1,713.033203125,320.2153625488281,33.16064453125,64.749267578125,1,-1,-1,-1
16,-1,396.1153695309938,316.617423792947,30.605479803536813,67.9819734919707,1,-1,-1,-1
16,-1,359.94525703590494,322.1831994004768,27.02821593039609,65.19908568820586,1,-1,-1,-1
16,-1,292.77219097359705,351.602299040277,30.605479803536756,79.908635508106,1,-1,-1,-1
16,-1,282.43787311785735,331.72452901338494,26.23326840303144,64.80153028766802,1,-1,-1,-1
16,-1,266.53892257056555,342.8560802284445,31.002953567218995,75.1379707016519,1,-1,-1,-1
16,-1,214.00258784794295,344.04874643005803,36.63738417533069,68.37952889250855,1,-1,-1,-1
17,-1,354.06427001953125,327.0110778808594,26.404541015625,59.50830078125,1,-1,-1,-1
17,-1,279.62286376953125,366.4112243652344,36.60656738281251,62.143310546875,1,-1,-1,-1
17,-1,681.9075317382812,321.9190368652344,33.08203125,63.84674072265625,1,-1,-1,-1
17,-1,88.55467224121094,371.9346008300781,38.530059814453125,70.38873291015625,1,-1,-1,-1
17,-1,391.642603553432,318.4774005385959,29.495237957190945,71.40168733141554,1,-1,-1,-1
17,-1,257.84536470414525,344.5582563901908,27.35790187333662,72.25679735933657,1,-1,-1,-1
17,-1,277.081389458835,332.5867159992948,21.373360838544187,70.11902228953375,1,-1,-1,-1
17,-1,77.88166644360304,370.2115572278251,23.93816413916951,69.69146727557315,1,-1,-1,-1
17,-1,190.73301167111643,370.2115572278251,37.61711507583779,68.40880223369145,1,-1,-1,-1
18,-1,651.0731811523438,325.14068603515625,33.9678955078125,64.12188720703125,1,-1,-1,-1
18,-1,384.8599853515625,322.2414245605469,30.06512451171875,64.865234375,1,-1,-1,-1
18,-1,348.60321044921875,327.94989013671875,25.833984375,59.8935546875,1,-1,-1,-1
18,-1,68.75818810286317,373.1610218307314,25.158988182693502,61.19465104402083,1,-1,-1,-1
18,-1,80.76588700823963,368.29976450480444,32.592325600307504,77.20820458825072,1,-1,-1,-1
18,-1,107.29847957178396,359.1491624795304,41.225136973937055,64.34017049020883,1,-1,-1,-1
18,-1,201.70056884095956,346.5670846947783,24.301295403738017,63.4823015503394,1,-1,-1,-1
18,-1,247.15828612559898,347.9968662612274,33.450018379262936,68.62951518955613,1,-1,-1,-1
18,-1,264.5980392976934,336.84457004292454,22.871807438812258,62.62443261046997,1,-1,-1,-1
18,-1,268.3147080065003,355.43173040676265,42.31284376180275,72.63290357561364,1,-1,-1,-1
18,-1,216.8531412691727,366.29807031177575,41.741048575832394,65.19803943007827,1,-1,-1,-1
19,-1,623.6356811523438,326.6099853515625,30.9383544921875,62.99713134765625,1,-1,-1,-1
19,-1,378.52079255126046,318.9277239430236,26.76803157510408,71.31494660513317,1,-1,-1,-1
19,-1,337.6387079638289,328.9069485532982,25.79464860873659,61.579117717060335,1,-1,-1,-1
19,-1,246.8100715518305,368.5778417876786,38.20528142992123,58.65836905063849,1,-1,-1,-1
19,-1,259.2207043730151,339.61375084566214,18.980967844164635,36.996149774676496,1,-1,-1,-1
19,-1,240.96977375362596,350.80995406694575,16.790856169838047,39.916898441098404,1,-1,-1,-1
19,-1,185.730290412275,352.7571198445603,37.71858994673745,64.9866578278858,1,-1,-1,-1
19,-1,106.05403903278344,360.20168625752996,34.9119422681124,66.50036924326231,1,-1,-1,-1
19,-1,71.39880222252478,370.98552991859947,30.804654942452128,72.91932380342283,1,-1,-1,-1
19,-1,60.103762076959,373.5531117426637,22.076669375424014,62.64899650716605,1,-1,-1,-1
20,-1,328.0033264160156,332.54019165039057,30.628173828125,58.8720703125,1,-1,-1,-1
20,-1,592.8426513671875,330.5273132324219,29.4952392578125,60.979248046875,1,-1,-1,-1
20,-1,268.90713578868827,359.54180694431426,44.49721133208236,65.368702418612,1,-1,-1,-1
20,-1,229.57477934336546,351.1968662100233,30.790481055682008,70.53461811126827,1,-1,-1,-1
20,-1,182.69378883277872,350.40210994961467,28.60535014205293,65.368702418612,1,-1,-1,-1
20,-1,371.1001006388006,320.12293141922845,24.21095347887537,69.18836042716482,1,-1,-1,-1
20,-1,97.0935953937504,358.56090943432,27.2853602698437,68.0352210867121,1,-1,-1,-1
20,-1,57.37494546941762,371.62982195945114,42.40875586643004,75.7228166897304,1,-1,-1,-1
20,-1,49.44029013374165,375.4736197609603,26.516758572101633,59.963245703542924,1,-1,-1,-1
21,-1,360.98858642578125,325.61883544921875,32.7991943359375,64.78363037109375,1,-1,-1,-1
21,-1,561.8428955078125,331.4588317871094,29.0086669921875,63.0023193359375,1,-1,-1,-1
21,-1,218.531494140625,355.7646789550781,28.2169189453125,63.68670654296875,1,-1,-1,-1
21,-1,242.4478759765625,366.225341796875,34.2293701171875,65.0345458984375,1,-1,-1,-1
21,-1,51.267352883899584,371.5783349980622,35.751941854869955,73.68631343943785,1,-1,-1,-1
21,-1,323.0280703624981,331.21438760588666,28.053961967585753,59.963245703542924,1,-1,-1,-1
21,-1,304.58162961668825,363.8866689187146,39.96728828258799,63.42266372490107,1,-1,-1,-1
21,-1,175.43902571771017,352.136441756865,26.167394164037074,66.67824398405811,1,-1,-1,-1
21,-1,91.95257767054436,360.2375368203487,27.724977149991634,65.12034108723428,1,-1,-1,-1
21,-1,40.86385573123393,375.81656578858656,24.921327775273376,60.446632396762915,1,-1,-1,-1
22,-1,530.55810546875,333.38677978515625,29.12744140625,61.6947021484375,1,-1,-1,-1
22,-1,356.50089654127856,323.5455203492876,21.592483323635786,58.54633225368061,1,-1,-1,-1
22,-1,239.2845584986842,364.630665790467,21.592483323635815,57.51920361765111,1,-1,-1,-1
22,-1,210.49458073383647,352.3051221581132,26.733550781644325,68.81761861397544,1,-1,-1,-1
22,-1,164.22497361175976,356.41363670223114,26.733550781644297,56.4920749816216,1,-1,-1,-1
22,-1,82.9961077752251,363.6035371544375,30.846404748051132,55.46494634559215,1,-1,-1,-1
22,-1,42.89578160275861,376.9562094228208,25.70533729004261,63.68197543382802,1,-1,-1,-1
23,-1,497.45074462890625,336.9744567871094,31.2149658203125,61.21893310546875,1,-1,-1,-1
23,-1,30.84641456604004,379.5697937011719,36.47501182556152,68.60833740234375,1,-1,-1,-1
23,-1,223.03012084960938,367.235107421875,28.345245361328125,65.64703369140625,1,-1,-1,-1
23,-1,77.53007507324219,361.7530517578125,25.133468627929688,63.7042236328125,1,-1,-1,-1
23,-1,307.43206463043373,335.1939273160394,15.765940204559449,57.51920361765111,1,-1,-1,-1
23,-1,350.27429344717143,326.6345220157937,16.79415369616113,63.68197543382802,1,-1,-1,-1
23,-1,362.270117515858,362.2416480648158,33.24556956178846,58.54633225368061,1,-1,-1,-1
23,-1,208.89873034181537,352.2973174735208,17.62651699888636,70.13821257458481,1,-1,-1,-1
23,-1,156.0191793451563,356.1123666930589,24.970899081755697,63.38851010924821,1,-1,-1,-1
23,-1,23.772052687453694,380.7589079216897,26.439775498329546,54.29108504727271,1,-1,-1,-1
24,-1,462.7401428222657,340.2406311035156,33.9036865234375,60.1865234375,1,-1,-1,-1
24,-1,385.1903156052243,360.7807701876097,31.668975541332426,60.80601525294548,1,-1,-1,-1
24,-1,343.6504905445155,327.0909509258426,20.152984435393343,63.27112397941626,1,-1,-1,-1
24,-1,300.05423850060316,335.7188314684903,24.26583840180023,59.16260943529829,1,-1,-1,-1
24,-1,214.91816139598203,363.6567303684923,34.54797331781726,66.55793561471057,1,-1,-1,-1
24,-1,190.24103759754112,356.26140418907994,35.37054411109864,66.14708416029886,1,-1,-1,-1
24,-1,142.53193158722203,357.0831070979035,27.556121574925683,60.806015252945535,1,-1,-1,-1
24,-1,68.50056019189928,363.24587891408044,27.144836178285004,63.681975433828086,1,-1,-1,-1
24,-1,26.13816433790905,380.50163999937587,35.37054411109863,66.55793561471052,1,-1,-1,-1
24,-1,13.799602438688591,376.80397690966964,29.61254855812909,62.44942107059266,1,-1,-1,-1
25,-1,291.4351501464844,337.7054748535156,25.84918212890625,59.8463134765625,1,-1,-1,-1
25,-1,58.189842224121094,367.4001159667969,33.441314697265625,61.99700927734375,1,-1,-1,-1
25,-1,435.4767794503676,339.2410152696523,28.789977764847773,56.69750070882751,1,-1,-1,-1
25,-1,411.21094104856735,356.9006847724421,29.20126316148848,62.45636410751007,1,-1,-1,-1
25,-1,335.50940462338747,330.1693038472353,27.144836178285004,66.55793561471063,1,-1,-1,-1
25,-1,207.9608847781873,356.86770534708455,28.378692368207037,72.72070743088749,1,-1,-1,-1
25,-1,184.516893948764,355.2214065973884,31.66969876223694,70.25849163646569,1,-1,-1,-1
25,-1,135.16336957278662,361.3870713456143,32.902831731254544,62.86027252500449,1,-1,-1,-1
25,-1,15.47902986198642,379.87538679414496,23.03198221187818,68.20134143235782,1,-1,-1,-1
25,-1,6.430751135891417,379.05368388532145,17.273986658908644,62.44942107059261,1,-1,-1,-1
26,-1,280.9495849609375,339.4483642578125,32.63726806640625,60.5443115234375,1,-1,-1,-1
26,-1,52.50145721435547,368.3463439941406,33.47021484375,61.06683349609375,1,-1,-1,-1
26,-1,3.6713523864746094,383.9404602050781,32.86341094970703,68.20452880859375,1,-1,-1,-1
26,-1,430.67704126408387,359.727180407244,31.874618239652868,60.08702520772484,1,-1,-1,-1
26,-1,404.97170397404125,348.94232972893445,26.733550781644297,41.59870975919409,1,-1,-1,-1
26,-1,326.31337186651086,331.48114291643316,25.19123054424172,60.0870252077249,1,-1,-1,-1
26,-1,191.61740446668756,362.29500199731774,24.67712379844091,69.84474725000494,1,-1,-1,-1
26,-1,180.30705605906877,354.07797290908184,14.909095628224726,70.87187588603445,1,-1,-1,-1
26,-1,192.1315112124884,347.9152010929049,33.41693847705539,58.03276793566589,1,-1,-1,-1
26,-1,127.354061241581,360.75430904327345,23.648910306839202,57.00563929963644,1,-1,-1,-1
26,-1,2.4261220119738875,381.2968817638632,20.05016308623324,62.65484679779858,1,-1,-1,-1
27,-1,314.14794921875,336.05474853515625,35.03289794921875,62.1385498046875,1,-1,-1,-1
27,-1,163.6743621826172,359.73846435546875,28.634857177734375,67.0750732421875,1,-1,-1,-1
27,-1,185.86009216308594,373.0858459472656,31.58306884765625,58.23712158203125,1,-1,-1,-1
27,-1,452.019336647548,355.51810892269293,34.54797331781726,61.627718161769074,1,-1,-1,-1
27,-1,373.052540492537,353.0530001962222,33.72540252453596,52.99983761912137,1,-1,-1,-1
27,-1,273.0482813994293,337.382786287596,27.14483617828506,66.1470841602988,1,-1,-1,-1
27,-1,184.62004074733116,348.88662701112617,21.79812602195614,64.0928268882398,1,-1,-1,-1
27,-1,114.29023792177456,360.8013191890682,29.612548558129113,61.21686670735725,1,-1,-1,-1
27,-1,46.01686207942138,365.3206851875979,25.088409195081596,58.751757980886524,1,-1,-1,-1
27,-1,0,378.46735314236554,32.855729386919556,73.95326179412291,1,-1,-1,-1
28,-1,266.96673583984375,339.30450439453125,27.953857421875,63.448974609375,1,-1,-1,-1
28,-1,155.8960723876953,362.10235595703125,32.267730712890625,69.2210693359375,1,-1,-1,-1
28,-1,337.0135192871094,357.72796630859375,39.7490234375,57.961669921875,1,-1,-1,-1
28,-1,475.00429916890886,355.4177149966847,34.959981935362535,62.86027252500443,1,-1,-1,-1
28,-1,308.4344367503372,335.6968451849186,22.209411418596815,63.681975433828086,1,-1,-1,-1
28,-1,177.1484765785096,370.19274552244525,32.49154633461384,66.55793561471057,1,-1,-1,-1
28,-1,175.91462038858757,350.8827271650909,27.96740697156633,66.55793561471057,1,-1,-1,-1
28,-1,107.64124454623435,359.92145916215037,34.54797331781729,64.09282688823986,1,-1,-1,-1
28,-1,38.54457468969534,368.54933970479806,26.734274002548783,58.751757980886524,1,-1,-1,-1
28,-1,0,397.30894151362367,13.456888715518202,63.2711239794162,1,-1,-1,-1
29,-1,259.14007568359375,342.36029052734375,29.0546875,61.3021240234375,1,-1,-1,-1
29,-1,491.41178969631727,354.7810472360779,33.93104522285623,63.1684111158133,1,-1,-1,-1
29,-1,167.96849415984832,373.24766569424185,21.078376577834945,62.1412824797838,1,-1,-1,-1
29,-1,166.42617392244577,350.1372713835784,29.81819125644942,60.087025207724786,1,-1,-1,-1
29,-1,146.89011758201337,361.43568637990273,27.761764273246033,69.84474725000494,1,-1,-1,-1
29,-1,99.07819022253413,360.40855774387325,20.050163086233237,63.68197543382802,1,-1,-1,-1
29,-1,28.645566047817354,373.24766569424185,34.4451519686571,56.49207498162172,1,-1,-1,-1
29,-1,298.5516075932648,338.83885638725405,23.648910306839202,47.24791725735634,1,-1,-1,-1
29,-1,311.4042762382861,362.976379333947,30.846404748051132,52.3835604375037,1,-1,-1,-1
30,-1,507.216064453125,356.3395690917969,37.37646484375,63.19451904296875,1,-1,-1,-1
30,-1,84.99773406982422,366.2273864746094,31.006561279296875,65.07977294921875,1,-1,-1,-1
30,-1,22.99039184400798,372.7449498714104,26.219444035843466,58.03276793566589,1,-1,-1,-1
30,-1,158.714572735433,375.31277146148415,26.21944403584346,62.141282479783854,1,-1,-1,-1
30,-1,135.06566242859378,367.60930669126304,21.078376577834945,62.65484679779852,1,-1,-1,-1
30,-1,156.14403900642873,351.68881283280604,18.50784284883069,39.54445248713513,1,-1,-1,-1
30,-1,253.82432070859065,342.9582194265554,17.99373610302982,57.519203617651165,1,-1,-1,-1
30,-1,290.840006406252,341.4175264725112,30.84640474805119,50.329303165444685,1,-1,-1,-1
30,-1,283.64251196504006,359.9058419210419,30.84640474805119,65.22266838787226,1,-1,-1,-1
31,-1,521.3069458007812,355.4852294921875,34.5872802734375,67.3681640625,1,-1,-1,-1
31,-1,285.5566813963356,338.27537521552887,25.08840919508159,65.73623270588703,1,-1,-1,-1
31,-1,237.84757538601653,346.90325575817656,25.910979988362943,60.80601525294548,1,-1,-1,-1
31,-1,253.06513506172172,367.0349770243544,28.789977764847713,63.27112397941626,1,-1,-1,-1
31,-1,146.13093193514445,375.66285756700205,38.24954188758341,62.0385696161809,1,-1,-1,-1
31,-1,128.85694527623582,364.5698682978837,22.620696815237494,64.0928268882398,1,-1,-1,-1
31,-1,79.50269767935399,367.0349770243544,25.499694591722278,59.16260943529835,1,-1,-1,-1
31,-1,16.576031993329657,374.84115465817854,32.49154633461387,62.44942107059266,1,-1,-1,-1
32,-1,271.8482360839844,339.1209411621094,26.3990478515625,67.365478515625,1,-1,-1,-1
32,-1,535.3590087890625,355.2729187011719,31.4384765625,69.37774658203125,1,-1,-1,-1
32,-1,136.94415283203125,365.0252380371094,25.823455810546875,75.9693603515625,1,-1,-1,-1
32,-1,227.3500463431507,375.52778289607437,27.07628861217821,61.627718161769074,1,-1,-1,-1
32,-1,232.1483759706253,348.1376859352881,21.9352211541697,42.79702650122854,1,-1,-1,-1
32,-1,123.15774586084463,367.99550623185814,19.193318509898457,61.28534194975929,1,-1,-1,-1
32,-1,73.118022602895,368.337882443868,22.277958984703595,65.73623270588698,1,-1,-1,-1
32,-1,6.621459322534635,374.49776132799593,32.21735607018674,57.519203617651165,1,-1,-1,-1
33,-1,256.0833740234375,342.40435791015625,37.74200439453125,65.109375,1,-1,-1,-1
33,-1,547.5337524414062,356.343994140625,35.0191650390625,69.744873046875,1,-1,-1,-1
33,-1,57.962921142578125,371.1732177734375,32.6839599609375,61.0252685546875,1,-1,-1,-1
33,-1,125.023681640625,374.1316223144531,29.513916015625,69.2579345703125,1,-1,-1,-1
33,-1,202.32926912635057,375.4030624291057,25.852224931699997,60.74732218802951,1,-1,-1,-1
33,-1,225.83129179153244,348.1107872431794,20.27049454871929,60.74732218802951,1,-1,-1,-1
33,-1,112.14025714871536,367.18603334086987,22.326921531922736,68.08395530252581,1,-1,-1,-1
33,-1,0,373.3459122249978,27.532975554060815,62.5110070675575,1,-1,-1,-1
34,-1,213.3939666748047,350.16326904296875,33.20916748046875,60.00341796875,1,-1,-1,-1
34,-1,557.2567138671875,356.4405212402344,35.3199462890625,63.5284423828125,1,-1,-1,-1
34,-1,250.3918523056478,339.7943665872507,27.14483617828506,67.37963852353423,1,-1,-1,-1
34,-1,117.95795458734828,381.2903634828419,30.023833954769774,59.57346088971006,1,-1,-1,-1
34,-1,98.21625554859556,364.4454538519583,30.846404748051146,68.20134143235782,1,-1,-1,-1
34,-1,120.42566696719238,360.3369393078404,23.031982211878155,55.46494634559215,1,-1,-1,-1
34,-1,167.72348758087077,376.36014602990036,35.78182950773932,66.96878706912234,1,-1,-1,-1
34,-1,51.7410057281985,374.7167402122532,25.91097998836295,57.930055072062935,1,-1,-1,-1
34,-1,0,373.07333439460604,18.42688860030327,60.39516379853371,1,-1,-1,-1
35,-1,240.6500244140625,347.95367431640625,27.79376220703125,62.916259765625,1,-1,-1,-1
35,-1,565.127685546875,357.5971374511719,34.97216796875,61.8504638671875,1,-1,-1,-1
35,-1,207.0406068407131,348.94377619495884,27.761764273246005,62.1412824797838,1,-1,-1,-1
35,-1,138.15030290339888,380.7847639118729,35.473365460258805,69.33118293199016,1,-1,-1,-1
35,-1,103.19104418894095,375.6491207317254,28.275871019046875,68.30405429596071,1,-1,-1,-1
35,-1,100.62051045993667,367.9456559615043,11.310348407618747,64.70910406985747,1,-1,-1,-1
35,-1,108.84621839275032,364.3507057354011,19.021949594631543,53.92425339154792,1,-1,-1,-1
35,-1,45.09698191344462,377.70337800378445,23.64891030683921,55.46494634559215,1,-1,-1,-1
36,-1,230.77166748046875,347.3078918457031,28.233581542968746,67.244384765625,1,-1,-1,-1
36,-1,570.36962890625,357.0545654296875,31.282470703125,75.49114990234375,1,-1,-1,-1
36,-1,201.21400345322806,346.205971887234,18.50784284883069,62.65484679779852,1,-1,-1,-1
36,-1,117.41460388768913,381.6419098302512,25.705337290042603,66.76336134191642,1,-1,-1,-1
36,-1,92.73748008924821,375.4791380140743,23.134803561038346,64.19553975184274,1,-1,-1,-1
36,-1,87.59641263123969,373.93844506003,26.219444035843473,62.141282479783854,1,-1,-1,-1
36,-1,34.12931106795106,379.5876525581922,29.81819125644943,56.492074981621656,1,-1,-1,-1
37,-1,186.92083740234375,351.0519104003906,32.1209716796875,62.1998291015625,1,-1,-1,-1
37,-1,212.08950805664062,350.01678466796875,31.153900146484375,64.20208740234375,1,-1,-1,-1
37,-1,576.9447293951738,353.81990881006806,28.643090123190365,68.96435127626543,1,-1,-1,-1
37,-1,20.271943765839573,377.15113307539826,30.27517503049463,61.627718161769074,1,-1,-1,-1
37,-1,89.39073959017638,383.4280302955784,33.70255333583367,66.76336134191655,1,-1,-1,-1
37,-1,76.82368580393334,374.86862499533277,18.279350961808078,61.05709114175268,1,-1,-1,-1
38,-1,579.72705078125,357.07598876953125,27.3988037109375,66.6484375,1,-1,-1,-1
38,-1,205.89683532714844,354.1569519042969,36.334991455078125,60.48236083984375,1,-1,-1,-1
38,-1,179.7929493132679,349.9933250543674,20.564269832034107,61.11415384375429,1,-1,-1,-1
38,-1,66.17535849127958,399.80906390179734,24.67712379844091,49.30217452941529,1,-1,-1,-1
38,-1,14.25057716539349,375.67154095510455,28.275871019046882,62.1412824797838,1,-1,-1,-1
38,-1,85.71141483171196,362.83243300473595,22.10659006943664,53.41068907353314,1,-1,-1,-1
38,-1,66.68946523708041,370.53589777495705,26.733550781644325,46.734352939341555,1,-1,-1,-1
39,-1,581.3165893554688,356.7730712890625,33.8233642578125,64.4088134765625,1,-1,-1,-1
39,-1,199.10321780928163,348.35058047833144,37.701161358729145,68.81761861397544,1,-1,-1,-1
39,-1,167.5713374001627,351.08959017441003,28.44723993431383,63.68197543382802,1,-1,-1,-1
39,-1,70.23379352853465,363.072757594754,20.907007662568006,64.70910406985747,1,-1,-1,-1
39,-1,59.95165861251761,367.1812721388719,15.08046454349166,53.06831286152337,1,-1,-1,-1
39,-1,43.157504916356444,388.40859728348124,24.677123798440903,65.05148028186737,1,-1,-1,-1
39,-1,6.141819218695076,378.8220633472061,28.44723993431383,59.915837101719895,1,-1,-1,-1
40,-1,582.0191650390625,356.93707275390625,28.511962890625,63.3431396484375,1,-1,-1,-1
40,-1,194.0431648682092,346.14235034193626,22.620696815237494,68.8176186139755,1,-1,-1,-1
40,-1,160.11211964535295,354.3593794301721,26.733550781644325,59.57346088971012,1,-1,-1,-1
40,-1,59.347197468385886,383.1189812389977,24.677123798440917,60.600589525739565,1,-1,-1,-1
40,-1,44.95220858596202,374.9019521507619,27.76176427324602,60.600589525739565,1,-1,-1,-1
40,-1,57.29077048518248,358.4678939742901,29.81819125644944,63.68197543382802,1,-1,-1,-1
40,-1,20.275084787521113,385.1732385110567,32.902831731254544,68.8176186139755,1,-1,-1,-1
40,-1,0,371.8205662426734,18.218657804317704,58.54633225368061,1,-1,-1,-1
41,-1,179.92083740234375,350.8358154296875,33.8555908203125,71.445068359375,1,-1,-1,-1
41,-1,581.5687866210938,357.4425354003906,34.040283203125,63.48223876953125,1,-1,-1,-1
41,-1,156.09590176741858,357.606626775731,23.30617247630529,58.888708465690506,1,-1,-1,-1
41,-1,55.33097959045154,358.2913791997506,21.9352211541697,63.681975433828086,1,-1,-1,-1
41,-1,48.47622297977352,384.3119713124975,23.991648137373108,54.7801939215726,1,-1,-1,-1
41,-1,42.99241769123109,376.09494222426173,14.394988882423863,47.24791725735622,1,-1,-1,-1
41,-1,8.033158976773137,392.5290004007335,21.935221154169703,56.834451193631494,1,-1,-1,-1
41,-1,0,382.25771404043866,6.662207654637531,54.78019392157248,1,-1,-1,-1
42,-1,576.2598062747342,356.40197040161587,34.772823758382806,82.6296854304207,1,-1,-1,-1
42,-1,140.4436798095703,356.2366027832031,32.077545166015625,63.74700927734375,1,-1,-1,-1
42,-1,174.36489082681675,352.2151561806848,31.874618239652868,73.13155888529914,1,-1,-1,-1
42,-1,42.89578160275861,396.471653507381,14.394988882423863,46.22078862132683,1,-1,-1,-1
42,-1,48.03684906076714,367.71205169855546,19.536056340432392,58.54633225368061,1,-1,-1,-1
42,-1,34.670073669944976,373.8748235147323,14.394988882423863,46.22078862132683,1,-1,-1,-1
43,-1,581.7972412109375,357.230712890625,26.045166015625,66.1722412109375,1,-1,-1,-1
43,-1,18.347509940174902,383.82488421066375,38.660827284224105,74.15868752132889,1,-1,-1,-1
43,-1,36.54908744466807,368.00710321580976,27.46575720192948,63.887401161033935,1,-1,-1,-1
43,-1,135.63840246427262,355.4219129187915,27.662840134909118,68.40676715956373,1,-1,-1,-1
43,-1,164.04064916471756,352.4352252633316,25,74.58534095475652,1,-1,-1,-1
44,-1,149.1083706101344,354.8929667302995,38.83997834580907,71.38833313609804,1,-1,-1,-1
44,-1,12.773732633723906,383.63205908123393,41.384209115911915,71.85232754261321,1,-1,-1,-1
44,-1,576.2541044881901,356.0443977584924,29.304807731553183,82.17029088235873,1,-1,-1,-1
44,-1,12.754620893846512,376.9301041550462,38.29208865275314,70.10347746143586,1,-1,-1,-1
44,-1,125.31373046333205,354.9605946604176,25,72.06724416412177,1,-1,-1,-1
45,-1,117.05166407709588,358.33100770117335,31.63806142403387,62.63328489743746,1,-1,-1,-1
45,-1,577.5270021340101,355.8528827878038,28.110487058574964,82.67705823962964,1,-1,-1,-1
45,-1,140.7700532970212,355.48665147832247,36.8678366599719,71.6304683032898,1,-1,-1,-1
45,-1,6.758361595840358,381.75346182578494,30.268058766388673,77.03464770221137,1,-1,-1,-1
45,-1,5.726311926245266,376.00185504458244,25,76.22375667376708,1,-1,-1,-1
46,-1,577.027419028925,356.31184945134186,29.149759665359056,82.59707817213422,1,-1,-1,-1
46,-1,0,382.9447998339135,27.00402248525429,72.41358748890337,1,-1,-1,-1
46,-1,8.15268845078093,373.25447726406554,28.84086938800301,61.60508643013071,1,-1,-1,-1
46,-1,109.824583413888,358.7209299920375,26.547326094984797,64.41843735338935,1,-1,-1,-1
46,-1,135.1041605239288,355.3594180923047,25,73.21702092454683,1,-1,-1,-1
46,-1,0,377.1322960364363,25,73.57107439466994,1,-1,-1,-1
47,-1,122.49997946689442,360.6569541776367,36.8212890625,69.50652952055671,1,-1,-1,-1
47,-1,99.51469112662888,358.83106469912065,25.000000000000004,68.64643050797055,1,-1,-1,-1
47,-1,577.1614055544977,356.18044261596975,31.821224960999288,82.60565902957802,1,-1,-1,-1
47,-1,0,392.3631389632631,28.50079272033475,55.46494634559215,1,-1,-1,-1
47,-1,0,375.92908078679136,20.275084787521113,47.24791725735628,1,-1,-1,-1
48,-1,86.39054039408072,360.8249338427248,36.64251310343794,62.509905024462796,1,-1,-1,-1
48,-1,116.11525769674817,362.13508140244767,29.1793358162158,72.64600716644892,1,-1,-1,-1
48,-1,578.4783091722082,356.28688171564687,29.724717302667518,85.53180278209166,1,-1,-1,-1
48,-1,0,385.1732385110567,15.13401732951259,63.681975433828086,1,-1,-1,-1
49,-1,106.36212346992365,363.08943729558314,26.99593691527986,69.099558065745,1,-1,-1,-1
49,-1,84.58706552157577,360.82955257138616,26.89173747265996,67.47445039762913,1,-1,-1,-1
49,-1,577.6229437234563,355.25717584748185,27.633237586795854,83.45420167739564,1,-1,-1,-1
50,-1,578.329395304414,356.81252679954025,28.06705855675772,81.76658775955246,1,-1,-1,-1
50,-1,76.87322308659282,360.0632019539851,25,69.38824563399189,1,-1,-1,-1
50,-1,93.32391573131564,363.94346569009656,37.244900805588436,69.61649644199832,1,-1,-1,-1
51,-1,87.36025517661466,364.0104675292969,26.04879834148097,70,1,-1,-1,-1
51,-1,67.68228911884775,363.1765912082567,30.817668771023158,63.84283447265625,1,-1,-1,-1
51,-1,577.618888864973,356.2481001605307,30.473232153827617,82.54379220455124,1,-1,-1,-1
52,-1,76.17009482981737,363.8825441948322,29.875688642661995,71.85338720165221,1,-1,-1,-1
52,-1,57.252179169610216,363.02949659685646,25.000000000000004,67.61906079427044,1,-1,-1,-1
52,-1,577.8417434381126,356.55670268794785,27.590395357979165,82.5126670943685,1,-1,-1,-1
53,-1,66.39511108773432,367.3301945080051,34.91900634765625,70.48335499849759,1,-1,-1,-1
53,-1,577.0294189903117,356.82083153943626,29.05588458552658,81.56609783322072,1,-1,-1,-1
53,-1,48.89467170727742,364.04598651155476,25.000000000000004,66.1470841602988,1,-1,-1,-1
54,-1,37.72180735878506,366.57178799028765,26.54660287408037,66.48323535027212,1,-1,-1,-1
54,-1,56.97744183787152,366.38503732919145,25,75.07376576070045,1,-1,-1,-1
54,-1,578.2702773708596,356.8561280120241,25,86.40923445962332,1,-1,-1,-1
55,-1,44.65540453459679,368.2633968821648,32.732093811035156,70.00164794921875,1,-1,-1,-1
55,-1,30.51707953446859,365.7217037442863,25,63.12172345053925,1,-1,-1,-1
55,-1,576.8177480066013,357.05267032462245,25,81.38019193156683,1,-1,-1,-1
56,-1,579.057449361445,357.3714376341681,25.0081787109375,81.71145529348976,1,-1,-1,-1
56,-1,39.5721321105957,370.7523193359375,32.04304122924805,69.349365234375,1,-1,-1,-1
56,-1,24.712191894521624,367.1756571611228,33.245569561788464,65.05148028186743,1,-1,-1,-1
57,-1,577.9855896943458,356.24119846612285,25.4249154286967,82.5437922045513,1,-1,-1,-1
57,-1,17.568794760169908,367.23599672349553,25,68.71136392748963,1,-1,-1,-1
57,-1,29.446433370051636,369.0069081649256,25,74.55537168420912,1,-1,-1,-1
58,-1,578.6126515037283,357.2838436595086,25.0181884765625,81.72854342221524,1,-1,-1,-1
58,-1,15.988983154296868,372.20188777705897,36.72400236373505,70.35920841434725,1,-1,-1,-1
58,-1,9.949499027253669,372.202330980618,25,65.69747313471609,1,-1,-1,-1
59,-1,577.5941051443176,356.171837180199,28.15690783130004,82.34593882571971,1,-1,-1,-1
59,-1,11.537796998093402,373.647907466411,31.76801422181804,71.0706787109375,1,-1,-1,-1
59,-1,3.147216055382175,375.5647337762346,31.428412384806816,61.43392030591443,1,-1,-1,-1
60,-1,1.2869013609264512,372.8675289198231,25,72.35284423828125,1,-1,-1,-1
60,-1,578.3916148926013,357.5526274001318,27.64751832973475,83.3115449223915,1,-1,-1,-1
60,-1,0,373.2129935683516,25,62.341628436162814,1,-1,-1,-1
61,-1,0,375.41908671428126,25,77.37702391422114,1,-1,-1,-1
61,-1,578.1044286732781,357.38455554021135,27.4208057957309,80.72844961322365,1,-1,-1,-1
62,-1,577.3498765178307,356.5718926088215,28.229134042155994,82.35704154345498,1,-1,-1,-1
63,-1,577.1815105235489,355.93939116832377,25,82.17029088235878,1,-1,-1,-1
64,-1,577.4968803895989,358.56996948058634,25,80.48625770009194,1,-1,-1,-1
65,-1,576.6344798840528,357.5372193663355,27.614876631588803,81.58336023319909,1,-1,-1,-1
66,-1,577.521453934956,356.5199625602591,28.042186134591894,94.68258517580875,1,-1,-1,-1
67,-1,578.3837731908674,357.16123343304906,27.354358927517072,84.30206729675962,1,-1,-1,-1
68,-1,577.8463493794995,356.0895218777822,27.504710900345792,81.91350872335136,1,-1,-1,-1
69,-1,576.5604621073868,356.30476184796305,25,83.35398413549673,1,-1,-1,-1
70,-1,577.5363208723232,356.7563829073894,27.204815298628624,81.74232061734641,1,-1,-1,-1
71,-1,578.9726061912387,356.8669392625347,25,82.17029088235878,1,-1,-1,-1
72,-1,578.3579004978915,356.6515776008749,26.7142333984375,83.05106066209231,1,-1,-1,-1
73,-1,577.976090453886,357.02174392011915,25,81.71378926634573,1,-1,-1,-1
74,-1,576.2166760022842,357.1118107660195,28.433423652895193,82.0538752138494,1,-1,-1,-1
75,-1,578.1093839727986,357.39449435901287,27.152588722403095,80.23008595800917,1,-1,-1,-1
76,-1,578.150989990932,356.5995513216909,26.29361107757682,82.25741886480023,1,-1,-1,-1
77,-1,578.2312428123221,356.315449586376,26.19189453125,82.69828379312784,1,-1,-1,-1
78,-1,578.6230085600066,356.5522514429551,25,90.61557077860127,1,-1,-1,-1
79,-1,576.4627798615282,356.17082786421537,25,82.17029088235884,1,-1,-1,-1
80,-1,576.4754886686989,355.9720400871776,25,82.17029088235878,1,-1,-1,-1
81,-1,580.0359353363291,356.4166558718206,25,60.55779249923836,1,-1,-1,-1
82,-1,578.6693956074099,355.9363297133291,27.75281510469887,82.28257971001419,1,-1,-1,-1
83,-1,576.7830038231152,356.13598009939267,30.51277254407227,83.57529592073358,1,-1,-1,-1
84,-1,577.2730925938404,356.2451048143324,26.56218186637737,82.20937316025346,1,-1,-1,-1
85,-1,576.8700334693494,355.2891003873404,28.416081949719747,83.29079484893644,1,-1,-1,-1
86,-1,577.1461593283794,356.2573405313306,25,83.3126285441002,1,-1,-1,-1
87,-1,576.568808682154,355.9708223091066,28.618608849580728,82.68674813242242,1,-1,-1,-1
88,-1,578.1445496043868,356.4488588747408,26.567524731916716,81.51814571662582,1,-1,-1,-1
89,-1,578.8185554341951,355.0731678347989,25,82.32133921118657,1,-1,-1,-1
90,-1,577.6004672875566,356.85797119140625,30.905636228068385,81.94784299438625,1,-1,-1,-1
91,-1,578.1511138714342,355.94922283970874,27.105712890625,82.14966853494073,1,-1,-1,-1
92,-1,577.9982403324299,356.85884251828105,28.57592367923137,80.93127893146892,1,-1,-1,-1
93,-1,577.2600514838267,357.05782276249045,28.056322545948866,81.0718076609976,1,-1,-1,-1
94,-1,578.8043518253903,356.00223076505046,27.5919189453125,81.43478103736112,1,-1,-1,-1
95,-1,577.7261651300051,356.2459762094146,28.079003890393473,82.73010652946614,1,-1,-1,-1
96,-1,577.5442512938588,355.85007841384896,29.818914477353907,82.79374800667361,1,-1,-1,-1
97,-1,576.6841911395853,356.1685189885942,31.128107074517562,85.54715215149683,1,-1,-1,-1
98,-1,578.1068779286478,356.62294090080024,26.70688539807686,81.90183106877804,1,-1,-1,-1
99,-1,577.4149951928301,356.3321483466888,27.655397360321746,82.70156431478789,1,-1,-1,-1
