0,-1,145.1750328942472,342.03216125336724,49.96897927026613,143.8850939371115,1,-1,-1,-1
0,-1,414.40401975404563,449.8285954994835,54.55266527619151,177.46986056924501,1,-1,-1,-1
0,-1,964.335596517164,106.99345489212301,17.173383754192187,46.877308867212655,1,-1,-1,-1
0,-1,157.17199972555784,459.1727743085325,63.01983925789266,115.9643781477657,1,-1,-1,-1
0,-1,57.372548582939174,359.58859518623467,42.04732986056946,118.77859391727422,1,-1,-1,-1
0,-1,913.9617975971457,106.79676760112159,19.715065300435604,48.00774946369542,1,-1,-1,-1
0,-1,1054.47598680866,122.66068180827085,13.164299977407325,43.39652962078269,1,-1,-1,-1
0,-1,824.8192888745979,109.47869646147569,16.02970683793803,48.32437412393058,1,-1,-1,-1
0,-1,774.8971986754556,106.31630255751683,20.149559683913512,49.61926141692675,1,-1,-1,-1
1,-1,145.1750328942472,342.03216125336724,49.96897927026613,143.8850939371115,1,-1,-1,-1
1,-1,421.08740744945663,444.17938800132134,53.88128342163469,177.46986056924501,1,-1,-1,-1
1,-1,964.335596517164,106.99345489212301,17.173383754192187,46.877308867212655,1,-1,-1,-1
1,-1,162.53659185565374,460.0659296442103,54.9791062231838,115.9643781477657,1,-1,-1,-1
1,-1,61.94238632339119,359.58859518623467,42.04732986056946,118.77859391727422,1,-1,-1,-1
1,-1,913.9617975971457,106.79676760112159,19.715065300435604,48.00774946369542,1,-1,-1,-1
1,-1,1054.47598680866,122.66068180827085,13.164299977407325,43.39652962078269,1,-1,-1,-1
1,-1,825.1865079787414,108.74503315002606,16.02970683793803,48.32437412393058,1,-1,-1,-1
1,-1,775.264417779599,108.3472453920468,20.149559683913512,47.588318582396774,1,-1,-1,-1
2,-1,161.71585862870944,332.65403022875023,49.96897927026613,55.50556175683319,1,-1,-1,-1
2,-1,427.5413087582856,444.17938800132134,57.30060448553065,177.46986056924501,1,-1,-1,-1
2,-1,964.335596517164,106.99345489212301,17.173383754192187,46.877308867212655,1,-1,-1,-1
2,-1,165.39274044343622,460.0659296442103,54.9791062231838,115.9643781477657,1,-1,-1,-1
2,-1,62.389435667565856,358.6954398505569,47.2778900750459,118.77859391727422,1,-1,-1,-1
2,-1,913.9617975971457,106.79676760112159,19.715065300435604,48.00774946369542,1,-1,-1,-1
2,-1,1041.767132517322,122.66068180827085,25.87315426874534,43.39652962078269,1,-1,-1,-1
2,-1,825.1865079787412,108.74503315002607,18.472948996087858,51.294120340153576,1,-1,-1,-1
2,-1,775.264417779599,108.3472453920468,20.149559683913512,47.588318582396774,1,-1,-1,-1
3,-1,171.99799354472646,332.08340320873384,49.96897927026613,55.50556175683319,1,-1,-1,-1
3,-1,433.64482935227386,525.2173261727347,51.19708389154232,96.43192239783157,1,-1,-1,-1
3,-1,964.335596517164,106.99345489212301,17.173383754192187,46.877308867212655,1,-1,-1,-1
3,-1,165.39274044343622,460.0659296442103,54.9791062231838,114.06750385986072,1,-1,-1,-1
3,-1,62.96501864691172,358.6954398505569,66.60610828799268,118.77859391727422,1,-1,-1,-1
3,-1,913.9617975971457,106.79676760112153,19.715065300435604,52.23486179686501,1,-1,-1,-1
3,-1,1038.8293796841738,122.66068180827088,25.87315426874534,39.68025571262185,1,-1,-1,-1
3,-1,827.0226034994586,108.74503315002607,18.472948996087858,51.294120340153576,1,-1,-1,-1
3,-1,775.7426566129021,109.5415810153369,20.149559683913512,47.588318582396774,1,-1,-1,-1
4,-1,188.09176993501396,331.6368255408949,48.16355620890881,55.50556175683319,1,-1,-1,-1
4,-1,455.7909660944644,523.6726195256753,31.992525654565345,70.32316576717423,1,-1,-1,-1
4,-1,964.335596517164,106.99345489212301,17.173383754192187,46.877308867212655,1,-1,-1,-1
4,-1,165.39274044343622,460.0659296442103,54.9791062231838,114.06750385986072,1,-1,-1,-1
4,-1,75.53207243315478,358.69543985055697,66.60610828799268,116.59626859945884,1,-1,-1,-1
4,-1,913.9617975971457,106.79676760112153,19.715065300435604,52.23486179686501,1,-1,-1,-1
4,-1,1038.8293796841735,122.66068180827088,13.314479997909904,39.68025571262185,1,-1,-1,-1
4,-1,828.3637515319824,108.74503315002607,18.472948996087858,51.294120340153576,1,-1,-1,-1
4,-1,775.7426566129021,109.5415810153369,20.149559683913512,47.588318582396774,1,-1,-1,-1
5,-1,201.23005343881348,327.64243640078024,48.16355620890881,146.61953556506936,1,-1,-1,-1
5,-1,455.7909660944644,523.6726195256753,88.87299940992605,70.32316576717423,1,-1,-1,-1
5,-1,964.335596517164,106.99345489212301,17.173383754192187,46.877308867212655,1,-1,-1,-1
5,-1,167.85151183639678,455.2005834735444,54.9791062231838,114.06750385986072,1,-1,-1,-1
5,-1,79.38787302666117,359.9793506455938,66.60610828799268,116.59626859945884,1,-1,-1,-1
5,-1,913.9617975971457,106.79676760112153,19.715065300435604,52.23486179686501,1,-1,-1,-1
5,-1,1035.157188642739,122.66068180827088,11.837041351639385,39.68025571262185,1,-1,-1,-1
5,-1,832.7703807817041,109.11186480575086,18.904614321482356,51.294120340153576,1,-1,-1,-1
5,-1,775.7426566129021,109.54158101533687,20.149559683913512,52.1026738851171,1,-1,-1,-1
6,-1,213.22587750750003,325.3599283207147,45.97586326857144,150.05133360752578,1,-1,-1,-1
6,-1,468.3580198807075,486.2678728044953,81.71922031678533,100.30976122814123,1,-1,-1,-1
6,-1,964.335596517164,106.99345489212301,17.173383754192187,46.877308867212655,1,-1,-1,-1
6,-1,174.46635245551713,448.97026448383355,68.22045314195671,120.29782284957155,1,-1,-1,-1
6,-1,98.9139588088124,359.9793506455938,44.89937902084553,116.59626859945884,1,-1,-1,-1
6,-1,913.9617975971457,106.79676760112153,19.715065300435604,51.14068227907712,1,-1,-1,-1
6,-1,1027.7480587707435,122.66068180827088,19.246171223634942,39.68025571262185,1,-1,-1,-1
6,-1,832.7703807817041,109.11186480575086,18.904614321482356,51.294120340153576,1,-1,-1,-1
6,-1,775.7426566129021,112.10010753940182,23.272789745224546,49.54414736105218,1,-1,-1,-1
7,-1,223.95506176769172,321.78730697800347,44.66412399266481,132.56417204859738,1,-1,-1,-1
7,-1,527.816650766865,403.8608658733558,23.19264975369846,168.10961302887455,1,-1,-1,-1
7,-1,964.335596517164,106.99345489212301,17.173383754192187,46.877308867212655,1,-1,-1,-1
7,-1,180.2779939297876,438.7499010941816,78.71339330268728,127.39214256435119,1,-1,-1,-1
7,-1,110.90978287749894,356.5555885254955,53.28456687668289,119.916247371015,1,-1,-1,-1
7,-1,913.9617975971457,106.79676760112153,19.715065300435604,51.14068227907712,1,-1,-1,-1
7,-1,1027.7480587707435,122.66068180827088,19.246171223634942,39.68025571262185,1,-1,-1,-1
7,-1,832.7703807817041,109.11186480575086,18.904614321482356,51.294120340153576,1,-1,-1,-1
7,-1,775.7426566129021,112.10010753940182,23.272789745224546,49.54414736105218,1,-1,-1,-1
8,-1,235.3720142496906,312.71834510804405,45.97586326857144,154.4439623075989,1,-1,-1,-1
8,-1,526.6234510714712,396.6794306619237,49.31222969860717,175.63440068442284,1,-1,-1,-1
8,-1,964.335596517164,106.99345489212301,17.173383754192187,46.877308867212655,1,-1,-1,-1
8,-1,195.0306222875512,423.8626756031129,64.60364918359606,136.67223983405597,1,-1,-1,-1
8,-1,117.30280896984696,351.2882621868827,58.24167313805819,122.9849357858874,1,-1,-1,-1
8,-1,913.9617975971457,106.79676760112153,19.715065300435604,51.14068227907712,1,-1,-1,-1
8,-1,1027.7480587707435,122.66068180827088,19.246171223634942,39.68025571262185,1,-1,-1,-1
8,-1,832.7703807817041,109.11186480575086,18.904614321482356,51.294120340153576,1,-1,-1,-1
8,-1,775.7426566129021,112.10010753940182,23.272789745224546,49.54414736105218,1,-1,-1,-1
9,-1,248.81788298602055,315.08864196041975,59.7240305058661,140.6706827984476,1,-1,-1,-1
9,-1,539.7617345752708,385.2623299492469,49.31222969860717,171.64457185665736,1,-1,-1,-1
9,-1,964.335596517164,106.99345489212301,17.173383754192187,46.877308867212655,1,-1,-1,-1
9,-1,213.30997324935927,398.7550867223922,57.052021988100336,156.08854565698869,1,-1,-1,-1
9,-1,131.01232219120303,355.85327834701377,33.184036509935666,120.01578684004807,1,-1,-1,-1
9,-1,913.9617975971457,106.79676760112153,19.715065300435604,51.14068227907712,1,-1,-1,-1
9,-1,1027.7480587707437,116.16700854161962,15.100968115838578,44.60962226818657,1,-1,-1,-1
9,-1,832.7703807817041,109.11186480575084,18.904614321482356,54.18175670659373,1,-1,-1,-1
9,-1,775.528928341502,112.99255052503365,23.486518016624487,48.65170437542033,1,-1,-1,-1
10,-1,261.38493677226364,311.66487984032136,46.28422117300834,134.78675910705417,1,-1,-1,-1
10,-1,554.0424775141834,362.3286648515637,55.959600617678035,178.6006803938819,1,-1,-1,-1
10,-1,964.335596517164,106.99345489212301,17.173383754192187,46.877308867212655,1,-1,-1,-1
10,-1,225.87702703560234,382.7775301619336,57.052021988100336,168.28616991553744,1,-1,-1,-1
10,-1,143.0081462598896,353.0001432469318,49.580503040261895,120.01578684004807,1,-1,-1,-1
10,-1,913.9617975971457,106.79676760112153,19.715065300435604,51.14068227907712,1,-1,-1,-1
10,-1,1027.7480587707437,116.16700854161962,15.100968115838578,44.60962226818657,1,-1,-1,-1
10,-1,832.7703807817041,109.11186480575084,18.904614321482356,54.18175670659373,1,-1,-1,-1
10,-1,778.6135688163072,116.07393643312211,23.486518016624487,48.65170437542033,1,-1,-1,-1
11,-1,269.6106447050773,300.3664648439971,44.39725261859222,142.11400113279407,1,-1,-1,-1
11,-1,560.7258652095944,363.41904385698547,74.15244345360038,172.3746582083128,1,-1,-1,-1
11,-1,964.335596517164,106.99345489212301,17.173383754192187,46.877308867212655,1,-1,-1,-1
11,-1,239.75790917222537,365.44292534253094,57.052021988100336,176.89018132868955,1,-1,-1,-1
11,-1,152.0635491754966,353.0001432469318,65.80638668341355,120.80774612875862,1,-1,-1,-1
11,-1,913.9617975971457,106.79676760112153,19.715065300435604,51.14068227907712,1,-1,-1,-1
11,-1,1027.7480587707437,116.16700854161962,15.100968115838578,44.60962226818657,1,-1,-1,-1
11,-1,833.455856442772,111.41991405266776,18.904614321482356,52.21608367168664,1,-1,-1,-1
11,-1,779.9845201384428,116.07393643312206,23.486518016624487,47.7324309890983,1,-1,-1,-1
12,-1,283.8913876439899,298.0839567639316,36.64769602142604,142.11400113279407,1,-1,-1,-1
12,-1,589.1994695924109,356.37893851622596,47.721445479457756,154.92169607452297,1,-1,-1,-1
12,-1,964.335596517164,106.99345489212301,17.173383754192187,46.877308867212655,1,-1,-1,-1
12,-1,253.93297537742313,352.8891309021707,60.893811112427755,176.89018132868955,1,-1,-1,-1
12,-1,164.82113943860887,358.04054435200374,53.048796420301265,115.61192718736758,1,-1,-1,-1
12,-1,913.9617975971457,106.79676760112153,19.715065300435604,51.14068227907712,1,-1,-1,-1
12,-1,1027.7480587707437,116.16700854161962,15.100968115838578,44.60962226818657,1,-1,-1,-1
12,-1,833.455856442772,111.41991405266776,18.904614321482356,52.21608367168664,1,-1,-1,-1
12,-1,779.9845201384428,116.07393643312206,23.486518016624487,47.7324309890983,1,-1,-1,-1
13,-1,289.2559797740858,290.4921364106702,36.64769602142604,109.75585715241861,1,-1,-1,-1
13,-1,604.2554528622929,346.47448381165594,47.721445479457756,163.29224633136346,1,-1,-1,-1
13,-1,964.335596517164,106.99345489212301,17.173383754192187,46.877308867212655,1,-1,-1,-1
13,-1,265.4061300826994,352.8891309021707,70.43334739562128,176.89018132868955,1,-1,-1,-1
13,-1,179.55030353395708,358.04054435200374,38.31963232495306,115.61192718736758,1,-1,-1,-1
13,-1,913.9617975971457,106.79676760112153,19.715065300435604,51.14068227907712,1,-1,-1,-1
13,-1,1027.7480587707437,116.16700854161962,15.100968115838578,44.60962226818657,1,-1,-1,-1
13,-1,835.9484952102913,111.10866295084067,18.904614321482356,52.21608367168664,1,-1,-1,-1
13,-1,782.1655790600221,117.94144304408475,23.486518016624487,50.14197673129186,1,-1,-1,-1
14,-1,297.7020191693856,284.98966157479794,43.202077854510264,103.35444650751029,1,-1,-1,-1
14,-1,618.5361958012055,338.4857055314267,47.721445479457756,163.29224633136346,1,-1,-1,-1
14,-1,964.335596517164,106.99345489212301,17.173383754192187,46.877308867212655,1,-1,-1,-1
14,-1,287.2334948926503,355.78252785381017,60.45967652708471,161.6637054704196,1,-1,-1,-1
14,-1,196.09112926841925,356.2542336806481,38.31963232495306,115.61192718736758,1,-1,-1,-1
14,-1,913.9617975971457,106.79676760112153,19.715065300435604,51.14068227907712,1,-1,-1,-1
14,-1,1027.7480587707437,116.16700854161962,15.100968115838578,44.60962226818657,1,-1,-1,-1
14,-1,835.9484952102913,111.10866295084067,18.904614321482356,52.21608367168664,1,-1,-1,-1
14,-1,782.1655790600221,117.94144304408475,23.486518016624487,50.14197673129186,1,-1,-1,-1
14,-1,0.2963053265129373,313.14798964157274,38.558005935063925,159.20493858457004,1,-1,-1,-1
15,-1,307.53710474122795,281.0595356956421,43.202077854510264,107.28457238666614,1,-1,-1,-1
15,-1,629.9607901523357,323.64940301100086,47.721445479457756,157.13389729798575,1,-1,-1,-1
15,-1,964.335596517164,106.99345489212301,17.173383754192187,46.877308867212655,1,-1,-1,-1
15,-1,311.82120882225627,360.69488220003814,56.08712244287479,152.66138538733725,1,-1,-1,-1
15,-1,209.80064248977536,347.12420136038594,50.25055154624881,115.61192718736758,1,-1,-1,-1
15,-1,913.9617975971457,106.79676760112153,19.715065300435604,51.14068227907712,1,-1,-1,-1
15,-1,1027.7480587707437,116.16700854161962,15.100968115838578,44.60962226818657,1,-1,-1,-1
15,-1,838.886248043439,111.40212827542051,18.904614321482356,52.21608367168664,1,-1,-1,-1
15,-1,784.2220060432255,117.9414430440847,23.486518016624487,52.35501997575681,1,-1,-1,-1
15,-1,0.2963053265129373,313.14798964157274,74.5454781411236,159.20493858457004,1,-1,-1,-1
16,-1,319.2489961776767,281.0595356956421,31.490186418061537,128.55131779200775,1,-1,-1,-1
16,-1,642.299352051556,321.5951457389419,62.51248087432222,157.13389729798575,1,-1,-1,-1
16,-1,964.335596517164,106.99345489212301,17.173383754192187,46.877308867212655,1,-1,-1,-1
16,-1,332.3854786542904,358.9830011399889,63.180531009839406,143.06942959031457,1,-1,-1,-1
16,-1,218.7416293732684,345.33789068903025,55.27979136475392,106.64425799714971,1,-1,-1,-1
16,-1,913.9617975971457,106.79676760112153,19.715065300435604,51.14068227907712,1,-1,-1,-1
16,-1,1027.7480587707437,116.16700854161962,15.100968115838578,44.60962226818657,1,-1,-1,-1
16,-1,838.886248043439,111.40212827542051,18.904614321482356,52.21608367168664,1,-1,-1,-1
16,-1,784.2220060432255,117.9414430440847,23.486518016624487,52.35501997575681,1,-1,-1,-1
16,-1,0.2963053265129373,313.14798964157274,91.2539473796513,159.20493858457004,1,-1,-1,-1
17,-1,651.2105356454376,318.1713836188435,57.574526563422786,145.98801485919105,1,-1,-1,-1
17,-1,964.335596517164,106.99345489212301,17.173383754192187,46.877308867212655,1,-1,-1,-1
17,-1,354.3206998084601,359.6677535640085,59.02435248017721,141.46827581108758,1,-1,-1,-1
17,-1,233.13661825569227,344.82432637101556,64.94608389830056,97.14836115185874,1,-1,-1,-1
17,-1,913.9617975971457,106.79676760112153,19.715065300435604,51.14068227907712,1,-1,-1,-1
17,-1,1027.7480587707437,116.16700854161962,14.625382866916837,44.60962226818657,1,-1,-1,-1
17,-1,838.886248043439,111.40212827542051,18.904614321482356,52.21608367168664,1,-1,-1,-1
17,-1,784.2220060432255,117.9414430440847,23.486518016624487,52.35501997575681,1,-1,-1,-1
17,-1,21.591760102731314,313.14798964157274,70.65826909690912,159.20493858457004,1,-1,-1,-1
18,-1,668.9186568896891,305.6175891784831,46.410795961509244,145.98801485919105,1,-1,-1,-1
18,-1,964.335596517164,106.99345489212301,17.173383754192187,46.877308867212655,1,-1,-1,-1
18,-1,362.8891455718076,347.3366472023019,77.69862223476107,148.66373899264664,1,-1,-1,-1
18,-1,250.02481080881498,344.82432637101556,48.05789134517784,102.71731847821165,1,-1,-1,-1
18,-1,913.9617975971457,106.79676760112153,19.715065300435604,51.14068227907712,1,-1,-1,-1
18,-1,838.886248043439,111.40212827542051,18.904614321482356,52.21608367168664,1,-1,-1,-1
18,-1,784.2220060432255,117.9414430440847,23.486518016624487,52.35501997575681,1,-1,-1,-1
18,-1,29.085559870456226,313.14798964157274,63.164469329184215,165.62449255975432,1,-1,-1,-1
18,-1,346.3348644097458,271.78852268418206,33.702553335833656,132.38546864380018,1,-1,-1,-1
19,-1,680.9144809583759,298.00254136140245,46.410795961509244,150.7499275761899,1,-1,-1,-1
19,-1,964.335596517164,106.99345489212301,17.173383754192187,46.877308867212655,1,-1,-1,-1
19,-1,389.73694229696315,339.1525165326165,48.36153436820784,143.72344820195534,1,-1,-1,-1
19,-1,265.4480131828405,336.2993814325346,41.26762844433492,107.24787427657786,1,-1,-1,-1
19,-1,913.9617975971457,106.79676760112153,19.715065300435604,51.14068227907712,1,-1,-1,-1
19,-1,1027.7480587707437,110.46116422797196,12.265039032478812,50.31546658183423,1,-1,-1,-1
19,-1,839.7088188367203,113.86723700189125,18.904614321482356,52.21608367168664,1,-1,-1,-1
19,-1,783.8107206465849,123.28251195143801,23.486518016624487,52.35501997575681,1,-1,-1,-1
19,-1,57.36143088950307,313.14798964157274,76.6026283452315,165.62449255975432,1,-1,-1,-1
19,-1,365.1854450891104,266.6528795040346,33.702553335833656,123.0600839340821,1,-1,-1,-1
20,-1,685.7128105858505,288.8919073275585,46.410795961509244,146.85026555366045,1,-1,-1,-1
20,-1,964.335596517164,106.99345489212301,17.173383754192187,46.877308867212655,1,-1,-1,-1
20,-1,409.67550690734805,336.07113062452805,27.39475626622126,143.72344820195534,1,-1,-1,-1
20,-1,278.30068182786187,329.87174282622743,46.87958368658218,111.10769129281121,1,-1,-1,-1
20,-1,913.9617975971457,106.79676760112153,19.715065300435604,51.14068227907712,1,-1,-1,-1
20,-1,1027.7480587707437,110.46116422797196,12.265039032478812,50.31546658183423,1,-1,-1,-1
20,-1,839.7088188367203,113.86723700189125,18.904614321482356,52.21608367168664,1,-1,-1,-1
20,-1,783.8107206465849,123.28251195143801,23.486518016624487,52.35501997575681,1,-1,-1,-1
20,-1,63.5307118391133,315.20224691363165,76.6026283452315,165.62449255975432,1,-1,-1,-1
20,-1,369.812405801318,259.51343125820785,40.70957951606747,128.6588392258647,1,-1,-1,-1
20,-1,0,365.78833223808374,38.85431126157687,138.66236586398037,1,-1,-1,-1
21,-1,694.1588499811502,281.18844255733734,46.410795961509244,146.85026555366045,1,-1,-1,-1
21,-1,964.335596517164,106.99345489212301,17.173383754192187,46.877308867212655,1,-1,-1,-1
21,-1,289.725276178992,315.03544030580144,43.86799558755658,111.10769129281121,1,-1,-1,-1
21,-1,913.9617975971457,106.79676760112153,19.715065300435604,51.14068227907712,1,-1,-1,-1
21,-1,1027.7480587707437,110.46116422797196,12.265039032478812,50.31546658183423,1,-1,-1,-1
21,-1,839.7088188367203,113.86723700189125,18.904614321482356,52.21608367168664,1,-1,-1,-1
21,-1,780.3889770774451,123.28251195143801,26.90826158576416,52.35501997575681,1,-1,-1,-1
21,-1,79.69786678790581,315.2022469136316,60.435473396439015,165.62449255975432,1,-1,-1,-1
21,-1,372.6646612265088,259.5134312582078,54.039054501749646,123.97432610388593,1,-1,-1,-1
21,-1,0,356.0277172637548,58.13331422910881,148.42298083830934,1,-1,-1,-1
22,-1,703.9268781513664,278.6206209672637,46.410795961509244,146.85026555366045,1,-1,-1,-1
22,-1,964.335596517164,106.99345489212301,17.173383754192187,46.877308867212655,1,-1,-1,-1
22,-1,301.5497313324115,315.03544030580144,51.027743460793324,111.10769129281121,1,-1,-1,-1
22,-1,913.9617975971457,106.79676760112153,19.715065300435604,51.14068227907712,1,-1,-1,-1
22,-1,1027.7480587707437,110.46116422797196,12.265039032478812,50.31546658183423,1,-1,-1,-1
22,-1,839.7088188367203,113.86723700189125,18.904614321482356,52.21608367168664,1,-1,-1,-1
22,-1,780.3889770774451,123.28251195143801,26.90826158576416,52.35501997575681,1,-1,-1,-1
22,-1,104.37499058634668,313.83274206559224,69.55750171328921,165.62449255975432,1,-1,-1,-1
22,-1,392.162970998966,252.32353080600157,38.139491949898456,120.84745382112183,1,-1,-1,-1
22,-1,0,356.0277172637548,64.85387428688685,148.42298083830934,1,-1,-1,-1
23,-1,712.8380617452478,272.4957393449971,44.334689150998095,136.88346521146505,1,-1,-1,-1
23,-1,964.335596517164,106.99345489212301,17.173383754192187,46.877308867212655,1,-1,-1,-1
23,-1,311.31775950262767,324.85240469835725,51.027743460793324,98.72290531018179,1,-1,-1,-1
23,-1,911.1575789836864,109.28677641573846,19.715065300435604,49.27496722036265,1,-1,-1,-1
23,-1,1027.7480587707437,110.46116422797196,12.265039032478812,50.31546658183423,1,-1,-1,-1
23,-1,838.7740792989006,117.29099912198953,18.904614321482356,52.21608367168664,1,-1,-1,-1
23,-1,777.5847584639858,123.5937630532651,26.90826158576416,52.35501997575681,1,-1,-1,-1
23,-1,108.48784455275349,324.3197332529529,84.63483229952824,155.82225379641346,1,-1,-1,-1
23,-1,407.92891120352544,252.32353080600157,38.139491949898456,120.84745382112183,1,-1,-1,-1
23,-1,7.935799667396184,350.2479719540054,55.281886666674815,145.39557336868887,1,-1,-1,-1
24,-1,717.4496719317003,265.2724761916869,46.094118469814774,141.80044968386974,1,-1,-1,-1
24,-1,964.335596517164,106.99345489212301,17.173383754192187,46.877308867212655,1,-1,-1,-1
24,-1,326.22685513085236,312.5268610660034,37.001106482603056,98.72290531018179,1,-1,-1,-1
24,-1,911.1575789836864,109.28677641573846,19.715065300435604,49.27496722036265,1,-1,-1,-1
24,-1,1027.7480587707437,110.46116422797196,12.265039032478812,50.31546658183422,1,-1,-1,-1
24,-1,838.7740792989006,117.29099912198953,18.904614321482356,52.21608367168664,1,-1,-1,-1
24,-1,777.5847584639858,123.5937630532651,26.90826158576416,52.35501997575681,1,-1,-1,-1
24,-1,125.8323527999556,324.3197332529529,67.29032405232608,155.82225379641346,1,-1,-1,-1
24,-1,415.12640564473736,250.1426847970248,24.70346109304507,123.02829983009858,1,-1,-1,-1
24,-1,23.359002041421757,351.2751005900348,63.749959700210155,145.39557336868887,1,-1,-1,-1
25,-1,727.7471573734725,260.17019571264325,44.334689150998095,136.88346521146505,1,-1,-1,-1
25,-1,964.335596517164,106.99345489212301,17.173383754192187,46.877308867212655,1,-1,-1,-1
25,-1,345.5572687729645,362.47148922012343,37.001106482603056,50.537621824699514,1,-1,-1,-1
25,-1,908.6898666038423,109.69762787015023,19.715065300435604,49.27496722036265,1,-1,-1,-1
25,-1,1027.7480587707437,110.46116422797196,12.265039032478812,50.31546658183423,1,-1,-1,-1
25,-1,834.6612253324937,119.75610784846036,18.904614321482356,52.37950916973737,1,-1,-1,-1
25,-1,774.2944752908604,126.05887177973585,26.90826158576416,52.35501997575681,1,-1,-1,-1
25,-1,145.08641237300267,319.75471709282186,67.4580748762001,156.95970137014683,1,-1,-1,-1
25,-1,434.8681046834901,240.28224989114187,24.70346109304507,43.308653013966044,1,-1,-1,-1
25,-1,32.85020350236058,352.0651995408267,63.749959700210155,145.39557336868887,1,-1,-1,-1
26,-1,734.9265746003692,251.90804606835573,42.50040706601621,136.51773431310482,1,-1,-1,-1
26,-1,964.335596517164,106.99345489212301,17.173383754192187,46.877308867212655,1,-1,-1,-1
26,-1,351.84079566608597,356.1945919999432,41.674197407505886,50.537621824699514,1,-1,-1,-1
26,-1,907.867295810561,110.51933077897381,19.715065300435604,49.27496722036265,1,-1,-1,-1
26,-1,1031.7723468755962,110.46116422797196,8.240750927626149,50.31546658183422,1,-1,-1,-1
26,-1,833.016083745931,118.52355348522497,18.904614321482356,52.37950916973737,1,-1,-1,-1
26,-1,771.4154775143757,126.88057468855942,26.90826158576416,52.35501997575681,1,-1,-1,-1
26,-1,166.24590250223577,327.7943420977773,72.34665986754354,148.92007636519142,1,-1,-1,-1
26,-1,446.2926990346201,240.2822498911419,30.537478554465448,85.63927692920664,1,-1,-1,-1
26,-1,48.27340587638614,350.92394550079393,51.67485772781183,135.94274819541516,1,-1,-1,-1
26,-1,523.1570805406616,293.7586865782559,31.417634465607613,130.10296056373468,1,-1,-1,-1
26,-1,5.808189307965569,651.7517869392707,84.29639119986221,68.24821306072933,1,-1,-1,-1
27,-1,743.1522825331829,250.26464025070854,42.50040706601621,136.51773431310482,1,-1,-1,-1
27,-1,964.335596517164,106.99345489212301,17.173383754192187,46.877308867212655,1,-1,-1,-1
27,-1,365.4820345381214,356.1945919999432,28.032958535470446,39.475581571222754,1,-1,-1,-1
27,-1,904.4399175052221,111.20408320299349,19.715065300435604,49.27496722036265,1,-1,-1,-1
27,-1,1031.7723468755962,110.46116422797196,8.240750927626149,50.31546658183423,1,-1,-1,-1
27,-1,830.9596567627276,118.52355348522497,18.904614321482356,52.37950916973737,1,-1,-1,-1
27,-1,769.0163127006383,128.25007953659872,26.90826158576416,52.35501997575681,1,-1,-1,-1
27,-1,175.68042715425403,327.7943420977773,92.22356408302662,149.24698386819605,1,-1,-1,-1
27,-1,446.2926990346201,234.40808478248803,30.537478554465448,91.51344203786051,1,-1,-1,-1
27,-1,60.995076167910106,346.988145733576,69.28649388575778,139.87854796263306,1,-1,-1,-1
27,-1,523.1570805406616,283.71025931190326,39.74266760589155,140.15138783008732,1,-1,-1,-1
27,-1,42.71011185508328,628.990045220639,100.25081543116616,91.009954779361,1,-1,-1,-1
28,-1,751.1494985789737,245.6996240905774,42.50040706601621,123.70531327104975,1,-1,-1,-1
28,-1,964.335596517164,106.99345489212301,17.173383754192187,46.877308867212655,1,-1,-1,-1
28,-1,365.4820345381214,356.1945919999432,28.032958535470446,39.475581571222754,1,-1,-1,-1
28,-1,902.126437149118,112.48799399803035,19.715065300435604,49.27496722036265,1,-1,-1,-1
28,-1,1031.7723468755962,110.46116422797196,8.240750927626149,50.31546658183423,1,-1,-1,-1
28,-1,829.1602831524247,120.66247558035529,18.904614321482356,49.98380491559965,1,-1,-1,-1
28,-1,769.0163127006383,128.25007953659872,26.90826158576416,52.35501997575681,1,-1,-1,-1
28,-1,208.01783038862595,334.0712393179576,63.17872998265365,137.18057621364576,1,-1,-1,-1
28,-1,446.2926990346201,234.40808478248803,30.537478554465448,91.51344203786051,1,-1,-1,-1
28,-1,71.13444339195034,354.23108077131855,77.4594729215662,132.6356129248904,1,-1,-1,-1
28,-1,533.4392154566787,279.6751110989303,55.02348160677146,140.15138783008732,1,-1,-1,-1
28,-1,64.55964855161949,615.3776978611995,100.25081543116616,99.48665895865327,1,-1,-1,-1
29,-1,758.1413503218654,240.358555183224,42.50040706601621,128.09979721668037,1,-1,-1,-1
29,-1,963.3073830255623,107.25023705113037,17.173383754192187,46.877308867212655,1,-1,-1,-1
29,-1,376.9066288892515,342.3999313668135,50.54988672786662,52.699615184336125,1,-1,-1,-1
29,-1,900.5841169117155,112.74477615703775,19.715065300435604,49.27496722036265,1,-1,-1,-1
29,-1,1031.7723468755962,110.46116422797196,8.240750927626149,50.31546658183423,1,-1,-1,-1
29,-1,828.1320696608229,120.66247558035529,18.904614321482356,49.98380491559965,1,-1,-1,-1
29,-1,766.7028323445345,128.50686169560606,26.90826158576416,56.59269788282592,1,-1,-1,-1
29,-1,226.297181350434,330.64747719785925,68.062810076019,137.18057621364576,1,-1,-1,-1
29,-1,88.61562197074934,353.44098182052664,59.978294342767214,132.6356129248904,1,-1,-1,-1
29,-1,538.9230207452209,274.88184413079273,55.02348160677146,140.15138783008732,1,-1,-1,-1
29,-1,81.55934599994423,603.9651574608722,107.24276612021454,112.09755844414416,1,-1,-1,-1
30,-1,761.4316334949908,239.53685227440042,42.50040706601621,125.77285813923429,1,-1,-1,-1
30,-1,963.3073830255623,107.25023705113037,17.173383754192187,46.877308867212655,1,-1,-1,-1
30,-1,392.62193731666525,333.77205082416583,43.47157162990731,52.699615184336125,1,-1,-1,-1
30,-1,897.8422142674442,112.74477615703775,19.715065300435604,49.27496722036265,1,-1,-1,-1
30,-1,1031.7723468755962,110.46116422797196,8.240750927626149,50.31546658183423,1,-1,-1,-1
30,-1,828.1320696608229,120.66247558035529,18.904614321482356,49.98380491559965,1,-1,-1,-1
30,-1,762.883191230838,128.50686169560603,29.014213546791133,56.59269788282592,1,-1,-1,-1
30,-1,246.8614511824681,334.24242742396245,68.062810076019,137.18057621364576,1,-1,-1,-1
30,-1,103.52471759897405,348.8189029583939,54.68894717216451,139.36372469062377,1,-1,-1,-1
30,-1,558.3592553812921,270.7733295866748,47.38802520196464,137.68433835354276,1,-1,-1,-1
30,-1,130.39948685102522,579.570852355172,94.79409781203076,138.07206145142814,1,-1,-1,-1
31,-1,768.8347706345231,229.9766822860674,38.48367489766098,120.54237576874267,1,-1,-1,-1
31,-1,963.3073830255623,107.25023705113037,17.173383754192187,46.877308867212655,1,-1,-1,-1
31,-1,392.62193731666525,333.77205082416583,43.47157162990731,52.699615184336125,1,-1,-1,-1
31,-1,896.1970726808815,112.74477615703775,17.71555998347995,49.27496722036265,1,-1,-1,-1
31,-1,1031.7723468755962,110.46116422797196,8.240750927626149,50.31546658183423,1,-1,-1,-1
31,-1,825.6643572809788,120.2516241259435,18.904614321482356,49.98380491559965,1,-1,-1,-1
31,-1,759.181622661072,129.7394160588414,29.014213546791133,56.59269788282592,1,-1,-1,-1
31,-1,262.79876030229434,324.3874324548527,64.57934771149354,134.19646323238683,1,-1,-1,-1
31,-1,117.0941653683762,344.19682409626114,61.69353271700672,139.36372469062377,1,-1,-1,-1
31,-1,562.4721093476987,265.6376864065274,51.98703227824537,137.68433835354276,1,-1,-1,-1
31,-1,156.10482414106778,557.7443688395456,94.79409781203076,159.83552123863655,1,-1,-1,-1
32,-1,773.9758380925317,228.43598933202315,38.48367489766098,120.54237576874267,1,-1,-1,-1
32,-1,963.3073830255623,107.25023705113037,17.173383754192187,45.89421552899186,1,-1,-1,-1
32,-1,407.8242579817332,333.77205082416583,28.269250964839298,49.78302652082506,1,-1,-1,-1
32,-1,891.7904434311599,112.74477615703775,17.71555998347995,49.27496722036265,1,-1,-1,-1
32,-1,1031.7723468755962,110.46116422797196,8.240750927626149,50.31546658183423,1,-1,-1,-1
32,-1,825.6643572809788,121.71895074884273,18.904614321482356,52.68052302829357,1,-1,-1,-1
32,-1,757.1251956778685,130.15026751325323,29.014213546791133,56.59269788282592,1,-1,-1,-1
32,-1,281.6493409816589,324.3874324548527,75.10770347142743,130.08238832199257,1,-1,-1,-1
32,-1,132.28305554964064,346.6564714804173,53.914874128367764,134.690717552263,1,-1,-1,-1
32,-1,573.2683510095167,261.52917186240944,51.98703227824537,137.68433835354276,1,-1,-1,-1
32,-1,186.16029543404065,556.1641709379618,103.32105440545172,159.83552123863655,1,-1,-1,-1
33,-1,591.5003052882797,258.60767643354785,40.46758681599489,129.0565185546875,1,-1,-1,-1
33,-1,146.74667585086362,344.08901919298177,52.52338379844622,133.98284912109375,1,-1,-1,-1
33,-1,779.4478760140619,217.96145517599973,36.01989746093751,118.90974426269531,1,-1,-1,-1
33,-1,757.0357404489954,129.54624629462862,26.026123046875,58.10902719885978,1,-1,-1,-1
33,-1,216.73452208776732,549.8982473143197,83.02896266774202,166.39773196882544,1,-1,-1,-1
33,-1,293.40890422397734,316.7107877049923,88.36905018463511,132.92445129202136,1,-1,-1,-1
33,-1,823.84003858889,122.50597143676112,25,53.99761972269291,1,-1,-1,-1
33,-1,885.8266233683071,120.15824884012227,25,44.73895917220359,1,-1,-1,-1
33,-1,964.5274280994128,107.50330258240966,25,41.598709759194115,1,-1,-1,-1
33,-1,520.9314476820026,214.11025515312738,14.750818916465903,103.61648237371722,1,-1,-1,-1
34,-1,603.8388671875,257.3751220703125,46.2733154296875,129.0565185546875,1,-1,-1,-1
34,-1,156.29437255859375,345.18951416015625,74.23782348632811,133.98284912109375,1,-1,-1,-1
34,-1,783.5607299804688,215.0854949951172,36.01989746093751,118.90974426269531,1,-1,-1,-1
34,-1,757.0357404489954,129.54624629462862,26.026123046875,58.10902719885978,1,-1,-1,-1
34,-1,234.05274963378906,525.9385375976562,84.59507751464844,191.2716064453125,1,-1,-1,-1
34,-1,324.6225280761719,361.789794921875,57.07647705078125,77.57415771484375,1,-1,-1,-1
34,-1,823.84003858889,122.5059714367611,25,53.99761972269291,1,-1,-1,-1
34,-1,885.8266233683071,120.15824884012228,25,50.47603582773465,1,-1,-1,-1
34,-1,964.5274280994128,107.50330258240966,25,41.598709759194115,1,-1,-1,-1
34,-1,520.9314476820024,214.4040311279571,20.4313282146565,99.96628744873388,1,-1,-1,-1
35,-1,615.0162963867188,257.2609558105469,40.28564453125,117.9534912109375,1,-1,-1,-1
35,-1,785.4865112304688,212.94007873535156,37.65185546875,120.26402282714844,1,-1,-1,-1
35,-1,175.01779174804688,343.97259521484375,60.9671630859375,134.41546630859375,1,-1,-1,-1
35,-1,756.0815296920499,135.07650756835938,24.915296479825003,54.22430419921875,1,-1,-1,-1
35,-1,241.25439453125,511.5859375,102.00738525390625,204.9835205078125,1,-1,-1,-1
35,-1,359.08770751953125,362.84796142578125,33.9893798828125,76.0162353515625,1,-1,-1,-1
35,-1,822.4541618404871,125.02203056556542,22.387925996138758,50.104098114894256,1,-1,-1,-1
35,-1,882.7940588476398,120.96757542334369,22.07346525546417,48.60650657587553,1,-1,-1,-1
35,-1,965.0511381757761,106.10123990186428,16.51555449004948,50.147930062377824,1,-1,-1,-1
35,-1,520.6183044666145,213.23036722850063,27.669661118714725,101.86064173999266,1,-1,-1,-1
36,-1,624.2457885742188,249.08413696289062,43.3671875,125.73956298828125,1,-1,-1,-1
36,-1,788.572021484375,212.77899169921875,36.55029296875,108.97430419921875,1,-1,-1,-1
36,-1,751.2039794921874,133.28297424316406,28.5474853515625,58.200225830078125,1,-1,-1,-1
36,-1,189.05889892578125,337.8988952636719,51.163909912109375,140.1005859375,1,-1,-1,-1
36,-1,522.2720947265625,207.04336547851562,30.73193359375,108.29437255859375,1,-1,-1,-1
36,-1,361.52880859375,346.6005859375,57.8712158203125,92.56268310546875,1,-1,-1,-1
36,-1,271.1101989746093,483.17742919921886,93.47165531813559,229.23909654237008,1,-1,-1,-1
36,-1,823.4500640970068,124.64823526759477,17.505028728860808,51.9214182976506,1,-1,-1,-1
36,-1,883.6815247145281,120.80109636755834,16.461721577613723,47.979042713568084,1,-1,-1,-1
36,-1,965.7873961762523,109.63300395600538,15.038648788337118,43.568106156883154,1,-1,-1,-1
37,-1,630.9140014648438,245.42840576171875,46.6263427734375,127.44451904296875,1,-1,-1,-1
37,-1,791.485107421875,209.9042205810547,35.998779296875,110.45668029785155,1,-1,-1,-1
37,-1,527.0009765625,204.15594482421875,35.6260986328125,105.8179931640625,1,-1,-1,-1
37,-1,751.6380615234375,134.03732299804688,27.6160888671875,60.844512939453125,1,-1,-1,-1
37,-1,201.91773986816406,339.7203063964844,48.739166259765625,139.14031982421875,1,-1,-1,-1
37,-1,300.83502197265625,492.4267578125,78.2384033203125,195.942626953125,1,-1,-1,-1
37,-1,379.2247619628906,342.488525390625,48.34527587890625,79.3018798828125,1,-1,-1,-1
37,-1,821.6846329037996,126.2272983088598,19.327673855745374,54.184891345071826,1,-1,-1,-1
37,-1,882.9713816944061,121.83418437901663,18.112160363450098,49.99463766250148,1,-1,-1,-1
37,-1,966.5790274877977,110.35967716808808,15.407405453281493,45.37072941721719,1,-1,-1,-1
38,-1,642.0694580078125,239.11468505859375,41.3756103515625,123.33599853515625,1,-1,-1,-1
38,-1,795.6201782226562,209.01641845703125,35.9366455078125,105.7691650390625,1,-1,-1,-1
38,-1,751.1826171875,137.4558868408203,26.556884765625,57.4202880859375,1,-1,-1,-1
38,-1,319.737548828125,484.5501708984375,87.44671630859375,203.240234375,1,-1,-1,-1
38,-1,211.21377563476562,340.78521728515625,55.003692626953125,140.32733154296875,1,-1,-1,-1
38,-1,531.7195434570312,205.80955505371094,38.0966796875,101.09519958496094,1,-1,-1,-1
38,-1,399.4604187011719,343.6771240234375,38.37060546875,77.10382080078125,1,-1,-1,-1
38,-1,820.0777852315753,124.55207156683544,18.51134009303217,54.00771214331765,1,-1,-1,-1
38,-1,879.5650006459572,119.95702240565089,17.900761547733683,52.99431087593657,1,-1,-1,-1
38,-1,965.0690699475726,108.06395398846738,16.817690084856764,47.75044742805845,1,-1,-1,-1
39,-1,653.62060546875,237.7828369140625,42.416015625,115.39007568359375,1,-1,-1,-1
39,-1,799.393310546875,202.46591186523438,33.6229248046875,105.505126953125,1,-1,-1,-1
39,-1,538.9057006835938,200.65533447265625,34.7318115234375,103.43109130859375,1,-1,-1,-1
39,-1,747.6529541015625,136.8111572265625,27.9439697265625,58.419891357421875,1,-1,-1,-1
39,-1,228.04812622070312,337.8761901855469,48.4349365234375,128.2716064453125,1,-1,-1,-1
39,-1,330.19488525390625,465.83355712890625,88.36505126953125,210.894287109375,1,-1,-1,-1
39,-1,819.3320473464764,124.19418216817623,18.693355103492127,54.03906573485265,1,-1,-1,-1
39,-1,876.397896130371,118.80175682902137,20.370636075599037,53.555971577414965,1,-1,-1,-1
39,-1,964.8242564081178,107.50334183269707,18.590392187954695,45.17139626015414,1,-1,-1,-1
40,-1,801.8982543945312,196.58749389648438,36.6602783203125,110.30694580078126,1,-1,-1,-1
40,-1,662.0399780273438,237.05810546875,39.1402587890625,117.7884521484375,1,-1,-1,-1
40,-1,745.432373046875,135.49383544921875,27.3848876953125,62.05633544921875,1,-1,-1,-1
40,-1,238.98565673828125,335.24755859375,66.04693603515625,130.3428955078125,1,-1,-1,-1
40,-1,544.176025390625,197.47650146484375,32.1048583984375,104.3638916015625,1,-1,-1,-1
40,-1,364.2821350097656,459.75958251953125,69.7811279296875,190.783935546875,1,-1,-1,-1
40,-1,819.0898759692969,125.72448680518768,17.965920366302488,53.417935589733226,1,-1,-1,-1
40,-1,874.2887055184411,120.58884362504034,19.934571150014687,50.852031390975455,1,-1,-1,-1
40,-1,966.0161722692245,107.8848841794125,15.485691477050318,45.64095648725181,1,-1,-1,-1
41,-1,252.4886932373047,335.90447998046875,65.95069885253906,128.4720458984375,1,-1,-1,-1
41,-1,671.1185913085938,231.86236572265625,39.0538330078125,113.3779296875,1,-1,-1,-1
41,-1,369.73516845703125,445.9162292480469,80.29620361328125,202.53744506835938,1,-1,-1,-1
41,-1,743.1085815429688,134.5032196044922,28.4088134765625,63.763275146484375,1,-1,-1,-1
41,-1,804.4977416992188,201.01771545410156,36.3446044921875,100.15086364746094,1,-1,-1,-1
41,-1,549.2617797851562,199.34017944335938,30.0379638671875,101.69354248046875,1,-1,-1,-1
41,-1,966.8872015948041,108.61058163851175,12.000000000000002,42.27948106446948,1,-1,-1,-1
41,-1,815.7734447899121,124.81337535095325,25,52.04829615033476,1,-1,-1,-1
41,-1,872.0681334551056,122.76201101094318,25,45.96400646231944,1,-1,-1,-1
42,-1,264.39044189453125,328.4769287109375,57.077392578125,126.96893310546875,1,-1,-1,-1
42,-1,675.2850341796875,227.58526611328122,41.4215087890625,115.682373046875,1,-1,-1,-1
42,-1,552.830078125,194.92864990234375,35.4051513671875,98.9677734375,1,-1,-1,-1
42,-1,807.7942504882812,186.77734375,34.5438232421875,105.3489990234375,1,-1,-1,-1
42,-1,742.2435302734376,136.0952911376953,29.073974609375,64.48666381835938,1,-1,-1,-1
42,-1,389.8348388671875,453.08526611328125,84.04608154296875,186.5164794921875,1,-1,-1,-1
42,-1,815.3199755657347,126.3821249150739,19.75221011766395,53.80149712827251,1,-1,-1,-1
42,-1,870.3722395952427,122.02460948949414,18.134515895205645,54.17653747130745,1,-1,-1,-1
42,-1,964.5667217709519,107.9210439379531,17.24009760977344,44.872481144607036,1,-1,-1,-1
43,-1,681.6137084960938,224.7274627685547,40.3316650390625,109.59904479980469,1,-1,-1,-1
43,-1,280.16046142578125,322.1640625,45.07415771484375,133.68609619140625,1,-1,-1,-1
43,-1,554.4078979492188,193.27911376953125,35.866455078125,97.94891357421876,1,-1,-1,-1
43,-1,740.12548828125,138.29287719726562,28.8043212890625,61.381622314453125,1,-1,-1,-1
43,-1,811.047607421875,186.38934326171875,34.203369140625,107.6171875,1,-1,-1,-1
43,-1,811.7704341490759,125.60688251974082,25.000000000000046,51.85732649644649,1,-1,-1,-1
43,-1,870.3474451857791,125.9174595790262,19.057847840495338,48.731086791012096,1,-1,-1,-1
43,-1,965.3792981974517,108.05521330874035,19.805951516352067,46.02901482322396,1,-1,-1,-1
43,-1,419.9350426245065,436.34072217081734,59.35610154475985,171.30971193108587,1,-1,-1,-1
44,-1,690.5368041992188,220.38656616210938,37.7991943359375,110.94549560546875,1,-1,-1,-1
44,-1,815.427734375,185.44436645507812,33.7454833984375,102.12274169921875,1,-1,-1,-1
44,-1,292.05084228515625,319.8477783203125,51.44842529296875,131.83312988281253,1,-1,-1,-1
44,-1,559.8524780273438,192.2447509765625,34.026611328125,94.17138671875,1,-1,-1,-1
44,-1,736.9632568359375,137.68751525878906,28.973388671875,63.41510009765625,1,-1,-1,-1
44,-1,810.6277963178585,129.83606954239767,19.20536004170566,55.31672528360399,1,-1,-1,-1
44,-1,868.5015271308686,125.72755499827979,15.701659325083556,46.6296640351425,1,-1,-1,-1
44,-1,963.3917785250269,109.91400119669814,20.553089613359276,43.077321903624366,1,-1,-1,-1
44,-1,521.0104346800962,245.6163360770385,19.091517170700506,82.84482490195522,1,-1,-1,-1
45,-1,698.4501953125,221.06288146972656,35.76220703125,106.32719421386719,1,-1,-1,-1
45,-1,303.6424560546875,318.3456115722656,46.24572753906249,128.16363525390625,1,-1,-1,-1
45,-1,817.6393432617188,181.9058074951172,32.953369140625,101.72050476074219,1,-1,-1,-1
45,-1,733.8824462890625,139.11949157714844,27.4532470703125,61.94293212890625,1,-1,-1,-1
45,-1,564.5003051757812,186.017574908619,33.813232421875,94.19549560546875,1,-1,-1,-1
45,-1,967.0402222329428,107.38434752630994,14.537890947162037,41.90743640174781,1,-1,-1,-1
45,-1,866.0182466830754,126.18138961739436,18.750463742647703,49.667651322414734,1,-1,-1,-1
45,-1,809.723558017882,127.97886473044589,17.47688524695956,52.932162237196835,1,-1,-1,-1
45,-1,523.2007810874904,238.33013030202403,26.817515758174643,87.26423739287048,1,-1,-1,-1
46,-1,820.0120239257812,181.02536010742188,32.095703125,101.18563842773438,1,-1,-1,-1
46,-1,568.7890014648438,183.51707458496094,33.533447265625,96.22346496582031,1,-1,-1,-1
46,-1,729.4899291992188,139.6327362060547,31.0538330078125,62.101654052734375,1,-1,-1,-1
46,-1,705.6006469726562,215.60887145996094,35.7640380859375,106.98973083496094,1,-1,-1,-1
46,-1,315.8726806640625,313.61053466796875,41.9405517578125,121.732666015625,1,-1,-1,-1
46,-1,967.9038974339254,108.33457840674109,12.632337182535197,40.20474946743984,1,-1,-1,-1
46,-1,863.907447140496,126.52942853069196,16.451415865627215,47.541382581936155,1,-1,-1,-1
46,-1,808.383918594004,128.8771511273308,16.451415865627215,50.47603582773466,1,-1,-1,-1
46,-1,523.3816025270037,240.55733064008552,39.11432786192306,82.75884168980998,1,-1,-1,-1
47,-1,710.8197631835938,213.46487426757812,36.9371337890625,106.17095947265625,1,-1,-1,-1
47,-1,821.64453125,177.01556396484375,30.1434326171875,98.70077514648438,1,-1,-1,-1
47,-1,726.734375,139.85975646972656,30.979370117187496,60.157012939453125,1,-1,-1,-1
47,-1,571.6502685546875,185.20236206054688,31.896728515625,94.03948974609375,1,-1,-1,-1
47,-1,325.98834228515625,326.5553283691406,64.2965087890625,109.4832763671875,1,-1,-1,-1
47,-1,966.9082857206878,107.34183104076246,14.644252759175835,43.88640535762342,1,-1,-1,-1
47,-1,862.8406171767579,128.50690596500638,14.332672913235863,47.93266968137595,1,-1,-1,-1
47,-1,802.186267068664,128.99477303767944,19.837390289965498,50.55731362697401,1,-1,-1,-1
47,-1,527.3163085517513,229.32164696078164,34.7237167002142,90.02601539779053,1,-1,-1,-1
48,-1,725.987060546875,141.25648498535156,30.0635986328125,57.965667724609375,1,-1,-1,-1
48,-1,573.408447265625,181.5468902587891,31.55810546875,92.55561828613281,1,-1,-1,-1
48,-1,715.0159301757812,213.0511779785156,39.55322265625,106.62335205078124,1,-1,-1,-1
48,-1,823.5298461914062,174.7526397705078,31.2252197265625,96.97846984863283,1,-1,-1,-1
48,-1,336.0563659667969,360.90625,61.4830322265625,70.36669921875,1,-1,-1,-1
48,-1,525.0223999023438,234.59475708007812,41.8419189453125,122.77471923828125,1,-1,-1,-1
48,-1,965.6724431190539,108.29728911099258,14.34087238286588,42.43663048858658,1,-1,-1,-1
48,-1,858.9786650034581,127.85095037094109,17.74804993256283,48.20727895066585,1,-1,-1,-1
48,-1,803.3229444451006,130.1913468789895,19.481939840874393,52.43761983939998,1,-1,-1,-1
49,-1,723.2073974609375,208.7659149169922,38.1788330078125,100.55693054199219,1,-1,-1,-1
49,-1,575.959716796875,176.73098754882812,31.865234375,92.01556396484375,1,-1,-1,-1
49,-1,723.9056396484375,141.4346160888672,28.5670166015625,57.442047119140625,1,-1,-1,-1
49,-1,826.523193359375,176.10470581054688,31.264892578125,95.57421875,1,-1,-1,-1
49,-1,526.0546875,234.92889404296875,48.4639892578125,112.19439697265625,1,-1,-1,-1
49,-1,965.8689641332144,107.40384016740134,16.452139086531847,43.13940271323835,1,-1,-1,-1
49,-1,858.0541583775973,127.94641288799104,17.038966432256846,49.00870920483537,1,-1,-1,-1
49,-1,798.4170526437939,130.00067016005,22.033869469512407,56.05187699475186,1,-1,-1,-1
49,-1,553.3288956942382,236.4109549290721,23.599413867193743,80.46907136637643,1,-1,-1,-1
49,-1,363.12131814423384,356.5902152444481,35.18060770942757,66.26280321157172,1,-1,-1,-1
49,-1,524.8607354057581,381.7243819798718,36.55128073706757,163.143591355387,1,-1,-1,-1
50,-1,733.8561401367188,206.45651245117188,34.9056396484375,95.679931640625,1,-1,-1,-1
50,-1,830.4852905273438,171.80821228027344,30.110107421875,96.03169250488281,1,-1,-1,-1
50,-1,579.9823608398438,178.1800994873047,29.506103515625,87.55458068847656,1,-1,-1,-1
50,-1,720.357421875,143.56521606445312,28.869873046875,61.24114990234375,1,-1,-1,-1
50,-1,531.9066772460938,229.02381896972656,50.4317626953125,112.30986022949219,1,-1,-1,-1
50,-1,527.150634765625,391.9945068359375,52.208251953125,135.21954345703125,1,-1,-1,-1
50,-1,373.39318776866054,352.78067645550465,38.446243599020264,67.43322784367489,1,-1,-1,-1
50,-1,965.1112297132483,106.8756525854717,25,42.952652052142085,1,-1,-1,-1
50,-1,855.4351239423999,128.04072750971562,25,50.42267849599287,1,-1,-1,-1
50,-1,795.6117935219371,130.21948522250545,25,52.91268731060983,1,-1,-1,-1
51,-1,718.1791381835938,143.8829345703125,27.833984375,66.4163818359375,1,-1,-1,-1
51,-1,740.1142578125,206.55264282226562,36.467529296875,97.5238037109375,1,-1,-1,-1
51,-1,581.955078125,175.06512451171872,29.086669921875,88.1402587890625,1,-1,-1,-1
51,-1,834.5792236328125,169.97207641601562,29.4200439453125,92.91680908203125,1,-1,-1,-1
51,-1,526.091796875,377.87756347656256,59.26708984375,163.8968792027543,1,-1,-1,-1
51,-1,537.2999267578125,225.09129333496094,51.0732421875,114.73377990722656,1,-1,-1,-1
51,-1,377.87540550149714,350.6840525039169,41.397492491477394,71.00584918638607,1,-1,-1,-1
51,-1,795.0861185519935,128.5183670155938,19.933690313947164,57.86375233892845,1,-1,-1,-1
51,-1,853.5473999316335,128.5183670155938,17.636572018094082,51.11404987359183,1,-1,-1,-1
51,-1,965.7695581578764,106.95091130249182,15.235411250327246,46.35498828615279,1,-1,-1,-1
52,-1,747.9044799804688,200.19921875,34.4488525390625,102.0648193359375,1,-1,-1,-1
52,-1,837.9758911132812,168.65969848632812,27.377685546875,92.63372802734375,1,-1,-1,-1
52,-1,714.22705078125,145.6979522705078,31.482666015625,64.5213623046875,1,-1,-1,-1
52,-1,583.1290893554688,173.80963134765625,29.6778564453125,89.55157470703125,1,-1,-1,-1
52,-1,533.2568359375,363.48638916015625,59.2843017578125,153.8521728515625,1,-1,-1,-1
52,-1,547.8339233398438,233.41351318359375,43.6090087890625,96.00958251953125,1,-1,-1,-1
52,-1,395.50740776886454,342.32009748482375,31.580842956338053,67.13019299764133,1,-1,-1,-1
52,-1,966.8123742564201,109.74631213372753,15.267412451055666,39.52888993204379,1,-1,-1,-1
52,-1,852.7741506424128,128.11012714152739,16.202151988875237,33.30386789550148,1,-1,-1,-1
52,-1,794.5087194516495,131.8451403634528,16.825311680755068,54.15769171791826,1,-1,-1,-1
53,-1,713.497802734375,147.8305206298828,30.70458984375,67.1844482421875,1,-1,-1,-1
53,-1,840.6207275390625,166.32334899902344,26.3583984375,90.52806091308594,1,-1,-1,-1
53,-1,752.2681884765624,197.48033142089844,37.9188232421875,100.89265441894531,1,-1,-1,-1
53,-1,532.5424194335938,355.88616943359375,67.333251953125,161.089111328125,1,-1,-1,-1
53,-1,585.5706787109375,174.095458984375,28.44384765625,85.22442626953125,1,-1,-1,-1
53,-1,559.4749755859375,232.21859741210938,41.0220947265625,87.892822265625,1,-1,-1,-1
53,-1,400.956438258694,340.44815732578815,39.57064043436858,71.27650231840971,1,-1,-1,-1
53,-1,792.136042271084,131.95943587288866,17.25929789474287,52.45692676864869,1,-1,-1,-1
53,-1,849.4222225174645,129.39161428281497,20.197050727890673,28.61286914653563,1,-1,-1,-1
53,-1,967.6667740516606,109.58270487367491,13.954325957451692,41.45197709690421,1,-1,-1,-1
54,-1,711.8731079101562,146.40020751953122,29.2705078125,68.87753295898438,1,-1,-1,-1
54,-1,758.7913208007811,196.53155517578125,37.0316162109375,98.68682861328125,1,-1,-1,-1
54,-1,536.233154296875,346.2222595214844,64.664794921875,166.22775268554688,1,-1,-1,-1
54,-1,567.1461791992188,225.1074676513672,44.6220703125,88.15644836425781,1,-1,-1,-1
54,-1,405.3507653316621,339.22098936129805,32.560093900720695,66.76336134191648,1,-1,-1,-1
54,-1,844.7440281571463,164.33951183905498,25.362599459508704,86.62118163848652,1,-1,-1,-1
54,-1,790.9341887633237,131.81377169812131,17.822367187762865,53.06831286152337,1,-1,-1,-1
54,-1,847.1431929708834,129.7595144260623,18.85058067936466,28.417225596815747,1,-1,-1,-1
54,-1,967.7869093188169,109.21694170547266,14.737726712957711,41.42752165318921,1,-1,-1,-1
54,-1,585.6384022604176,164.79185688341414,28.60535014205296,51.85784599166485,1,-1,-1,-1
55,-1,765.5845947265625,191.88912963867188,34.81396484375,99.07598876953125,1,-1,-1,-1
55,-1,708.7913208007812,147.7234344482422,28.696533203125,70.028564453125,1,-1,-1,-1
55,-1,547.0044555664062,333.4313049316406,56.4215087890625,158.79421997070312,1,-1,-1,-1
55,-1,845.2869262695312,163.92317199707034,29.5252685546875,89.90956115722656,1,-1,-1,-1
55,-1,577.8339894980066,228.70391845703125,38.3048095703125,75.1092529296875,1,-1,-1,-1
55,-1,589.5345458984375,169.0131378173828,28.192138671875,39.54608154296875,1,-1,-1,-1
55,-1,966.6730740871559,109.04743775446073,14.899664650756447,45.54991881981177,1,-1,-1,-1
55,-1,846.9596461363859,128.12268385215117,25,29.346532457985276,1,-1,-1,-1
55,-1,788.5718085775748,131.97619822841133,19.38157519692574,49.70390735956292,1,-1,-1,-1
55,-1,419.7992564209705,339.0096266799425,17.878343838783174,56.50717011505549,1,-1,-1,-1
56,-1,773.2531127929688,192.19000244140625,34.7340087890625,93.23486328125,1,-1,-1,-1
56,-1,554.2172241210938,325.390380859375,59.2257080078125,155.85650634765625,1,-1,-1,-1
56,-1,852.789306640625,163.45211791992188,25.556396484375,83.69216918945312,1,-1,-1,-1
56,-1,704.1397094726562,148.9254150390625,30.777099609375,68.88494873046875,1,-1,-1,-1
56,-1,584.2775694360538,231.614133949818,43.810835729116164,66.54007250799705,1,-1,-1,-1
56,-1,598.5831484496427,167.7535274488544,25,32.600169752240156,1,-1,-1,-1
56,-1,784.1086262821243,130.84426019472895,23.018874879182444,50.75317495713159,1,-1,-1,-1
56,-1,843.7451539921511,128.3407779744417,21.665748083588408,54.50745283028053,1,-1,-1,-1
56,-1,966.9518080495577,107.80565184983863,15.81027846755563,43.87107955681517,1,-1,-1,-1
57,-1,780.8271484375,190.53732299804688,30.7127685546875,91.52520751953125,1,-1,-1,-1
57,-1,700.2909545898438,148.68905639648438,31.0068359375,71.33023071289062,1,-1,-1,-1
57,-1,855.375244140625,159.725341796875,26.272216796875,87.2216796875,1,-1,-1,-1
57,-1,563.4807739257812,321.9200439453125,52.06738281250001,146.1357421875,1,-1,-1,-1
57,-1,591.776611328125,226.00021362304688,38.7606201171875,69.698486328125,1,-1,-1,-1
57,-1,965.4273754452878,106.30369445643115,18.819154068586943,42.65681090303249,1,-1,-1,-1
57,-1,842.0417564530828,127.83499906916296,20.080952450740135,53.0398603383596,1,-1,-1,-1
57,-1,781.4506042694112,132.8199125075717,25,48.78861021140051,1,-1,-1,-1
57,-1,599.8309622271166,164.2630487495541,25,32.60016975224013,1,-1,-1,-1
58,-1,572.9649658203125,310.9097900390625,54.4814453125,151.98565673828125,1,-1,-1,-1
58,-1,858.3358154296875,156.04002380371094,25.7877197265625,89.64283752441406,1,-1,-1,-1
58,-1,697.6868286132814,151.44337463378906,31.2318115234375,72.46102905273438,1,-1,-1,-1
58,-1,783.736572265625,185.5404052734375,32.920166015625,91.1585693359375,1,-1,-1,-1
58,-1,604.8299560546875,222.29318237304688,35.4747314453125,72.28564453125,1,-1,-1,-1
58,-1,452.4223994274482,274.72685061783864,27.541432810759954,47.68811524422603,1,-1,-1,-1
58,-1,600.079446387586,162.39535699163125,25.70533729004256,28.92178001451444,1,-1,-1,-1
58,-1,779.7462249200944,133.7438739865983,20.88976120429569,46.22078862132677,1,-1,-1,-1
58,-1,839.8155394294572,128.3379337969694,18.106626941313586,54.329698905770094,1,-1,-1,-1
58,-1,966.8490697138453,108.94733766081411,14.780568941774515,41.08514544117939,1,-1,-1,-1
59,-1,785.0365600585938,187.68821716308594,36.1451416015625,91.02857971191406,1,-1,-1,-1
59,-1,578.5741577148436,302.9250793457031,53.9422607421875,157.0679931640625,1,-1,-1,-1
59,-1,862.0100708007812,153.38510131835938,25.68896484375,88.14422607421875,1,-1,-1,-1
59,-1,694.4216918945312,150.8826904296875,30.556640625,72.19729614257812,1,-1,-1,-1
59,-1,610.8458251953125,222.2898237941746,39.66944267177604,96.83743450660673,1,-1,-1,-1
59,-1,602.9317865097133,160.47671854296723,24.236460873468715,31.18069073660935,1,-1,-1,-1
59,-1,779.1969564985769,135.53216595367974,19.09539341546032,46.954451932776465,1,-1,-1,-1
59,-1,837.2175749532447,130.7633544292571,19.462612519603695,53.92425339154798,1,-1,-1,-1
59,-1,964.7887685117803,109.85395005294261,16.378695265703172,41.818808752629025,1,-1,-1,-1
60,-1,789.6414184570314,182.73489379882812,33.9305419921875,93.11883544921875,1,-1,-1,-1
60,-1,584.583251953125,302.67230224609375,50.7076416015625,155.6641845703125,1,-1,-1,-1
60,-1,864.7445068359375,154.18072509765625,26.622802734375,83.77584838867188,1,-1,-1,-1
60,-1,690.1589965820312,158.08438110351562,30.3115234375,67.68588256835938,1,-1,-1,-1
60,-1,619.94091796875,213.43190002441406,39.1793212890625,108.31980895996092,1,-1,-1,-1
60,-1,601.5202026367188,161.2978515625,30.45703125,32.107513427734375,1,-1,-1,-1
60,-1,966.1928742358659,108.92520069862735,15.601577092118783,42.045563031789065,1,-1,-1,-1
60,-1,833.9939967442182,130.2014367306667,25,53.190590080098296,1,-1,-1,-1
60,-1,776.7078164978376,133.50292163219004,25,48.421778555675694,1,-1,-1,-1
60,-1,609.3206560057516,217.14677508352543,19.77047970754975,58.212839320086346,1,-1,-1,-1
61,-1,796.1723022460938,180.627197265625,31.1016845703125,92.90890502929688,1,-1,-1,-1
61,-1,590.5853271484376,291.2749328613281,49.98291015625001,150.3653564453125,1,-1,-1,-1
61,-1,867.0880126953125,154.51626586914062,27.941040039062504,83.59072875976562,1,-1,-1,-1
61,-1,682.7998657226562,153.6318817138672,35.0906982421875,75.49356079101562,1,-1,-1,-1
61,-1,626.8904418945312,212.94729614257815,40.677001953125,107.59124755859375,1,-1,-1,-1
61,-1,604.8250122070312,159.7323455810547,26.466552734375,34.569793701171875,1,-1,-1,-1
61,-1,964.2707380749627,107.58818559038802,17.87660967800412,44.34156793771138,1,-1,-1,-1
61,-1,832.071860583315,125.41367411498504,21.090065322932464,59.89776008407263,1,-1,-1,-1
61,-1,773.3168039203604,135.05549736475788,25,54.29108504727274,1,-1,-1,-1
61,-1,607.6918570233004,213.58172602372193,27.60927098532076,59.93029886524416,1,-1,-1,-1
62,-1,800.9942626953125,182.7325439453125,30.669677734375,90.02395629882812,1,-1,-1,-1
62,-1,872.3878784179688,149.33738708496094,26.149658203125,84.74562072753906,1,-1,-1,-1
62,-1,597.6780395507812,288.64447021484375,50.0018310546875,146.86895751953125,1,-1,-1,-1
62,-1,679.4520874023438,155.9578094482422,35.581787109375,74.24374389648438,1,-1,-1,-1
62,-1,634.2661743164064,216.9159393310547,38.749267578125,100.32908630371094,1,-1,-1,-1
62,-1,617.5613602983162,217.91071211621335,25,46.58762027705162,1,-1,-1,-1
62,-1,608.3808826947296,157.75032057734356,29.010309227333856,34.84900729385753,1,-1,-1,-1
62,-1,768.8556312054243,136.4740845453042,25,57.95940160452092,1,-1,-1,-1
62,-1,828.7123451808093,129.8457351531605,20.615820277399624,58.351612849342764,1,-1,-1,-1
62,-1,965.3178519221786,107.54968485293294,17.542722702435952,46.165487511437604,1,-1,-1,-1
63,-1,675.7683715820312,156.10682678222656,36.2562255859375,79.70838928222656,1,-1,-1,-1
63,-1,804.5645751953125,177.02513122558594,30.3829345703125,89.67042541503906,1,-1,-1,-1
63,-1,875.4197998046875,150.06646728515625,26.1348876953125,83.55618286132812,1,-1,-1,-1
63,-1,605.248046875,288.20550537109375,51.2747802734375,146.08160400390625,1,-1,-1,-1
63,-1,638.6262817382812,208.87864685058594,38.697998046875,99.93354797363281,1,-1,-1,-1
63,-1,609.8379516601562,155.831787109375,29.9713134765625,79.85528564453125,1,-1,-1,-1
63,-1,625.1694038019184,216.27494562229458,25,46.734352939341555,1,-1,-1,-1
63,-1,765.5213802890378,134.505060121391,25,63.1684111158133,1,-1,-1,-1
63,-1,825.1569279184499,130.50970451383262,25,53.924253391547936,1,-1,-1,-1
63,-1,965.8894104826412,108.81868705233323,17.447553037497055,43.973321766107865,1,-1,-1,-1
64,-1,805.832763671875,177.08526611328125,33.4864501953125,90.9288330078125,1,-1,-1,-1
64,-1,612.337646484375,284.6036376953125,53.2364501953125,137.07806396484375,1,-1,-1,-1
64,-1,676.2633056640625,158.29515075683594,30.637939453125,75.10292053222656,1,-1,-1,-1
64,-1,611.5356445312501,155.64007568359375,29.251708984374996,77.39486694335938,1,-1,-1,-1
64,-1,649.2567138671875,199.75,35.667236328125,106.26190185546875,1,-1,-1,-1
64,-1,628.5474763003726,211.05911803333683,25,49.570121130118594,1,-1,-1,-1
64,-1,965.8832954688174,109.9485688125958,15.080464543491681,43.48177892524815,1,-1,-1,-1
64,-1,878.1424108521388,150.3489618297555,24.33438596790691,79.4312811862801,1,-1,-1,-1
64,-1,765.724402437019,134.59965607730342,20.564269832034046,61.285341949759236,1,-1,-1,-1
64,-1,823.6470957972484,131.17589395720512,19.87879417096634,36.976630897061455,1,-1,-1,-1
65,-1,810.1173706054688,176.80728149414062,31.7774658203125,88.00155639648438,1,-1,-1,-1
65,-1,620.26953125,277.7593994140625,53.3619384765625,135.96331787109375,1,-1,-1,-1
65,-1,879.9921264648438,147.97267150878906,25.736572265625,79.98733520507812,1,-1,-1,-1
65,-1,612.1414794921875,155.36558532714844,29.296142578125,78.07456970214844,1,-1,-1,-1
65,-1,652.2817382812501,204.78892517089844,44.3719482421875,92.71522521972656,1,-1,-1,-1
65,-1,966.6145767364233,108.26480887765048,14.33267291323598,42.64140095031496,1,-1,-1,-1
65,-1,517.9712261805666,255.17402462475803,33.97575015727368,104.05259660646517,1,-1,-1,-1
65,-1,673.0973486091717,161.83929204642664,30.84640474805107,75.02504819693623,1,-1,-1,-1
65,-1,764.2954148208012,136.38436497960896,22.79951655290734,56.71536381554109,1,-1,-1,-1
65,-1,820.176582842633,132.81174363689772,19.223121799509958,32.600169752240156,1,-1,-1,-1
66,-1,626.9374389648438,275.93963623046875,50.0010986328125,136.0018310546875,1,-1,-1,-1
66,-1,882.8294677734374,145.91697692871094,26.4022216796875,80.75048828125,1,-1,-1,-1
66,-1,813.888916015625,172.1203155517578,31.867431640625,87.92594909667969,1,-1,-1,-1
66,-1,661.590087890625,204.76214599609375,39.3797607421875,94.7796630859375,1,-1,-1,-1
66,-1,612.7787475585938,155.75840759277344,27.6119384765625,74.77020263671875,1,-1,-1,-1
66,-1,523.4267578125,252.61154174804688,37.9659423828125,102.43096923828125,1,-1,-1,-1
66,-1,965.9955548507811,108.91999371054186,14.052251051889886,44.16653134926782,1,-1,-1,-1
66,-1,818.6182877212034,134.59820961127895,18.850580679364544,26.362968324756764,1,-1,-1,-1
66,-1,762.7520213441775,135.62533824730843,18.50784284883069,59.23108467770028,1,-1,-1,-1
66,-1,663.1324447033526,159.1152166898585,24.672114497520475,26.73434862065983,1,-1,-1,-1
66,-1,634.5270945612995,208.02326497591986,28.247783265277224,45.0626799651708,1,-1,-1,-1
67,-1,886.1337890625,145.57608032226562,26.9697265625,78.603759765625,1,-1,-1,-1
67,-1,820.3218383789061,174.0394287109375,28.30908203125,83.71343994140624,1,-1,-1,-1
67,-1,525.6392211914062,245.58087158203125,39.422119140625,109.73944091796875,1,-1,-1,-1
67,-1,631.9776000976562,272.6943969726562,49.19287109375,129.8114013671875,1,-1,-1,-1
67,-1,613.5513916015625,151.4759979248047,28.4168701171875,77.363037109375,1,-1,-1,-1
67,-1,670.2485961914062,204.5334930419922,36.171630859375,93.66209411621094,1,-1,-1,-1
67,-1,962.5196393028548,110.30686828702444,19.419025085078015,43.64278806085395,1,-1,-1,-1
67,-1,814.9685364532806,132.36568901357487,25,51.06296647689434,1,-1,-1,-1
67,-1,759.1512326234738,137.6480648560122,25,63.38851010924818,1,-1,-1,-1
67,-1,663.8160978573085,160.50040962791348,25,25,1,-1,-1,-1
67,-1,645.6509928390119,203.98218855316162,26.390812951110384,47.93266968137595,1,-1,-1,-1
68,-1,824.905029296875,173.48272705078125,28.15576171875,81.80859375,1,-1,-1,-1
68,-1,891.9549560546875,144.1715545654297,25.1771240234375,78.92105102539062,1,-1,-1,-1
68,-1,637.8585815429688,261.59228515625,49.2435302734375,131.0147705078125,1,-1,-1,-1
68,-1,614.9674682617188,153.8243865966797,26.86865234375,73.1016845703125,1,-1,-1,-1
68,-1,532.9464721679688,242.80126953125,38.7152099609375,110.5870361328125,1,-1,-1,-1
68,-1,674.9674072265625,206.75032043457028,36.880126953125,88.89143371582031,1,-1,-1,-1
68,-1,650.4011347168098,167.10948509196814,30.33229800225035,79.08890497427029,1,-1,-1,-1
68,-1,755.7930176059846,137.83631896512782,25.19123054424172,61.114153843754345,1,-1,-1,-1
68,-1,809.774225915074,134.75493305703935,25.191230544241836,57.51920361765114,1,-1,-1,-1
68,-1,964.0062496553297,109.76436898265314,19.701861939794355,50.00559745445534,1,-1,-1,-1
69,-1,894.5443115234375,144.84860229492188,25.6849365234375,77.10855102539062,1,-1,-1,-1
69,-1,827.3970947265625,168.85450744628903,29.72705078125,83.50483703613281,1,-1,-1,-1
69,-1,615.397705078125,149.09548950195312,25.89794921875,76.64993286132812,1,-1,-1,-1
69,-1,542.8361206054688,243.68457031249997,35.73828125,109.13531494140625,1,-1,-1,-1
69,-1,641.4999389648438,262.6743469238282,49.785888671875,129.47525601644176,1,-1,-1,-1
69,-1,680.1472778320312,205.96160888671875,35.52368164062501,81.54888916015624,1,-1,-1,-1
69,-1,650.8712158203125,198.14595031738284,29.948730468750004,46.39485168457031,1,-1,-1,-1
69,-1,966.7397803754986,109.27617330535037,16.751843381298954,42.871456112535014,1,-1,-1,-1
69,-1,750.3264962905056,135.717594628984,26.072298101005984,65.29655131402599,1,-1,-1,-1
69,-1,808.7140755561365,134.61761625681828,25,57.95940160452092,1,-1,-1,-1
70,-1,829.74560546875,169.6737365722656,31.5682373046875,79.49844360351562,1,-1,-1,-1
70,-1,651.0729370117188,255.87026977539062,46.8427734375,131.883056640625,1,-1,-1,-1
70,-1,614.9976806640624,149.59930419921875,26.401123046875,74.29022216796875,1,-1,-1,-1
70,-1,549.0510864257812,242.0955810546875,37.3187255859375,104.84674072265625,1,-1,-1,-1
70,-1,685.8104858398438,197.33213806152344,35.364990234375,89.61750793457031,1,-1,-1,-1
70,-1,967.05788817217,107.89766894644812,15.423202374025653,44.019798686977914,1,-1,-1,-1
70,-1,898.0206965931984,144.94766617465453,23.134803561038364,72.9994994892384,1,-1,-1,-1
70,-1,805.8487014531884,133.94271650291003,20.931488936177537,57.95940160452095,1,-1,-1,-1
70,-1,747.9742474192735,137.2442014044334,23.72307734857239,60.16039153886981,1,-1,-1,-1
70,-1,645.8131382795063,171.24099642633584,25,69.66611618286939,1,-1,-1,-1
70,-1,663.2480627023178,198.48223416450912,30.399355403876413,45.99749978740738,1,-1,-1,-1
71,-1,835.251953125,166.25228881835938,29.4080810546875,82.92974853515625,1,-1,-1,-1
71,-1,557.5462646484375,238.49356079101562,39.0477294921875,105.58056640625,1,-1,-1,-1
71,-1,657.3521118164062,251.85159301757812,46.267578125,123.4244384765625,1,-1,-1,-1
71,-1,613.998779296875,149.83648681640625,26.015380859375,72.08145141601562,1,-1,-1,-1
71,-1,691.372802734375,195.34219360351562,38.624755859375,87.27587890625001,1,-1,-1,-1
71,-1,637.6338500976562,172.1678466796875,28.80322265625,68.92205810546875,1,-1,-1,-1
71,-1,963.6256605832641,106.69163360095598,16.524859686456008,46.95445193277642,1,-1,-1,-1
71,-1,900.0967555664446,141.90747255053824,23.134803561038364,74.46682611213764,1,-1,-1,-1
71,-1,802.4164738642827,135.67133440321638,18.728174311316714,57.592569948796104,1,-1,-1,-1
71,-1,745.4975127220454,138.23915599329007,23.50202266518185,59.793559883144994,1,-1,-1,-1
71,-1,669.0499204394598,193.81470784208537,24.58771392960597,44.211189116051756,1,-1,-1,-1
72,-1,838.9305419921875,164.22378540039062,28.1005859375,77.56790161132812,1,-1,-1,-1
72,-1,661.7239990234375,250.41769409179688,44.474609375,128.360107421875,1,-1,-1,-1
72,-1,566.1043701171875,237.82550048828122,41.0927734375,103.6861572265625,1,-1,-1,-1
72,-1,630.449462890625,172.574951171875,34.12780761718749,81.94549560546875,1,-1,-1,-1
72,-1,612.3961181640625,145.18734741210938,27.0098876953125,73.683349609375,1,-1,-1,-1
72,-1,697.2299194335938,194.03274536132812,35.2886962890625,86.7662353515625,1,-1,-1,-1
72,-1,672.6803679478691,193.2289282336305,26.32226538500359,41.90684835000295,1,-1,-1,-1
72,-1,744.6553123599886,139.81823916009733,25,62.038569616180865,1,-1,-1,-1
72,-1,795.6547015434329,136.1205760703912,25,56.28664925441575,1,-1,-1,-1
72,-1,904.6453316532136,145.15930806745064,25,69.84474725000494,1,-1,-1,-1
72,-1,965.104284959394,108.593528624801,16.048483130772986,43.961105622061936,1,-1,-1,-1
73,-1,845.3324584960938,163.49253845214844,26.226684570312496,81.17012023925781,1,-1,-1,-1
73,-1,622.4061279296875,174.134521484375,38.168701171875,84.19265747070312,1,-1,-1,-1
73,-1,664.7097778320312,246.30462646484372,45.984375,124.626953125,1,-1,-1,-1
73,-1,573.131591796875,235.32489013671875,37.71728515625,101.18206787109375,1,-1,-1,-1
73,-1,702.6725463867188,189.00486755371094,37.15588378906249,90.64048767089844,1,-1,-1,-1
73,-1,612.2374267578125,144.90536499023438,27.5224609375,68.36566162109375,1,-1,-1,-1
73,-1,675.873307592712,191.59383285551183,29.952309040371194,42.871460378838755,1,-1,-1,-1
73,-1,740.6954689487392,142.47028450475915,25,60.287991157741956,1,-1,-1,-1
73,-1,794.7884449768721,133.09215254688817,25,65.64692370509681,1,-1,-1,-1
73,-1,906.103742753774,141.5771290802,25,72.34558938929032,1,-1,-1,-1
73,-1,965.1142620571919,108.53037837151182,16.660264518958115,41.978304954279594,1,-1,-1,-1
74,-1,668.6353149414062,241.00167846679688,45.626708984375,117.36175537109375,1,-1,-1,-1
74,-1,581.81396484375,230.36570739746094,35.6539306640625,107.03120422363281,1,-1,-1,-1
74,-1,849.468994140625,162.36672973632812,25.837646484375,77.63467407226562,1,-1,-1,-1
74,-1,618.8938598632812,177.09780883789062,36.72314453125,81.18093872070312,1,-1,-1,-1
74,-1,613.0729370117188,145.5991973876953,26.207763671875,57.201080322265625,1,-1,-1,-1
74,-1,708.7838134765625,187.93955993652344,34.301025390625,90.77296447753906,1,-1,-1,-1
74,-1,683.9367454051898,188.39214601515292,27.270009994653922,37.06594643062923,1,-1,-1,-1
74,-1,738.4767653944976,141.9480685599067,25,61.627718161769074,1,-1,-1,-1
74,-1,787.6521932537096,133.01651520312856,26.822960650479263,63.414028833124696,1,-1,-1,-1
74,-1,907.9084668366916,141.05491322422887,29.058207371352438,71.89900452206393,1,-1,-1,-1
74,-1,963.3425855143487,107.56158813631092,25,43.76461144821281,1,-1,-1,-1
75,-1,909.4102172851562,139.5017547607422,25.145263671875004,72.76760864257812,1,-1,-1,-1
75,-1,851.4572143554688,160.1678466796875,27.7474365234375,76.9599609375,1,-1,-1,-1
75,-1,672.9151611328125,238.42752075195312,45.41162109375,121.58282470703125,1,-1,-1,-1
75,-1,586.6572875976562,230.77642822265625,38.2442626953125,103.27587890625,1,-1,-1,-1
75,-1,614.0982666015625,182.47802734375,33.856689453125,75.4361572265625,1,-1,-1,-1
75,-1,612.7492065429688,143.39303588867188,26.3065185546875,49.821624755859375,1,-1,-1,-1
75,-1,712.7454833984375,190.50189208984375,34.404541015625,81.9312744140625,1,-1,-1,-1
75,-1,965.6227562437216,108.78846615128664,25,41.08514544117941,1,-1,-1,-1
75,-1,786.3559692296851,134.68997088594324,25,62.07429582960798,1,-1,-1,-1
75,-1,734.9452946495999,140.04890290001012,25,46.890655123085146,1,-1,-1,-1
75,-1,686.6639654787373,187.38613569093417,27.71705933882858,41.08514544117942,1,-1,-1,-1
76,-1,856.10986328125,160.54656982421875,27.251708984375,76.29180908203125,1,-1,-1,-1
76,-1,593.4285888671874,226.9159698486328,35.688232421875,101.44584655761719,1,-1,-1,-1
76,-1,679.9408569335936,238.434814453125,42.06103515625,109.4866943359375,1,-1,-1,-1
76,-1,612.791259765625,143.6700439453125,26.1561279296875,52.120452880859375,1,-1,-1,-1
76,-1,716.7891235351562,183.060546875,34.468017578125,83.115234375,1,-1,-1,-1
76,-1,607.0380859375,180.88739013671875,30.6553955078125,32.728271484375,1,-1,-1,-1
76,-1,965.9627238373603,108.13917674966979,16.20215198887547,46.065163070413256,1,-1,-1,-1
76,-1,910.8130911059961,137.70803142324587,24.614807829252886,70.65400011475545,1,-1,-1,-1
76,-1,694.3926214864026,187.10738572843525,23.134803561038364,35.21583894958232,1,-1,-1,-1
76,-1,732.2161892131796,140.88659710710849,20.564269832034046,27.51237417936117,1,-1,-1,-1
76,-1,782.157987376691,134.28362730406175,23.134803561038247,63.828708096117964,1,-1,-1,-1
77,-1,860.6264038085938,157.56878662109375,26.85595703125,77.640625,1,-1,-1,-1
77,-1,682.1285400390625,231.1367950439453,44.5838623046875,114.02064514160156,1,-1,-1,-1
77,-1,601.6693725585938,225.7541046142578,35.415283203125,98.60130310058594,1,-1,-1,-1
77,-1,611.2156982421875,143.83938598632812,26.8712158203125,57.95458984375,1,-1,-1,-1
77,-1,721.9872436523438,180.61288452148438,35.3497314453125,88.270751953125,1,-1,-1,-1
77,-1,965.0603683702864,106.34288244742645,16.51373183481521,44.698551154422844,1,-1,-1,-1
77,-1,912.7149542523816,137.34638512145614,23.05690859955337,70.03149791110123,1,-1,-1,-1
77,-1,777.1777212685205,136.72388291780192,19.941110140154336,62.250220365423296,1,-1,-1,-1
77,-1,597.1481735056631,181.1613227779398,29.600085364291527,27.701348062613366,1,-1,-1,-1
77,-1,698.411623436134,182.09507608342116,27.107446596772206,34.548872302809926,1,-1,-1,-1
77,-1,724.9062453237763,137.14453582039775,25,25,1,-1,-1,-1
78,-1,685.7555541992188,229.65679931640625,44.7550048828125,112.91278076171875,1,-1,-1,-1
78,-1,864.0299072265625,159.30624389648438,26.9337158203125,70.45211791992188,1,-1,-1,-1
78,-1,608.9848022460938,225.0277099609375,41.2979736328125,96.75787353515625,1,-1,-1,-1
78,-1,727.3931884765624,181.11715698242188,35.384765625,87.12774658203125,1,-1,-1,-1
78,-1,587.8972778320311,185.0987548828125,32.489013671875,79.96710205078125,1,-1,-1,-1
78,-1,966.3235835868219,105.88706642889177,12.643280854448262,47.62141857954882,1,-1,-1,-1
78,-1,914.601329160797,137.94592991708475,25,67.23023799465719,1,-1,-1,-1
78,-1,773.7672387959574,134.83341889881362,25,64.74022918004022,1,-1,-1,-1
78,-1,703.3807827413298,182.30478103075055,26.484286904892375,36.416378913772654,1,-1,-1,-1
78,-1,726.4376913408831,141.8421377932254,25,25,1,-1,-1,-1
78,-1,610.8415684971765,136.86212016399153,26.172707058952405,65.67398248552159,1,-1,-1,-1
79,-1,868.4595336914062,158.86932373046875,27.5062255859375,73.28976440429688,1,-1,-1,-1
79,-1,616.30126953125,217.81948852539062,35.49560546875,103.4403076171875,1,-1,-1,-1
79,-1,581.1668701171875,188.29747009277344,32.9886474609375,83.83943176269531,1,-1,-1,-1
79,-1,691.2996215820312,228.1675567626953,42.5826416015625,116.88456726074219,1,-1,-1,-1
79,-1,610.0270385742188,139.15591430664062,25.8458251953125,61.8890380859375,1,-1,-1,-1
79,-1,731.2553100585938,178.2181396484375,36.2017822265625,88.63571166992188,1,-1,-1,-1
79,-1,964.2934303447648,105.62701048687653,15.28986848250215,46.01536289412089,1,-1,-1,-1
79,-1,914.1166119546016,134.3837193636532,25,69.84764018205387,1,-1,-1,-1
79,-1,767.6990107505189,135.61916665893747,25,64.50367834265165,1,-1,-1,-1
79,-1,719.9899047401997,142.1927899295262,26.733550781644357,25,1,-1,-1,-1
79,-1,708.0626282376201,177.93686646335226,27.55612157492565,41.08514544117939,1,-1,-1,-1
80,-1,871.2628784179688,156.74850463867188,28.0693359375,73.88427734375,1,-1,-1,-1
80,-1,622.8408203125,215.23387145996094,35.4093017578125,102.90095520019531,1,-1,-1,-1
80,-1,696.1630859375,223.56842041015625,41.8162841796875,110.67095947265625,1,-1,-1,-1
80,-1,610.2845458984375,140.07106018066406,25.3182373046875,60.546966552734375,1,-1,-1,-1
80,-1,572.425537109375,186.97084045410156,38.1602783203125,88.62840270996094,1,-1,-1,-1
80,-1,740.3966674804688,173.8342437744141,30.8040771484375,88.55955505371094,1,-1,-1,-1
80,-1,965.3833677055453,106.64763026895972,15.765301524519892,44.65776678389064,1,-1,-1,-1
80,-1,916.6549891905082,134.33544567497194,25.48181261795529,67.87980551151377,1,-1,-1,-1
80,-1,767.3405082361737,137.0149116820054,26.375911306304605,62.96745116528578,1,-1,-1,-1
80,-1,718.6121297211364,138.35464468552215,25,25,1,-1,-1,-1
80,-1,713.2475375910404,176.31374645182913,27.270009994653922,30.367281413045625,1,-1,-1,-1
81,-1,557.8973999023438,189.88009643554688,42.8304443359375,90.82281494140625,1,-1,-1,-1
81,-1,701.0317993164062,218.9466552734375,43.552734375,112.6112060546875,1,-1,-1,-1
81,-1,627.2462158203125,217.4854278564453,37.6395263671875,99.02659606933594,1,-1,-1,-1
81,-1,872.6354370117188,157.0774688720703,29.75244140625,72.55700683593749,1,-1,-1,-1
81,-1,746.08056640625,173.78390502929688,34.6876220703125,87.3665771484375,1,-1,-1,-1
81,-1,609.6135584620458,135.71992870855055,25.000000000000046,67.49702465336614,1,-1,-1,-1
81,-1,714.6673231653214,140.48874023297319,25,25,1,-1,-1,-1
81,-1,717.2378568943257,177.90556911690442,30.111966539764207,57.95940160452092,1,-1,-1,-1
81,-1,759.4680538708242,136.82042367572504,25,25.678215900737122,1,-1,-1,-1
81,-1,915.5361731317972,134.98626539710094,25.000000000000046,66.3965296861917,1,-1,-1,-1
81,-1,964.7435330870217,107.10705956201494,14.85473936488979,45.12029365415237,1,-1,-1,-1
82,-1,549.771728515625,192.33612060546875,43.47143554687501,91.61279296875,1,-1,-1,-1
82,-1,632.4901733398438,212.3985137939453,36.491943359375,100.42802429199219,1,-1,-1,-1
82,-1,702.010498046875,219.16172790527344,49.79345703125,109.97218322753906,1,-1,-1,-1
82,-1,876.4945678710938,155.8897247314453,28.2137451171875,69.89743041992188,1,-1,-1,-1
82,-1,609.7068481445312,136.4132080078125,25.8660888671875,68.30029296875,1,-1,-1,-1
82,-1,750.6875610351562,171.40798950195312,32.279052734375,83.66937255859375,1,-1,-1,-1
82,-1,965.4488768716197,107.19176399234087,15.578992296995523,43.575154255796306,1,-1,-1,-1
82,-1,920.8929589022125,133.64810764764576,22.122169061733683,66.60773579100294,1,-1,-1,-1
82,-1,710.5299328446075,145.24128827038413,17.259297894742986,56.12524332589685,1,-1,-1,-1
82,-1,723.0153823854854,177.88930562989273,27.541432810759893,58.326233260245736,1,-1,-1,-1
83,-1,541.228759765625,196.41445922851562,42.2645263671875,93.6279296875,1,-1,-1,-1
83,-1,638.9035034179688,211.89801025390625,35.48876953125,97.5272216796875,1,-1,-1,-1
83,-1,881.2839965820312,152.3756866455078,25.624267578125,71.48388671875,1,-1,-1,-1
83,-1,711.9522705078125,212.01171875,46.5589599609375,111.55621337890625,1,-1,-1,-1
83,-1,754.0713500976562,172.80984497070312,33.8597412109375,80.74636840820312,1,-1,-1,-1
83,-1,966.4755640048797,107.84822281829393,14.825403832396699,44.19041806173365,1,-1,-1,-1
83,-1,921.5211136743866,134.12360653067608,22.95546399854963,66.40506065492946,1,-1,-1,-1
83,-1,728.4180645895816,175.38148682752768,26.439775498329656,47.6881152442261,1,-1,-1,-1
83,-1,707.4865756534042,147.50228099244168,22.033146248607892,53.19059008009835,1,-1,-1,-1
83,-1,610.1735130553856,136.1304996649724,25.338118185899187,65.29603471901723,1,-1,-1,-1
84,-1,535.5911254882812,198.919189453125,40.70361328125,93.0989990234375,1,-1,-1,-1
84,-1,884.0927124023438,153.58799743652344,25.8052978515625,67.95834350585938,1,-1,-1,-1
84,-1,724.3547973632812,209.65054321289062,39.70263671875,111.77191162109375,1,-1,-1,-1
84,-1,643.3673706054688,213.63668823242188,40.6851806640625,94.342529296875,1,-1,-1,-1
84,-1,757.7457275390625,171.44139099121094,40.981689453125,83.87394714355467,1,-1,-1,-1
84,-1,965.8143019164866,107.21293420390755,13.601228110458004,43.48177892524818,1,-1,-1,-1
84,-1,923.4861798455496,133.91827874067414,25,62.31247058578872,1,-1,-1,-1
84,-1,705.2528232682054,146.84553190339625,25,61.921183486348916,1,-1,-1,-1
84,-1,732.2801493331644,175.60513371222183,27.027326064959055,47.834847906515975,1,-1,-1,-1
84,-1,607.4334374353159,132.1695700776075,26.80699460247303,71.53217286633911,1,-1,-1,-1
85,-1,886.983154296875,152.90057373046875,26.430908203125,66.46148681640625,1,-1,-1,-1
85,-1,727.98779296875,210.47187805175784,41.721923828125,108.49351501464844,1,-1,-1,-1
85,-1,651.25732421875,207.92779541015625,35.7020263671875,98.315673828125,1,-1,-1,-1
85,-1,609.1173095703125,132.7371826171875,25.1217041015625,70.76303100585938,1,-1,-1,-1
85,-1,526.572509765625,204.34078979492188,36.828857421875,88.88018798828125,1,-1,-1,-1
85,-1,765.8426513671875,170.9555206298828,36.0443115234375,79.23353576660156,1,-1,-1,-1
85,-1,964.7952066386077,107.71243076078008,15.913364877561953,45.442660866759006,1,-1,-1,-1
85,-1,924.6014065123594,130.12251009233248,25,67.23023799465716,1,-1,-1,-1
85,-1,702.6742498071782,149.87879799929402,25,65.68217330399074,1,-1,-1,-1
85,-1,735.1441495419688,174.20552885262393,25,49.46435273510412,1,-1,-1,-1
86,-1,887.0786743164062,153.02027893066406,28.6053466796875,64.16424560546875,1,-1,-1,-1
86,-1,655.508056640625,203.22216796875,35.3160400390625,99.29296875,1,-1,-1,-1
86,-1,609.4580688476562,132.8308868408203,25.2054443359375,65.50967407226562,1,-1,-1,-1
86,-1,734.3260498046875,208.17678833007812,39.1181640625,106.8653564453125,1,-1,-1,-1
86,-1,773.4848022460938,170.84620666503906,33.001708984375,77.31059265136719,1,-1,-1,-1
86,-1,521.387451171875,207.74191284179688,34.512939453125,90.6580810546875,1,-1,-1,-1
86,-1,964.1382133630309,106.66243219477951,14.683733106575781,44.85128377328749,1,-1,-1,-1
86,-1,926.0943141737679,133.0254005195363,25,64.36672785784766,1,-1,-1,-1
86,-1,698.5484643805064,150.5821068971411,25,71.38544020404917,1,-1,-1,-1
87,-1,660.5790405273438,205.0796661376953,35.134521484375,96.41978454589844,1,-1,-1,-1
87,-1,888.3150634765625,151.95404052734375,27.955078125,67.601318359375,1,-1,-1,-1
87,-1,740.2573852539062,201.34149169921875,38.785400390625,107.16766357421875,1,-1,-1,-1
87,-1,694.3612670898438,149.84661865234375,25.46142578125,67.48934936523438,1,-1,-1,-1
87,-1,779.2739868164062,171.35267639160156,32.97119140625,78.51264953613281,1,-1,-1,-1
87,-1,523.0653939484616,214.09449816434346,25,91.10184423913692,1,-1,-1,-1
87,-1,609.851239144801,128.8335430017366,25,70.06484624343987,1,-1,-1,-1
87,-1,733.6040772411488,140.9389876406555,25,51.356431801474244,1,-1,-1,-1
87,-1,928.6275403215377,130.27054553662722,20.868330556061295,66.29648468917583,1,-1,-1,-1
87,-1,965.0823822965071,109.1054706123833,12.860728515405729,42.018898746660724,1,-1,-1,-1
88,-1,890.0907592773438,148.96939086914062,27.8712158203125,67.58074951171875,1,-1,-1,-1
88,-1,745.2664794921875,202.3627471923828,39.8887939453125,104.93757629394531,1,-1,-1,-1
88,-1,663.5892944335938,204.7265625,34.5006103515625,92.162841796875,1,-1,-1,-1
88,-1,784.592529296875,171.21600341796875,32.575927734375,76.5592041015625,1,-1,-1,-1
88,-1,690.5657348632812,152.22781372070312,26.5721435546875,68.93463134765624,1,-1,-1,-1
88,-1,964.0116206775164,105.0652709783236,15.27631473236807,46.66098660819659,1,-1,-1,-1
88,-1,929.639912529688,130.89021954135063,22.03314624860801,61.627718161769046,1,-1,-1,-1
88,-1,726.3143952917387,142.82897143483112,20.821323204934526,55.20816418658479,1,-1,-1,-1
88,-1,608.5419658078849,129.4613436589458,23.134803561038364,62.65484679779858,1,-1,-1,-1
89,-1,893.4744873046875,147.7823486328125,25.7440185546875,66.83938598632812,1,-1,-1,-1
89,-1,751.6714477539062,199.2711944580078,38.962646484375,105.52647399902344,1,-1,-1,-1
89,-1,667.8721923828125,202.9760284423828,33.8084716796875,90.74354553222656,1,-1,-1,-1
89,-1,789.6100463867188,167.858154296875,31.5670166015625,74.62030029296875,1,-1,-1,-1
89,-1,686.7636108398438,153.4906005859375,28.220703125,72.4285888671875,1,-1,-1,-1
89,-1,607.3236077007599,129.86868357928552,25,65.32538125147522,1,-1,-1,-1
89,-1,721.6609479668696,144.24848448369832,25.000000000000046,62.86027252500443,1,-1,-1,-1
89,-1,747.9832133518732,167.66701738517054,25,25,1,-1,-1,-1
89,-1,931.8277856502581,131.51208939693268,25,60.39516379853371,1,-1,-1,-1
90,-1,894.5142822265625,147.56658935546875,26.4429931640625,65.48916625976562,1,-1,-1,-1
90,-1,757.9478149414062,193.8341522216797,38.517822265625,104.05378723144531,1,-1,-1,-1
90,-1,673.0158691406251,203.0623321533203,36.6097412109375,88.19673156738281,1,-1,-1,-1
90,-1,792.400146484375,162.54641723632812,31.9488525390625,80.18453979492188,1,-1,-1,-1
90,-1,604.6865356805974,127.23076359141565,25,67.86385630909096,1,-1,-1,-1
90,-1,690.6158060501684,151.8084845249783,25,69.69801458771506,1,-1,-1,-1
90,-1,722.5638681106499,142.6376931318579,25,70.43167789916467,1,-1,-1,-1
90,-1,750.10530092141,166.11491909824613,25,25,1,-1,-1,-1
90,-1,933.9542722936608,127.35730592519185,25,62.91162895680591,1,-1,-1,-1
90,-1,963.3011990331261,108.31262913214516,15.010497868837078,40.65717517616708,1,-1,-1,-1
91,-1,894.5100708007811,146.70220947265625,28.061279296875,65.12289428710938,1,-1,-1,-1
91,-1,764.648681640625,194.85821533203125,36.689453125,102.16314697265625,1,-1,-1,-1
91,-1,678.4900512695312,198.4783477783203,34.5648193359375,90.73066711425781,1,-1,-1,-1
91,-1,798.2875366210938,164.81063842773438,32.398193359375,76.9393310546875,1,-1,-1,-1
91,-1,716.80322265625,146.26611328125,27.61181640625,66.3895263671875,1,-1,-1,-1
91,-1,963.2370065640126,105.8519316897199,13.115161180308696,43.48177892524818,1,-1,-1,-1
91,-1,934.7897666296988,128.79113789437844,25,61.970094373778835,1,-1,-1,-1
91,-1,753.1387164467309,160.6321256112924,25,25.678215900737122,1,-1,-1,-1
91,-1,687.9856221761343,152.38753757332717,25,31.840987716914043,1,-1,-1,-1
91,-1,602.9009557460932,127.99323246762692,25,64.96588622886489,1,-1,-1,-1
92,-1,894.6412963867188,146.93505859375,29.4310302734375,62.4307861328125,1,-1,-1,-1
92,-1,682.4226684570312,196.797119140625,33.6173095703125,89.5308837890625,1,-1,-1,-1
92,-1,768.8131103515625,195.9653778076172,36.79650878906249,100.19230651855469,1,-1,-1,-1
92,-1,803.5535888671875,160.99302673339844,30.7135009765625,76.15766906738281,1,-1,-1,-1
92,-1,962.5498298973488,105.4846132004023,16.253881073738444,45.10434445172954,1,-1,-1,-1
92,-1,937.5150666235683,126.9203412566698,25,62.96745116528578,1,-1,-1,-1
92,-1,756.0130328886586,157.7342003375543,25,31.707014416562362,1,-1,-1,-1
92,-1,714.4374438804158,150.14237998429292,27.270009994653922,64.7537618366414,1,-1,-1,-1
92,-1,599.9928117717043,129.15322959586433,25.928861962129947,62.52087349744686,1,-1,-1,-1
93,-1,895.7510986328124,146.32086181640625,28.463623046875,65.4212646484375,1,-1,-1,-1
93,-1,773.1491088867188,190.9342041015625,37.0394287109375,97.0740966796875,1,-1,-1,-1
93,-1,687.2388916015625,197.0011749267578,32.911865234375,88.19447326660156,1,-1,-1,-1
93,-1,807.9037475585938,156.11952209472656,31.0958251953125,81.24211120605469,1,-1,-1,-1
93,-1,600.7240878009484,125.84292525958885,25.08840919508141,66.55793561471053,1,-1,-1,-1
93,-1,710.9485741006511,145.15294361694308,25,64.91452979706344,1,-1,-1,-1
93,-1,757.8351093176888,163.64125906547378,27.9674069715663,58.75175798088655,1,-1,-1,-1
93,-1,941.2683962194329,127.48633107723596,18.65331467487035,60.80601525294548,1,-1,-1,-1
93,-1,963.220754265129,108.17631271988164,14.180585986403317,41.08514544117939,1,-1,-1,-1
94,-1,896.826904296875,143.53427124023438,27.4169921875,66.00439453125,1,-1,-1,-1
94,-1,775.2268676757812,186.26235961914062,39.6849365234375,99.37030029296875,1,-1,-1,-1
94,-1,812.1227416992186,158.38987731933594,32.2392578125,78.96791076660156,1,-1,-1,-1
94,-1,687.2725830078125,194.56930541992188,35.7535400390625,88.78570556640625,1,-1,-1,-1
94,-1,965.1419659331232,106.80439256972936,13.85852966941429,41.97830077685719,1,-1,-1,-1
94,-1,942.342449380216,127.79354295815794,19.67017114368473,61.6277181617691,1,-1,-1,-1
94,-1,762.7590034481705,157.26087887036215,24.236460873468715,59.79355988314502,1,-1,-1,-1
94,-1,708.777795139081,145.52226588716806,22.033146248607892,39.25098716255531,1,-1,-1,-1
94,-1,681.970800536608,156.89404721463737,23.869241769325225,50.2559368342998,1,-1,-1,-1
94,-1,599.3465021043281,126.44701978947764,21.66592714446452,64.19553975184277,1,-1,-1,-1
95,-1,899.58203125,143.39056396484375,25.4327392578125,62.160491943359375,1,-1,-1,-1
95,-1,781.1453857421875,188.3897247314453,38.6995849609375,94.98536682128906,1,-1,-1,-1
95,-1,695.9275512695312,193.54286193847656,32.338623046875,84.22834777832031,1,-1,-1,-1
95,-1,815.3895263671875,159.14053344726562,30.8299560546875,74.61383056640625,1,-1,-1,-1
95,-1,965.3511886007161,108.51465200423833,14.644252759175835,40.46264323752514,1,-1,-1,-1
95,-1,942.2942800011627,127.50096921569244,22.745328753613514,56.647700532535204,1,-1,-1,-1
95,-1,767.8095662748128,162.3610926203295,21.49900936985385,57.33592298641255,1,-1,-1,-1
95,-1,706.0200788377683,146.34470621221578,24.970899081755697,29.71336411371009,1,-1,-1,-1
95,-1,680.3147415477258,162.48529906410766,22.767584456894873,70.43167789916467,1,-1,-1,-1
95,-1,596.956004907159,127.63629177025017,27.541432810759893,62.728213128943516,1,-1,-1,-1
96,-1,786.9559936523438,185.11973571777344,37.2000732421875,96.85887145996094,1,-1,-1,-1
96,-1,901.3367309570312,143.5051727294922,25.373291015625,62.491729736328125,1,-1,-1,-1
96,-1,700.8078002929688,189.62033081054688,35.08056640625,88.06280517578124,1,-1,-1,-1
96,-1,817.76318359375,157.93411254882812,30.553955078125,73.59527587890625,1,-1,-1,-1
96,-1,676.7164916992188,160.60903930664062,26.20263671875,74.68988037109375,1,-1,-1,-1
96,-1,963.8790079222604,107.01759829839472,16.565661809138618,44.50890756127766,1,-1,-1,-1
96,-1,947.3133461131217,129.84267909904995,14.851972656469112,59.34521008170356,1,-1,-1,-1
96,-1,769.0896742354929,161.22716519995086,18.850580679364544,58.77458306168717,1,-1,-1,-1
96,-1,707.9680944569473,146.96148969954135,20.564269832034046,29.10197802083536,1,-1,-1,-1
96,-1,598.2919886860988,124.7070359189025,24.562877854929596,67.33398836193291,1,-1,-1,-1
97,-1,900.3800659179688,143.28958129882812,27.8753662109375,62.816650390625,1,-1,-1,-1
97,-1,793.788818359375,180.5479278564453,33.7130126953125,94.72038269042969,1,-1,-1,-1
97,-1,706.380615234375,183.88583374023438,32.3975830078125,93.887451171875,1,-1,-1,-1
97,-1,821.4364013671875,157.89315795898438,30.9224853515625,72.949462890625,1,-1,-1,-1
97,-1,675.9815673828125,164.02816772460938,28.16455078125,74.55294799804688,1,-1,-1,-1
97,-1,596.0100047990711,125.55764542392188,23.854553005159584,61.62771816176909,1,-1,-1,-1
97,-1,703.3554933222891,144.8676637812762,22.620696815237523,28.348750354413756,1,-1,-1,-1
97,-1,771.2175837680016,161.71257341215974,22.620696815237405,52.9998376191214,1,-1,-1,-1
97,-1,948.070304323495,128.84445705921624,18.096557452189924,53.821540527945,1,-1,-1,-1
97,-1,964.5217201891222,105.0150727033322,13.670190667607237,49.78159765729732,1,-1,-1,-1
98,-1,901.3763427734375,143.05575561523438,27.434326171875,62.713165283203125,1,-1,-1,-1
98,-1,796.4469604492188,180.00717163085938,35.288818359375,96.81912231445312,1,-1,-1,-1
98,-1,710.1741333007812,182.701171875,31.372314453125,88.9742431640625,1,-1,-1,-1
98,-1,826.1771240234375,156.11187744140625,30.2811279296875,70.5205078125,1,-1,-1,-1
98,-1,674.0264282226562,166.42546081542972,26.277099609375,74.05097961425781,1,-1,-1,-1
98,-1,597.124587122284,125.11436840715622,19.67006116271807,62.074447381934654,1,-1,-1,-1
98,-1,699.0512676927323,148.33646383061375,19.22301431811082,75.91838888438052,1,-1,-1,-1
98,-1,772.3669502083179,157.7146177516255,27.26985752104086,58.05523855864393,1,-1,-1,-1
98,-1,948.056360138959,126.45410468158646,17.88187378428907,58.50181731678732,1,-1,-1,-1
98,-1,962.8089060109976,105.46490304884597,15.646639561252938,45.10445457248488,1,-1,-1,-1
99,-1,901.4686889648438,141.9362335205078,26.993896484375,61.067138671875,1,-1,-1,-1
99,-1,671.8302612304688,163.45436096191406,26.8482666015625,77.21113586425781,1,-1,-1,-1
99,-1,715.3060302734375,181.4954071044922,29.44189453125,91.26911926269531,1,-1,-1,-1
99,-1,799.265869140625,181.61447143554688,34.232666015625,93.23153686523438,1,-1,-1,-1
99,-1,830.7748413085938,152.3346405029297,31.072509765625,72.18820190429688,1,-1,-1,-1
99,-1,593.925440868658,122.400412207399,20.11710800732532,63.41418365636489,1,-1,-1,-1
99,-1,698.981449351357,148.74855893786045,20.564154851932454,76.36496764252394,1,-1,-1,-1
99,-1,774.9794129345859,160.35960664958924,28.610998054862723,54.48260849349661,1,-1,-1,-1
99,-1,950.2217760206199,126.86619978883311,16.98778009507457,55.822344767926836,1,-1,-1,-1
99,-1,965.4213687372657,105.43041939794921,14.752545872038553,47.78392712134539,1,-1,-1,-1
