5,-1,27.49308446471367,369.6886175821468,22.388236283735175,61.61807406017824,1,-1,-1,-1
6,-1,38.85215639138052,369.5466018298571,25.0063141879534,60.24878352550772,1,-1,-1,-1
7,-1,56.69983128618353,368.2135748658123,20.012262976660605,60.26680050622695,1,-1,-1,-1
7,-1,33.983208447812025,367.6730654442318,21.364442907516054,57.56425339832444,1,-1,-1,-1
8,-1,37.21072188291193,365.25444567179954,26.719075433703622,56.82555718883103,1,-1,-1,-1
8,-1,68.7255288047162,367.65070410747313,21.238239447302877,60.93342879284292,1,-1,-1,-1
9,-1,44.650394939261375,364.8182578237576,22.388236283735196,57.21678305587984,1,-1,-1,-1
9,-1,78.78327976528388,365.551806324474,25.691418686253485,59.05065430767083,1,-1,-1,-1
10,-1,96.46950592205857,365.2924827633389,21.923343945602983,60.24878352550766,1,-1,-1,-1
10,-1,51.25260903425245,362.8962243276653,26.033970935403516,57.51020245616635,1,-1,-1,-1
11,-1,111.840763301666,359.9031372420598,24.127593201003286,63.40410519235739,1,-1,-1,-1
11,-1,54.20262398815816,362.1356761572837,33.510546112504564,58.04601179582009,1,-1,-1,-1
11,-1,0.5857502081508905,363.0286917233732,25.021207764003396,62.95759740931258,1,-1,-1,-1
12,-1,10.35955964205874,362.5203516642023,19.319946852062625,60.79971414147782,1,-1,-1,-1
12,-1,68.31940019824658,361.2912045851007,20.96419764798285,59.97492541857355,1,-1,-1,-1
12,-1,125.45711535647436,357.1833329810888,23.01951114288311,63.26122270178304,1,-1,-1,-1
13,-1,12.92775821685791,363.0804443359375,28.37411403656006,60.894287109375,1,-1,-1,-1
13,-1,140.4180450439453,345.6296691894531,26.061798095703125,72.96441650390625,1,-1,-1,-1
13,-1,74.73293207845313,362.75721684973826,27.52652002098588,56.85000880552167,1,-1,-1,-1
14,-1,160.9820388433014,357.77802148065496,23.12227681762814,57.95033155659619,1,-1,-1,-1
14,-1,79.5035395811832,361.8125382345952,31.196722690450677,52.81549205158139,1,-1,-1,-1
14,-1,20.0462563358537,364.01318373674445,24.22333761846757,60.150977058745475,1,-1,-1,-1
15,-1,0.09424781799316406,396.9972229003906,27.14871597290039,61.93902587890625,1,-1,-1,-1
15,-1,170.1664123535156,356.29693603515625,28.112945556640625,55.77947998046875,1,-1,-1,-1
15,-1,89.30680410803971,358.3915138687112,23.12227681762814,56.116460304805194,1,-1,-1,-1
15,-1,28.014419527977815,361.692482121935,21.654195749842224,63.81871956232752,1,-1,-1,-1
16,-1,6.210986137390137,396.44958496093756,29.521218299865723,66.1060791015625,1,-1,-1,-1
16,-1,97.43439464550396,359.1606873689371,22.787171356503073,56.25998066364105,1,-1,-1,-1
16,-1,30.86010970199491,362.73274963329527,33.95735339400463,61.17156627713347,1,-1,-1,-1
16,-1,193.05115288651695,352.0165628402208,19.65952038600268,62.064581843222996,1,-1,-1,-1
17,-1,202.49111938476562,350.1231384277344,28.76690673828125,56.41510009765625,1,-1,-1,-1
17,-1,102.13948644359256,359.4422509187219,32.29778349129009,55.74968605444708,1,-1,-1,-1
17,-1,13.687602109491236,393.9190304523931,23.122276817628148,67.11968781555139,1,-1,-1,-1
18,-1,23.97298240661621,393.9610900878906,32.31393623352051,63.4222412109375,1,-1,-1,-1
18,-1,112.01910400390625,358.51751708984375,25.34185791015625,60.207275390625,1,-1,-1,-1
19,-1,236.23114013671875,346.899169921875,29.529876708984375,56.9495849609375,1,-1,-1,-1
19,-1,30.28866195678711,394.56646728515625,29.27568817138672,62.38238525390625,1,-1,-1,-1
19,-1,124.42794977770535,351.2711071625594,21.923343945602966,67.09523619886082,1,-1,-1,-1
19,-1,51.806872957895514,358.80220510324796,26.719075433703615,57.51020245616635,1,-1,-1,-1
20,-1,127.75965881347656,357.31365966796875,30.359130859375,59.0517578125,1,-1,-1,-1
20,-1,257.44286445712646,344.76248881363176,18.840373703252514,62.75914950573717,1,-1,-1,-1
20,-1,45.63139039934767,388.69389346764774,15.985771627002173,70.17613990186967,1,-1,-1,-1
20,-1,57.62071911959931,361.8786204970146,29.116941177753947,58.19484772350166,1,-1,-1,-1
21,-1,273.7341003417969,345.2804260253906,25.40716552734375,52.917724609375,1,-1,-1,-1
21,-1,133.51836169295512,356.2838918040573,27.975100347253807,59.335923169060536,1,-1,-1,-1
21,-1,47.88029940544347,390.7411558578329,34.255224915004646,66.52791287818327,1,-1,-1,-1
21,-1,11.912313244688617,383.0991647746904,35.967986160754876,61.618074060178294,1,-1,-1,-1
22,-1,25.647937774658203,386.2159729003906,28.90967559814453,57.97857666015626,1,-1,-1,-1
22,-1,148.3005983218615,351.3836439891234,17.983993080377456,64.69897776318716,1,-1,-1,-1
22,-1,59.922118041149496,388.3544884252304,26.205247059978547,69.3203333177005,1,-1,-1,-1
22,-1,292.849095966734,344.74112716324083,21.893556793502952,58.04601179582015,1,-1,-1,-1
23,-1,306.4258117675781,341.6622619628906,25.70135498046875,55.92181396484375,1,-1,-1,-1
23,-1,148.30151667646516,355.4931227941862,33.91267266585461,59.564138258172406,1,-1,-1,-1
23,-1,70.19914469295267,383.220452520741,29.802045676054046,72.40123702070942,1,-1,-1,-1
24,-1,10.112104415893555,376.06072998046875,35.8691349029541,59.3038330078125,1,-1,-1,-1
24,-1,73.35144805908203,390.1286926269531,34.90679931640626,63.44915771484375,1,-1,-1,-1
24,-1,322.0248586293636,338.0527529078046,24.127593201003286,58.04601179582009,1,-1,-1,-1
24,-1,157.98749219651006,353.24310171118003,29.93608786050405,60.725058494088714,1,-1,-1,-1
24,-1,43.15802085099452,383.15912317517956,32.170124268004365,61.618074060178294,1,-1,-1,-1
25,-1,337.5590323271552,332.1699142085167,27.748568890361298,61.618074060178294,1,-1,-1,-1
25,-1,86.29833510750177,385.05956471069527,21.580791696452923,68.29336541669753,1,-1,-1,-1
25,-1,172.62150189331348,350.14265607659416,20.55313494900277,61.10459010967678,1,-1,-1,-1
25,-1,56.49628943144772,377.3573054531729,24.149933565078285,66.23942961469164,1,-1,-1,-1
25,-1,22.069788391868048,372.22246594815806,24.663761938803347,62.64504196118126,1,-1,-1,-1
26,-1,177.8441162109375,354.94946289062506,28.61114501953125,54.24755859375,1,-1,-1,-1
26,-1,96.1633071899414,386.54541015625,28.724639892578125,65.4404296875,1,-1,-1,-1
26,-1,352.3546611037408,334.59796354146647,29.185451627583962,58.742563937369944,1,-1,-1,-1
26,-1,68.14833835641254,377.0093304083691,21.375260346962904,64.90437134338772,1,-1,-1,-1
26,-1,33.208008943107785,366.7396513983394,18.497821454102517,68.19066862659727,1,-1,-1,-1
27,-1,181.58839416503906,351.7333679199219,32.579986572265625,57.54754638671875,1,-1,-1,-1
27,-1,35.923770904541016,366.75531005859375,31.668163299560547,70.3507080078125,1,-1,-1,-1
27,-1,102.2054672241211,389.40924072265625,31.18079376220703,63.0714111328125,1,-1,-1,-1
27,-1,373.6513114502774,330.1440829524653,23.430573841863207,60.38571257897469,1,-1,-1,-1
27,-1,71.50259529154347,380.2601165214102,38.2288310051452,61.207286899777095,1,-1,-1,-1
28,-1,386.99420166015625,329.80023193359375,27.1219482421875,54.62646484375,1,-1,-1,-1
28,-1,194.80207036826036,347.92008252763753,20.106327667502708,60.725058494088834,1,-1,-1,-1
28,-1,116.61079610574973,383.64070517121917,19.65952038600268,67.86918302280506,1,-1,-1,-1
28,-1,88.01513008974584,375.6035650764133,22.34036407500304,63.85061297540216,1,-1,-1,-1
28,-1,45.56843834724008,365.7803938494284,26.80843689000363,68.76219858889452,1,-1,-1,-1
29,-1,120.43590545654297,383.3418273925781,35.57384490966797,70.14459228515625,1,-1,-1,-1
29,-1,0.16748046875,397.978271484375,27.64728546142578,56.91448974609375,1,-1,-1,-1
29,-1,204.34857177734375,352.0249328613281,26.144134521484375,55.1201171875,1,-1,-1,-1
29,-1,406.4655610884197,327.7400518736412,19.819094415109927,59.78420280838724,1,-1,-1,-1
29,-1,100.23585711857085,375.4913064663751,18.7180336142704,64.55226806304393,1,-1,-1,-1
29,-1,56.927465618886416,361.18711070240516,19.452074148163344,72.2545273205662,1,-1,-1,-1
29,-1,39.310492805455446,361.92065920312155,17.61697281343097,61.25129980982012,1,-1,-1,-1
30,-1,416.6298828125,326.6829528808594,33.08026123046875,56.35784912109375,1,-1,-1,-1
30,-1,206.29977416992188,350.14080810546875,33.831298828125,58.15606689453125,1,-1,-1,-1
30,-1,1.9658946990966797,397.70343017578125,33.453081130981445,58.35235595703125,1,-1,-1,-1
30,-1,104.04695892333984,377.1055908203125,35.22608184814453,62.18115234375,1,-1,-1,-1
30,-1,499.0556619892802,238.98231048603563,105.6202768212643,63.90022495129599,1,-1,-1,-1
30,-1,57.16121979771183,358.79255360129736,36.538906576004976,75.88151712966395,1,-1,-1,-1
30,-1,124.52982879722099,378.19083617579787,33.68430449975456,74.16990396132572,1,-1,-1,-1
31,-1,441.466052021657,323.73535343437965,23.40773702525322,61.61807406017824,1,-1,-1,-1
31,-1,217.09432882837658,348.26847551389505,26.83325951675359,58.19484772350172,1,-1,-1,-1
31,-1,142.87467484586654,381.93020115788136,21.124055364252836,69.60560217909027,1,-1,-1,-1
31,-1,60.66213504985536,360.8203054150425,37.68074740650511,75.3109794068846,1,-1,-1,-1
31,-1,117.75417657486311,372.8015975934105,20.55313494900277,63.32968722851658,1,-1,-1,-1
31,-1,12.133899753598763,393.34095561347,29.68786159300403,65.04130039685481,1,-1,-1,-1
32,-1,450.6913146972656,322.46435546875,28.7691650390625,56.81719970703125,1,-1,-1,-1
32,-1,226.61444091796875,347.7799377441406,26.401763916015625,58.8558349609375,1,-1,-1,-1
32,-1,146.11032104492188,386.7728271484375,34.984527587890625,61.54296875,1,-1,-1,-1
32,-1,1.9949970245361328,364.876220703125,26.82714080810547,63.08892822265625,1,-1,-1,-1
32,-1,127.63664245605469,375.70144653320307,25.56448364257812,61.79058837890625,1,-1,-1,-1
32,-1,75.43203143026497,363.9738112132076,21.487368355775658,71.57655067596464,1,-1,-1,-1
32,-1,24.049194057758,391.6708243008635,26.158535389639916,63.17408603139489,1,-1,-1,-1
33,-1,231.28778076171875,349.2276306152344,29.577117919921875,56.26422119140625,1,-1,-1,-1
33,-1,29.967266082763672,393.0639343261719,30.747146606445312,58.35479736328125,1,-1,-1,-1
33,-1,132.86468505859375,372.90545654296875,29.76409912109375,64.96319580078125,1,-1,-1,-1
33,-1,7.016953468322754,362.91552734375,26.332999229431152,64.21478271484375,1,-1,-1,-1
33,-1,470.38601254227126,319.80642617008726,21.124055364252836,62.75914950573711,1,-1,-1,-1
33,-1,155.12774077177292,383.1334347301855,29.11694117775394,62.75914950573711,1,-1,-1,-1
33,-1,84.33360928076326,362.5940767101261,27.975100347253807,69.60560217909033,1,-1,-1,-1
34,-1,482.8423156738281,319.47064208984375,27.61016845703125,56.41778564453125,1,-1,-1,-1
34,-1,12.420362472534178,361.50164794921875,28.11259651184082,66.75531005859375,1,-1,-1,-1
34,-1,170.26776123046875,387.26092529296875,26.19573974609375,58.20819091796875,1,-1,-1,-1
34,-1,244.22513805226794,341.2206992553734,21.198053479651076,60.549669782972785,1,-1,-1,-1
34,-1,87.54318434938091,361.5818734320543,34.404160675504684,69.2087063719394,1,-1,-1,-1
34,-1,147.41536007038906,371.851552442084,20.999942230502832,59.38553514495443,1,-1,-1,-1
34,-1,1249.4828928829504,295.2196402299049,18.85058067936466,59.91583710171995,1,-1,-1,-1
34,-1,1224.8057690845096,291.45350189779674,13.709513221356032,45.19365998529733,1,-1,-1,-1
34,-1,1236.801593153196,293.8501353818655,13.366775390822061,47.93266968137601,1,-1,-1,-1
34,-1,39.17071351946102,392.6658892221332,26.43977549832955,57.51920361765111,1,-1,-1,-1
35,-1,172.85227966308594,382.9674987792969,34.590576171875,63.98980712890625,1,-1,-1,-1
35,-1,22.180965423583984,363.2613830566406,28.862525939941406,63.69805908203125,1,-1,-1,-1
35,-1,499.4582520382699,320.8744939582355,25.691418686253485,54.201083664045676,1,-1,-1,-1
35,-1,250.79587212732014,346.4748820053952,25.91482232700353,57.15299622973057,1,-1,-1,-1
35,-1,99.77501098029961,364.33519332718606,17.872291260002463,65.63664410758119,1,-1,-1,-1
35,-1,1223.434817762374,292.98816791007243,13.366775390822294,43.13940271323832,1,-1,-1,-1
35,-1,1235.4306418310605,294.35767275811173,12.338561899220382,45.536036197307105,1,-1,-1,-1
35,-1,1242.2853984417386,298.8085635142395,22.620696815237405,54.09544149755287,1,-1,-1,-1
35,-1,157.2550371842279,373.2199188023283,21.9352211541697,56.492074981621656,1,-1,-1,-1
35,-1,81.85271446676954,365.0028897140925,20.907007662567988,56.149698769611824,1,-1,-1,-1
35,-1,51.006309718718406,389.6539769788001,18.85058067936458,56.834451193631494,1,-1,-1,-1
35,-1,0,361.60661044845875,10.905501398982288,55.122570133582315,1,-1,-1,-1
36,-1,515.6951293945312,315.02740478515625,27.22509765625,56.50970458984375,1,-1,-1,-1
36,-1,256.9078369140625,347.51263427734375,35.39276123046875,57.370849609375,1,-1,-1,-1
36,-1,57.21126937866211,389.22491455078125,29.527164459228516,58.495361328125,1,-1,-1,-1
36,-1,189.2465814641792,379.02936729921976,19.930312677820886,66.28610997382815,1,-1,-1,-1
36,-1,164.3336906169031,369.07089068343333,25.224301982867058,60.37326448320501,1,-1,-1,-1
36,-1,108.90250848171377,359.4236164618903,21.487368355775626,71.5765506759647,1,-1,-1,-1
36,-1,1234.1316216337052,296.7937557901269,25.914822327003588,63.85061297540209,1,-1,-1,-1
36,-1,1222.039858089142,295.8640006641862,14.909095628224696,41.855491918201444,1,-1,-1,-1
37,-1,2.7476625442504883,367.1312255859375,25.73765468597412,48.872802734375,1,-1,-1,-1
37,-1,195.85289001464844,378.0417175292969,29.638916015625,66.2586669921875,1,-1,-1,-1
37,-1,528.1079285466525,314.3131530878567,25.691418686253485,56.48323455516343,1,-1,-1,-1
37,-1,265.9672959049024,343.63557950164864,27.74673218115376,61.618074060178294,1,-1,-1,-1
37,-1,175.01967375556512,369.30977702672294,26.719075433703622,60.591106159175204,1,-1,-1,-1
37,-1,105.13901492895563,362.6344856702036,38.02329965565516,67.77988146619613,1,-1,-1,-1
37,-1,63.00508828349991,384.71429554176746,28.7743889286039,67.77988146619607,1,-1,-1,-1
37,-1,34.680830555352415,359.06262184026093,31.24076512248423,71.06617874940557,1,-1,-1,-1
37,-1,1231.9503921336518,293.236695681641,16.853570658182317,66.54751998499253,1,-1,-1,-1
37,-1,1218.5358311083025,296.19678995322744,12.717377396126338,41.35544245066083,1,-1,-1,-1
37,-1,125.104929834442,360.02506876908916,22.326921531922707,56.93227296849141,1,-1,-1,-1
37,-1,97.78382848616813,360.02506876908916,18.214067565515904,54.291085047272766,1,-1,-1,-1
38,-1,203.17942810058594,379.72271728515625,30.62118530273437,62.115966796875,1,-1,-1,-1
38,-1,276.2855529785156,346.4398498535156,25.64678955078125,53.485595703125,1,-1,-1,-1
38,-1,116.04972076416016,365.9195861816406,34.272682189941406,62.73797607421875,1,-1,-1,-1
38,-1,1220.017788766158,296.4818408708042,26.39097321871178,63.67200986218424,1,-1,-1,-1
38,-1,546.5685566393012,310.7934962417561,21.066963322727897,61.618074060178294,1,-1,-1,-1
38,-1,77.39228274780186,383.7644692497508,21.066963322727855,68.29336541669758,1,-1,-1,-1
38,-1,41.93812496077205,359.63072357618097,28.260560554878825,70.86078516920504,1,-1,-1,-1
38,-1,185.10728824211967,367.6528283059337,24.92638767519286,56.33644943070808,1,-1,-1,-1
38,-1,11.533425847957309,363.95682583436474,18.69479075639463,55.091445023399636,1,-1,-1,-1
38,-1,1186.5548365331165,283.5480189047357,16.202151988875354,44.19765645945056,1,-1,-1,-1
38,-1,1215.8433420514677,296.30931407964755,13.709513221356032,42.33014984848781,1,-1,-1,-1
38,-1,102.46581892940017,363.7131517273571,25.499694591722296,47.658768711768104,1,-1,-1,-1
39,-1,1215.2911376953125,297.498291015625,27.95458984375,61.32623291015625,1,-1,-1,-1
39,-1,84.6351547241211,387.8002014160156,27.163604736328125,57.91015625,1,-1,-1,-1
39,-1,279.41656494140625,346.0157775878906,36.2117919921875,57.12506103515625,1,-1,-1,-1
39,-1,558.4066569861935,314.0152923084724,28.165315009640448,51.86187900065003,1,-1,-1,-1
39,-1,216.9821712173451,370.68335498449665,23.122276817628112,71.88775307020802,1,-1,-1,-1
39,-1,130.1451760578083,358.8732241229625,21.580791696452923,70.34730121870354,1,-1,-1,-1
39,-1,17.10293383829297,363.4945796774759,21.066963322727858,57.51020245616635,1,-1,-1,-1
39,-1,48.960293009247295,365.0350315289803,26.719075433703615,59.56413825817235,1,-1,-1,-1
39,-1,188.47810398909584,350.50678375740256,15.423202374025566,56.149698769611824,1,-1,-1,-1
39,-1,198.41750107457898,368.9950992059333,18.850580679364572,52.72593664951353,1,-1,-1,-1
39,-1,111.70482994950193,361.80519875372687,20.907007662567974,56.149698769611824,1,-1,-1,-1
39,-1,1188.8530754401752,283.1811873037216,15.570090015683002,48.12831323109585,1,-1,-1,-1
40,-1,92.33354949951172,383.8884582519531,25.751602172851562,60.1326904296875,1,-1,-1,-1
40,-1,223.1595916748047,374.33959960937494,32.96897888183594,65.20892333984375,1,-1,-1,-1
40,-1,1211.7622078548798,296.21714370775476,20.246962958869155,66.23942961469159,1,-1,-1,-1
40,-1,577.6117765081881,308.1473276792114,22.608448443903132,59.05065430767083,1,-1,-1,-1
40,-1,293.75856828434036,339.1034236054638,25.691418686253485,60.077622208673866,1,-1,-1,-1
40,-1,133.95794405584365,361.18323347702767,31.343530797229267,67.2663975156946,1,-1,-1,-1
40,-1,58.380632919974275,363.23556207798265,20.039306575277724,62.131558010679754,1,-1,-1,-1
40,-1,22.92647513294447,361.1816262759767,23.636105191353206,59.05065430767083,1,-1,-1,-1
40,-1,1223.4896875976206,296.225722949277,11.751011332590751,44.313264011557756,1,-1,-1,-1
40,-1,210.3296051897624,365.21473499527343,19.095393415460233,54.584550371852586,1,-1,-1,-1
40,-1,197.9910432905419,349.66107279254123,18.801618132145475,56.051876994751844,1,-1,-1,-1
40,-1,119.84681792881238,359.05196317909656,19.976719265404547,57.22573829307123,1,-1,-1,-1
40,-1,146.8741439937715,361.1062204511555,16.74519114894203,51.649897126054064,1,-1,-1,-1
41,-1,233.2789764404297,374.3525390625,26.758468627929688,63.6817626953125,1,-1,-1,-1
41,-1,586.7357788085938,306.3799133300781,28.5181884765625,56.21588134765625,1,-1,-1,-1
41,-1,1206.045306488711,297.73190525682605,21.786323045942883,64.08279702258544,1,-1,-1,-1
41,-1,303.5683655716461,337.23690374074187,19.731009551042668,63.26122270178304,1,-1,-1,-1
41,-1,137.4465053003664,357.7904051300498,28.47935301014483,69.42624450990274,1,-1,-1,-1
41,-1,211.02672841779636,362.7230654569659,33.29607861738451,61.61807406017835,1,-1,-1,-1
41,-1,102.09511318808157,382.44084915622295,26.719075433703622,67.36909430579493,1,-1,-1,-1
41,-1,1219.0536704878405,297.613564788147,14.101213599109041,45.78059063445696,1,-1,-1,-1
41,-1,1193.7889961227697,284.4076251820536,13.807438315794577,45.19365998529733,1,-1,-1,-1
41,-1,155.98646122502808,360.57803534640476,15.765940204559477,53.4106890735332,1,-1,-1,-1
41,-1,65.16093613354417,363.6594212544932,24.67712379844089,62.997223009808415,1,-1,-1,-1
41,-1,30.887153080154015,364.00179746650304,18.16510501829678,47.59029346936612,1,-1,-1,-1
42,-1,307.490966796875,340.2786560058594,33.202392578125,57.13323974609375,1,-1,-1,-1
42,-1,1195.7053222656248,298.102294921875,25.178323237024436,64.86273193359375,1,-1,-1,-1
42,-1,111.18395233154297,381.4515380859375,27.500602722167965,61.70440673828125,1,-1,-1,-1
42,-1,606.3464649395354,306.12657568205907,18.497821454102585,54.63469233335812,1,-1,-1,-1
42,-1,246.69232443921368,369.9374477150467,23.84163654084327,67.36909430579487,1,-1,-1,-1
42,-1,147.01358389748086,360.8368089470028,22.62142003614195,71.47696590980682,1,-1,-1,-1
42,-1,1216.2099478135506,298.4533167739534,12.463193837596606,46.68766527406745,1,-1,-1,-1
42,-1,1269.8016813152153,298.76456787578053,8.72423568631739,44.19765645945056,1,-1,-1,-1
42,-1,33.78619110382182,363.72243393790285,22.43374890767356,51.97893400512844,1,-1,-1,-1
42,-1,69.30629354097162,363.72243393790285,22.745328753613467,57.27020273618949,1,-1,-1,-1
42,-1,207.14849416388356,349.71613435568264,26.36037818742087,55.71394722705383,1,-1,-1,-1
42,-1,230.39307389190535,363.41118283607574,16.825311680755153,54.78019392157254,1,-1,-1,-1
42,-1,159.97602870948555,361.5436762251131,19.62953029421439,51.04518069964709,1,-1,-1,-1
42,-1,133.49174180459318,357.4974119013605,18.071631064514815,58.51520714349793,1,-1,-1,-1
43,-1,250.84515380859375,373.56475830078125,33.62701416015625,63.60772705078125,1,-1,-1,-1
43,-1,613.162109375,304.1220703125,26.78369140625,54.4312744140625,1,-1,-1,-1
43,-1,1195.368323802412,301.0469484299937,23.122276817628403,64.69897776318716,1,-1,-1,-1
43,-1,316.85764117906365,336.4393433901658,25.691418686253485,60.248783525507605,1,-1,-1,-1
43,-1,213.06430968659956,349.4476034695368,27.06162768285367,59.90646089183995,1,-1,-1,-1
43,-1,114.3008960881382,383.38361729942903,31.227010935953086,65.23418433929946,1,-1,-1,-1
43,-1,76.27759643248305,361.8172913783667,26.376523184553577,66.75291356519315,1,-1,-1,-1
43,-1,35.856431032777564,359.7633555763607,27.404179932003714,58.19484772350166,1,-1,-1,-1
43,-1,1209.7247018569308,295.8961960131193,15.765940204559623,49.30217452941523,1,-1,-1,-1
43,-1,1264.5627547423553,307.19171807739474,12.338561899220382,36.2947714050907,1,-1,-1,-1
43,-1,155.81004194010833,364.9068178023256,26.21944403584346,56.748857140628964,1,-1,-1,-1
43,-1,167.1203903477271,352.067709851957,19.02194959463153,54.181035550555286,1,-1,-1,-1
43,-1,140.90094631188362,356.6897887140896,18.25078947593027,61.627718161769074,1,-1,-1,-1
43,-1,238.58122801404556,362.3389962122518,21.078376577834945,56.23529282261424,1,-1,-1,-1
44,-1,158.90664672851562,361.3465576171875,36.25189208984375,65.33355712890625,1,-1,-1,-1
44,-1,1187.2649937747403,299.4611965177062,20.142072250022615,65.72594566419018,1,-1,-1,-1
44,-1,631.2261062194185,301.47463085322784,18.908884153082592,56.688628135364,1,-1,-1,-1
44,-1,328.836046470807,336.867257570189,21.786323045942883,60.79649973937595,1,-1,-1,-1
44,-1,263.47707733297807,370.5518047230865,26.719075433703562,56.68862813536394,1,-1,-1,-1
44,-1,228.3942192851641,343.84806777532765,14.387194464301977,65.72594566419018,1,-1,-1,-1
44,-1,126.45066993811027,382.0512736926382,22.60844844390307,59.97492541857355,1,-1,-1,-1
44,-1,43.883920907457686,361.35971247395173,16.7084692385277,50.84286748345952,1,-1,-1,-1
44,-1,84.498353825725,368.29283076715075,15.680255746925999,53.4106890735332,1,-1,-1,-1
44,-1,146.204814116399,357.26204642501716,20.564269832034107,55.72172850459952,1,-1,-1,-1
44,-1,177.3082722373506,360.0866501740983,15.680255746925985,48.78861021140051,1,-1,-1,-1
44,-1,244.40761000737615,362.3976896051646,22.612289372223163,55.978510663606876,1,-1,-1,-1
44,-1,1208.4846733872089,296.61689290508775,13.086353529476318,49.48892519051155,1,-1,-1,-1
44,-1,1266.1269448860926,316.84821452385034,12.463193837596137,33.926370099155676,1,-1,-1,-1
45,-1,1178.5576171875,302.6506652832031,27.7470703125,61.008056640625,1,-1,-1,-1
45,-1,229.62026977539062,346.00665283203125,30.247650146484375,61.3924560546875,1,-1,-1,-1
45,-1,273.3478088378906,370.45361328125,31.0931396484375,63.59149169921875,1,-1,-1,-1
45,-1,169.97866821289062,361.987060546875,26.556854248046875,61.9195556640625,1,-1,-1,-1
45,-1,642.2504367931289,302.6908307544588,23.673312176888633,51.006072416480855,1,-1,-1,-1
45,-1,332.6817796042283,338.32077854112873,34.59777716415473,57.85252508983406,1,-1,-1,-1
45,-1,134.2182127656314,380.1178910706531,28.089284430303774,59.22181562450469,1,-1,-1,-1
45,-1,85.23324113717474,368.1365988922852,30.144597925204078,64.3566551295195,1,-1,-1,-1
45,-1,50.63546397302004,359.92085568426137,21.923343945602966,61.61807406017824,1,-1,-1,-1
45,-1,153.38435425980893,357.13586647196576,19.00637060233453,51.66768290330134,1,-1,-1,-1
45,-1,1203.8033238719129,297.8451065121278,16.260120332306094,43.71268381241761,1,-1,-1,-1
46,-1,141.2562713623047,383.5958557128906,27.56146240234375,57.1153564453125,1,-1,-1,-1
46,-1,278.120361328125,369.30487060546875,32.54498291015625,65.7476806640625,1,-1,-1,-1
46,-1,234.84344482421875,354.5811462402344,30.3748779296875,52.557373046875,1,-1,-1,-1
46,-1,343.1861944905398,336.8919513846394,24.67712379844088,55.0084447295791,1,-1,-1,-1
46,-1,178.37465211322748,362.2799766264907,22.41505411691717,63.065698252210346,1,-1,-1,-1
46,-1,93.7443445425385,365.7105930603635,24.67712379844091,61.3342528371892,1,-1,-1,-1
46,-1,54.377733357454495,369.8191076044814,25.55917286928969,49.00870920483542,1,-1,-1,-1
46,-1,265.9321799361608,356.74810589463743,22.10731329034108,60.34380736673221,1,-1,-1,-1
46,-1,660.1871991308069,304.088492500318,15.308956430514252,44.50890756127766,1,-1,-1,-1
46,-1,1195.844482672804,298.9679388143781,15.76594020455939,42.454650289218705,1,-1,-1,-1
47,-1,667.6743774414062,298.51275634765625,25.50439453125,50.14013671875,1,-1,-1,-1
47,-1,182.89752197265625,361.9831237792969,31.949096679687504,66.9869384765625,1,-1,-1,-1
47,-1,354.3727501517159,334.3768350586683,19.193318509898514,57.176827405641326,1,-1,-1,-1
47,-1,295.0273951746818,365.6801277307152,21.24974549310193,66.42098512990665,1,-1,-1,-1
47,-1,275.49133883424946,355.0664651584105,25.362599459508704,59.57346088971012,1,-1,-1,-1
47,-1,249.4432637136729,350.9579506142926,17.479629357229012,53.41068907353314,1,-1,-1,-1
47,-1,153.81940899471442,381.08705727115745,19.53605634043237,58.88870846569045,1,-1,-1,-1
47,-1,100.66888877258162,371.15573634616504,22.27795898470361,54.437817709562644,1,-1,-1,-1
47,-1,63.99594090545416,363.281083469939,17.136891526695063,52.3835604375037,1,-1,-1,-1
47,-1,1196.1460390996688,299.1118177402403,11.82445515341966,44.936877826289965,1,-1,-1,-1
47,-1,1249.6131406629574,311.95092569060887,20.564269832034046,51.86999611948897,1,-1,-1,-1
48,-1,253.17398071289062,349.2828369140625,32.52294921875,55.4776611328125,1,-1,-1,-1
48,-1,300.8338623046875,366.1781311035156,32.373046875,64.47454833984375,1,-1,-1,-1
48,-1,105.79242706298828,363.7144775390625,30.48926544189453,60.71405029296875,1,-1,-1,-1
48,-1,1237.1614990234375,300.9540100097656,27.1455078125,64.433837890625,1,-1,-1,-1
48,-1,359.76446533203125,333.87847900390625,30.54498291015625,59.4853515625,1,-1,-1,-1
48,-1,66.87912110450849,359.07220949414625,29.0191928727748,58.66045765768389,1,-1,-1,-1
48,-1,162.17100187854743,380.99709611428887,26.359654966516416,62.001219483961584,1,-1,-1,-1
48,-1,190.21318801313933,358.4002661216402,22.433748907673568,64.98923006150194,1,-1,-1,-1
48,-1,291.1767038662726,355.2820713953751,14.394988882423856,54.78019392157248,1,-1,-1,-1
48,-1,1159.8911544882237,308.1151703044642,26.505058894621552,56.834451193631494,1,-1,-1,-1
48,-1,1191.8800186713877,298.98513798420214,13.252529447310893,50.67167937745457,1,-1,-1,-1
48,-1,683.7174846047525,301.31804463599053,20.564269832034046,46.47757078033413,1,-1,-1,-1
49,-1,253.17398071289062,349.2828369140625,32.52294921875,55.4776611328125,1,-1,-1,-1
49,-1,309.31662361040156,365.4077846264935,32.373046875,64.47454833984375,1,-1,-1,-1
49,-1,106.6737529129326,363.7144775390625,30.48926544189453,60.71405029296875,1,-1,-1,-1
49,-1,1229.9640045822257,300.61163379775576,29.97245240041741,64.433837890625,1,-1,-1,-1
49,-1,363.87731929843807,333.87847900390625,30.54498291015625,59.4853515625,1,-1,-1,-1
49,-1,70.11064922097098,357.8983481958268,29.0191928727748,58.66045765768389,1,-1,-1,-1
49,-1,165.59838018388646,381.3394723262987,30.052642511305866,61.5990871444584,1,-1,-1,-1
49,-1,200.15258509862252,357.7155136976205,22.433748907673568,64.98923006150194,1,-1,-1,-1
49,-1,295.80366457848027,357.3363286674341,20.292071869003276,54.78019392157248,1,-1,-1,-1
49,-1,1154.0646113691473,308.1151703044642,26.505058894621552,56.834451193631494,1,-1,-1,-1
49,-1,1187.424426874447,299.3951743664891,16.303025900636623,47.52263329908906,1,-1,-1,-1
49,-1,695.0156510450174,299.29031541962127,18.919128245471338,45.809937166915006,1,-1,-1,-1
49,-1,217.97357316852606,353.3387632805533,22.003768720276494,47.45334298456219,1,-1,-1,-1
49,-1,1178.4361359716474,300.94192065113776,12.338561899220382,39.77789081350544,1,-1,-1,-1
50,-1,267.22623176478055,348.5980844900428,26.160934559625325,55.4776611328125,1,-1,-1,-1
50,-1,318.22780720428307,364.7230322024738,31.025625497148788,64.47454833984375,1,-1,-1,-1
50,-1,115.58493650681403,362.3449726910232,27.2824645408521,60.71405029296875,1,-1,-1,-1
50,-1,1225.4004206226489,311.1777071093365,23.90668690064396,54.697492800618924,1,-1,-1,-1
50,-1,375.1876677060568,328.74283582375875,27.532866558663677,59.4853515625,1,-1,-1,-1
50,-1,81.07825979805584,361.5177882506461,21.688815077143822,55.04101760286463,1,-1,-1,-1
50,-1,175.53777726936957,380.9970961142888,30.052642511305866,61.5990871444584,1,-1,-1,-1
50,-1,203.92270123449543,358.4002661216402,38.373505808233745,63.02612690060356,1,-1,-1,-1
50,-1,306.08579949449734,352.8854379113063,20.292071869003276,54.78019392157248,1,-1,-1,-1
50,-1,1145.4961656057997,308.3434211124707,26.505058894621552,56.834451193631494,1,-1,-1,-1
50,-1,1183.0830810210175,300.5364284065218,16.303025900636623,47.52263329908906,1,-1,-1,-1
50,-1,704.7102353944049,297.52952347214216,18.919128245471338,45.809937166915006,1,-1,-1,-1
50,-1,224.4855919486702,351.9692584325139,22.003768720276494,47.45334298456219,1,-1,-1,-1
50,-1,1174.0947901182178,300.7136698431313,12.338561899220382,39.77789081350544,1,-1,-1,-1
50,-1,1198.7460508863505,292.4309865734791,16.90839963967247,45.65016160131038,1,-1,-1,-1
50,-1,1245.194253556886,296.2872348189578,15.423202374025653,57.005639299636385,1,-1,-1,-1
51,-1,275.1092018670604,346.54382721798385,30.154538008658797,55.4776611328125,1,-1,-1,-1
51,-1,326.45351513709676,363.35352735443445,35.36196677671617,64.47454833984375,1,-1,-1,-1
51,-1,121.75421745642429,360.97546784298385,27.2824645408521,60.71405029296875,1,-1,-1,-1
51,-1,1225.4004206226489,311.1777071093365,23.90668690064396,54.697492800618924,1,-1,-1,-1
51,-1,384.44158913047204,329.42758824777843,31.526470007697323,59.4853515625,1,-1,-1,-1
51,-1,83.82016244232705,362.2025406746658,21.688815077143822,55.04101760286463,1,-1,-1,-1
51,-1,185.81991218538664,378.94283884222983,30.67472958205206,61.5990871444584,1,-1,-1,-1
51,-1,208.3782930314362,357.71551369762057,38.373505808233745,63.02612690060356,1,-1,-1,-1
51,-1,318.42436139371773,349.80405200321786,20.292071869003276,54.78019392157248,1,-1,-1,-1
51,-1,1145.4961656057997,308.3434211124707,26.505058894621552,56.834451193631494,1,-1,-1,-1
51,-1,1183.0830810210175,300.5364284065218,16.303025900636623,47.52263329908906,1,-1,-1,-1
51,-1,720.9103522491968,250.26947262801872,83.01432867813034,33.278967807355286,1,-1,-1,-1
51,-1,714.8210013951551,293.04610018633883,22.713526724478864,50.63573666472809,1,-1,-1,-1
51,-1,227.2274945929414,351.9692584325139,28.339259855362048,47.45334298456219,1,-1,-1,-1
51,-1,1174.0947901182178,300.7136698431313,12.338561899220382,39.77789081350544,1,-1,-1,-1
51,-1,1198.7460508863505,292.4309865734791,16.90839963967247,45.65016160131038,1,-1,-1,-1
51,-1,1233.6711713234185,295.0475968099567,24.273533577294177,56.478400205256165,1,-1,-1,-1
51,-1,1266.0593492073353,290.9506115286612,13.161132692501678,57.10835216323928,1,-1,-1,-1
52,-1,278.19384234186555,344.8319461579347,30.154538008658797,55.4776611328125,1,-1,-1,-1
52,-1,340.50576618898674,364.0382797784541,28.663625628128006,64.47454833984375,1,-1,-1,-1
52,-1,129.25218722247928,367.9451508463847,35.988195426964126,60.94585866979832,1,-1,-1,-1
52,-1,1212.6048749493837,316.0281973885908,24.461690271632143,51.44475817741041,1,-1,-1,-1
52,-1,390.2681322495484,330.4547168838079,31.526470007697323,59.4853515625,1,-1,-1,-1
52,-1,91.36039471407288,360.1482834026068,21.688815077143822,55.04101760286463,1,-1,-1,-1
52,-1,188.21907699912398,379.2852150542396,38.0286394853539,62.61609051831684,1,-1,-1,-1
52,-1,222.1341392971666,357.37313748561075,25.645873034105016,63.02612690060356,1,-1,-1,-1
52,-1,320.8426344909302,350.1464282152277,27.127720196206084,54.78019392157248,1,-1,-1,-1
52,-1,1130.8726848363533,306.92259427229715,31.91095439125222,62.13554176991635,1,-1,-1,-1
52,-1,1175.9998325233169,300.9929300225349,16.303025900636623,47.52263329908906,1,-1,-1,-1
52,-1,727.7422176062831,294.24271183684783,18.919128245471338,45.809937166915006,1,-1,-1,-1
52,-1,238.1951051700262,349.57262494844514,28.339259855362048,47.45334298456219,1,-1,-1,-1
52,-1,1165.4120984113592,299.604103755843,14.285404791641445,52.071746493114794,1,-1,-1,-1
52,-1,1197.1466076771924,291.974484957466,16.90839963967247,45.65016160131038,1,-1,-1,-1
52,-1,1231.48474033553,295.60248239493814,15.423202374025653,57.005639299636385,1,-1,-1,-1
52,-1,1261.058213358389,291.6082538639386,17.13689152669504,54.32369230555937,1,-1,-1,-1
53,-1,289.29854805116395,346.0645005211701,24.088107681435865,55.28046462896824,1,-1,-1,-1
53,-1,352.02175729492586,362.39487396080693,27.993132693464442,67.70969299815692,1,-1,-1,-1
53,-1,135.96311241480498,364.2474877566785,29.360800527149326,63.39197047581468,1,-1,-1,-1
53,-1,1205.554268149829,315.4412667394311,24.461690271632143,51.44475817741041,1,-1,-1,-1
53,-1,403.42926494205017,328.81131106616084,25.939872643221953,57.87836569922466,1,-1,-1,-1
53,-1,97.9409610603238,360.1482834026068,21.688815077143822,55.04101760286463,1,-1,-1,-1
53,-1,201.38020969162582,376.8201063277688,27.281654332993487,63.55574699148988,1,-1,-1,-1
53,-1,230.7711326266209,357.37313748561075,25.645873034105016,63.02612690060356,1,-1,-1,-1
53,-1,337.29405035655753,350.9681311240512,22.15656979979862,56.53960584226403,1,-1,-1,-1
53,-1,1126.3863856291944,306.6291289477173,24.940017549135064,62.13554176991635,1,-1,-1,-1
53,-1,1166.599023457244,302.1667913208544,21.480894888957277,47.52263329908906,1,-1,-1,-1
53,-1,706.1497763475368,247.43916260873752,83.01432867813034,33.278967807355286,1,-1,-1,-1
53,-1,739.3953038444357,293.32970860482163,18.919128245471338,45.809937166915006,1,-1,-1,-1
53,-1,241.8966737397924,347.92921913079795,24.60344677576968,53.004894564928605,1,-1,-1,-1
53,-1,1157.4801657618602,299.31063843126316,14.285404791641445,52.071746493114794,1,-1,-1,-1
53,-1,1192.446203144156,293.1483462557854,16.90839963967247,45.65016160131038,1,-1,-1,-1
53,-1,1226.7843358024936,294.4286210966187,15.423202374025653,57.005639299636385,1,-1,-1,-1
53,-1,1257.2391346752968,292.19518451309835,17.13689152669504,54.32369230555937,1,-1,-1,-1
54,-1,356.5606384277344,365.7010192871094,34.8916015625,59.62091064453125,1,-1,-1,-1
54,-1,299.1884460449219,348.85693359375,25.317321777343754,50.17999267578125,1,-1,-1,-1
54,-1,412.8585205078125,330.1672058105469,25.580322265625,54.65179443359375,1,-1,-1,-1
54,-1,234.35433959960938,348.3780517578125,36.8258056640625,70.9456787109375,1,-1,-1,-1
54,-1,139.5314483642578,351.937255859375,29.683746337890625,70.4949951171875,1,-1,-1,-1
54,-1,1117.3818880071262,308.162491937916,22.849188702259976,65.50798189788048,1,-1,-1,-1
54,-1,1146.4003576589967,300.40196446569325,20.564269832034046,48.16092048938245,1,-1,-1,-1
54,-1,1163.0802654116465,303.14097416177185,19.421810396920968,48.84567291340212,1,-1,-1,-1
54,-1,1197.8110322390817,312.9557589060536,21.02125360607942,57.06270200163805,1,-1,-1,-1
54,-1,1221.5741884894321,298.5759580016408,17.822367187762982,57.97570523366428,1,-1,-1,-1
54,-1,1250.8204268074207,302.45622173775223,21.205752916658703,48.160920489382505,1,-1,-1,-1
54,-1,348.06496895499197,350.0652052318713,19.330413642112102,54.64324343676856,1,-1,-1,-1
54,-1,216.45364202997385,379.2356584951086,18.096557452189984,60.806015252945535,1,-1,-1,-1
54,-1,148.59155158426128,358.693085774519,18.50784284883069,68.20134143235776,1,-1,-1,-1
54,-1,257.1708962974013,348.0109479598123,29.612548558129156,52.58898616470961,1,-1,-1,-1
54,-1,103.76144335042699,357.8713828656954,31.668975541332514,58.751757980886524,1,-1,-1,-1
54,-1,749.5223739667006,291.1763440289899,19.87879417096634,48.61742210539562,1,-1,-1,-1
55,-1,1107.6558837890625,309.25665283203125,32.692626953125,64.69256591796875,1,-1,-1,-1
55,-1,1188.0277099609375,312.9316101074219,30.1533203125,55.07012939453125,1,-1,-1,-1
55,-1,218.39791870117188,379.95068359375,33.157012939453125,57.125,1,-1,-1,-1
55,-1,300.7220153808594,348.1461181640625,33.2529296875,51.1700439453125,1,-1,-1,-1
55,-1,418.61370849609375,328.6208801269531,28.091064453125,55.03753662109375,1,-1,-1,-1
55,-1,261.393310546875,345.3377685546875,25.01873779296875,47.1636962890625,1,-1,-1,-1
55,-1,148.3660125732422,355.6540222167969,34.68359375,66.52490234375,1,-1,-1,-1
55,-1,246.81460571289062,348.39239501953125,25.7095947265625,68.37860107421875,1,-1,-1,-1
55,-1,110.0307560828516,357.9223063416799,25.264674365070437,61.92118348634889,1,-1,-1,-1
55,-1,352.6891401008539,346.4771586830657,21.445595681978435,58.69306491597055,1,-1,-1,-1
55,-1,373.2736601182129,358.80394214344045,20.564269832034107,66.91009400420643,1,-1,-1,-1
55,-1,759.5448533495234,290.6433661252131,18.76489622173105,50.842867483459464,1,-1,-1,-1
55,-1,1144.0910702621845,301.4500194088691,17.13689152669504,47.59029346936612,1,-1,-1,-1
55,-1,1159.1715348056762,301.79239562087884,19.193318509898397,51.01405558946441,1,-1,-1,-1
55,-1,1217.3267958820395,296.6567524407314,19.303488624298392,61.285341949759236,1,-1,-1,-1
55,-1,1242.7988422350438,297.68388107676094,25.70606051094719,53.06831286152337,1,-1,-1,-1
56,-1,379.318603515625,354.61322021484375,27.81280517578125,68.25421142578125,1,-1,-1,-1
56,-1,155.4521026611328,360.469482421875,29.69122314453125,63.8944091796875,1,-1,-1,-1
56,-1,119.69592969478443,358.25879763454907,15.276314732368172,57.812668942230985,1,-1,-1,-1
56,-1,231.03676207108327,376.74711308307974,23.208247381867068,60.16039153886981,1,-1,-1,-1
56,-1,253.36368360300602,355.9110750379102,28.20242719821817,61.3342528371892,1,-1,-1,-1
56,-1,270.4026500352628,347.10711530051464,18.50784284883069,47.834847906515975,1,-1,-1,-1
56,-1,311.8249649826458,347.40058062509445,21.15182039866368,50.47603582773468,1,-1,-1,-1
56,-1,368.5491140285973,345.34012421293073,15.276314732368187,56.051876994751844,1,-1,-1,-1
56,-1,432.8859010745325,328.0256700627194,17.62651699888636,56.6388076439116,1,-1,-1,-1
56,-1,765.0581830150584,292.4565767818665,22.180033890265356,46.36752128361671,1,-1,-1,-1
56,-1,1101.9999669101323,306.4524503387608,26.962042668666925,68.70349320997222,1,-1,-1,-1
56,-1,1138.9158048533511,300.06450202887373,16.60960255664283,49.77623389989044,1,-1,-1,-1
56,-1,1155.5246841890894,300.8546009796657,15.344832249422417,52.77860991289965,1,-1,-1,-1
56,-1,1185.7502475018132,313.97981249189627,20.722456523049782,55.78098592590896,1,-1,-1,-1
56,-1,1209.9528112272071,296.28159599415744,19.931523067971582,60.205540050343615,1,-1,-1,-1
56,-1,1238.9033122429155,294.0686513322366,24.203286946298313,58.46732235860141,1,-1,-1,-1
57,-1,439.92413330078125,328.16424560546875,27.89556884765625,54.41802978515625,1,-1,-1,-1
57,-1,1096.286376953125,305.5455322265625,25.5107421875,68.56402587890625,1,-1,-1,-1
57,-1,1202.4482421875,296.8364562988281,29.4814453125,58.9920654296875,1,-1,-1,-1
57,-1,386.185791015625,354.7227478027344,29.6600341796875,67.9632568359375,1,-1,-1,-1
57,-1,124.18408820285117,359.33994494332444,25.294051893401942,59.368035162504206,1,-1,-1,-1
57,-1,170.86498072156854,360.5724993065598,16.451415865627272,61.83314388897499,1,-1,-1,-1
57,-1,242.0173543404065,373.92517157494314,20.564269832034107,64.2982526154457,1,-1,-1,-1
57,-1,260.12975033040425,351.11076554048316,32.49154633461384,65.9416584330929,1,-1,-1,-1
57,-1,279.0488785758757,344.7425679971004,26.32226538500359,50.32930316544474,1,-1,-1,-1
57,-1,320.8193697781992,342.47594196091814,19.741699038752753,54.232391982356795,1,-1,-1,-1
57,-1,372.4574560058291,344.52846347374776,23.854553005159584,58.54633225368061,1,-1,-1,-1
57,-1,1130.7679049353599,299.5285499591664,19.816478201778345,50.796179818185415,1,-1,-1,-1
57,-1,1148.3410082463708,302.703311197803,20.003426109342094,50.98293047928173,1,-1,-1,-1
57,-1,1178.251950235698,314.28185218577164,24.67784701934551,56.772200973266074,1,-1,-1,-1
57,-1,1235.0961459010935,292.0574715400251,18.50784284883069,59.760211550806375,1,-1,-1,-1
57,-1,775.3744319508088,291.9171631379679,18.50784284883069,47.24791725735634,1,-1,-1,-1
58,-1,444.2455749511719,326.636962890625,29.6854248046875,55.25067138671875,1,-1,-1,-1
58,-1,322.8109436035156,343.24884033203125,32.5794677734375,52.6033935546875,1,-1,-1,-1
58,-1,245.6204071044922,372.8455505371094,28.911422729492188,60.8734130859375,1,-1,-1,-1
58,-1,1083.8450927734375,306.34539794921875,33.128173828125,68.72564697265625,1,-1,-1,-1
58,-1,1167.7890625,315.70318603515625,28.883544921875,56.58477783203125,1,-1,-1,-1
58,-1,174.85726928710938,355.5207214355469,26.466949462890625,66.233642578125,1,-1,-1,-1
58,-1,269.3418273925781,350.5741271972656,26.58953857421875,65.19757080078125,1,-1,-1,-1
58,-1,380.39190673828125,349.56634521484375,25.12786865234375,53.66229248046875,1,-1,-1,-1
58,-1,1228.715222911385,293.850088587651,18.96482662287583,58.432206849677335,1,-1,-1,-1
58,-1,1198.5535706034968,299.55635878781476,23.535387584232666,57.062702001637994,1,-1,-1,-1
58,-1,1144.8587003740902,302.9801209079131,21.478237380124558,49.9869269534349,1,-1,-1,-1
58,-1,1125.6653818641917,300.24111121183444,16.222923978604527,48.61742210539562,1,-1,-1,-1
58,-1,781.1643990336191,294.9772814035414,20.564269832034046,42.11227407720881,1,-1,-1,-1
58,-1,132.56086892158902,366.8739730062552,20.56426983203408,50.91623381460449,1,-1,-1,-1
58,-1,287.7206079669467,346.46490811573193,23.502022665181794,47.68811524422603,1,-1,-1,-1
58,-1,404.68722429329034,358.6972536302495,16.96552261142817,61.627718161769074,1,-1,-1,-1
59,-1,454.5277098671889,325.2674580425857,25.084920187819613,55.25067138671875,1,-1,-1,-1
59,-1,328.637486722592,342.22171169600165,28.960475662347623,52.6033935546875,1,-1,-1,-1
59,-1,252.1324258846363,372.5031743250995,28.911422729492188,60.8734130859375,1,-1,-1,-1
59,-1,1075.3223157745433,306.6021801082261,31.111762538101274,68.72564697265625,1,-1,-1,-1
59,-1,1162.9974949110742,316.216750353171,26.220564696688605,56.58477783203125,1,-1,-1,-1
59,-1,177.25643410084666,354.1512165875076,26.466949462890625,66.233642578125,1,-1,-1,-1
59,-1,276.19658400325613,345.4384840171182,26.58953857421875,65.19757080078125,1,-1,-1,-1
59,-1,393.24197353956083,337.9784708441767,22.217198936547184,65.25016685113583,1,-1,-1,-1
59,-1,1218.9471947411682,294.62043506467313,26.565156091847374,58.432206849677335,1,-1,-1,-1
59,-1,1193.8438996591253,297.75888367476307,19.50524384999002,61.38279778948822,1,-1,-1,-1
59,-1,1141.6420859828534,301.43942795386886,18.782624194651643,49.9869269534349,1,-1,-1,-1
59,-1,1118.7249407958807,299.7275468938197,20.090281305972365,48.61742210539562,1,-1,-1,-1
59,-1,789.8013923630733,293.3338755858942,20.564269832034046,42.11227407720881,1,-1,-1,-1
59,-1,139.07288770173312,362.4230822501273,20.56426983203408,53.633076058559105,1,-1,-1,-1
59,-1,407.0863891070277,358.0125012062299,38.25245789459062,61.627718161769074,1,-1,-1,-1
59,-1,243.12352698661647,348.5950263485302,20.564269832034046,62.99722300980835,1,-1,-1,-1
60,-1,464.19291668824496,323.2132007705267,25.084920187819613,55.25067138671875,1,-1,-1,-1
60,-1,339.7421924318904,341.400008787178,23.266162292947698,52.6033935546875,1,-1,-1,-1
60,-1,265.49920127545846,372.09232287068767,24.917280942299232,60.8734130859375,1,-1,-1,-1
60,-1,1068.3911778609613,306.96901176395096,27.02632732737932,68.72564697265625,1,-1,-1,-1
60,-1,1151.7806204572373,315.2829970476896,26.220564696688605,56.58477783203125,1,-1,-1,-1
60,-1,188.39448845983534,354.41242575631264,20.058677165269753,65.56158195490816,1,-1,-1,-1
60,-1,286.68436161759354,347.2873155619713,31.905170270050906,65.19757080078125,1,-1,-1,-1
60,-1,400.09673015023884,336.2665897841275,24.662914229622732,62.87154577608379,1,-1,-1,-1
60,-1,1212.09243813049,295.55418837015446,24.318698191483552,58.432206849677335,1,-1,-1,-1
60,-1,1189.4817818159668,298.07013477659024,19.50524384999002,61.38279778948822,1,-1,-1,-1
60,-1,1136.0336487559352,299.1341342796282,18.782624194651643,49.80221181305863,1,-1,-1,-1
60,-1,1109.08102668526,302.840057912091,25.06049772749479,48.61742210539562,1,-1,-1,-1
60,-1,796.1469384826725,290.28183621026375,20.564269832034046,45.332556475299036,1,-1,-1,-1
60,-1,140.5123865899755,361.4644288564997,28.552411448652258,53.633076058559105,1,-1,-1,-1
60,-1,407.0863891070277,358.0125012062299,38.25245789459062,61.627718161769074,1,-1,-1,-1
60,-1,244.56302587485894,347.5678977125008,24.055330320942677,62.99722300980835,1,-1,-1,-1
60,-1,301.1099025304154,344.545626399922,27.35047887660533,46.220788621326776,1,-1,-1,-1
61,-1,466.8662717664094,324.2403294065562,35.16531779840034,55.25067138671875,1,-1,-1,-1
61,-1,346.25421121203453,341.0576325751681,29.977768518291846,52.6033935546875,1,-1,-1,-1
61,-1,269.9547930723993,372.09232287068767,34.64498007634174,60.8734130859375,1,-1,-1,-1
61,-1,1055.758840678426,308.72980371143007,35.50886473359026,68.72564697265625,1,-1,-1,-1
61,-1,1142.967361957794,315.86992769684935,32.32007448224719,56.58477783203125,1,-1,-1,-1
61,-1,196.96293422318286,352.01579227224386,24.677770392368732,65.56158195490816,1,-1,-1,-1
61,-1,290.7972155840003,347.6296917739811,31.905170270050906,65.19757080078125,1,-1,-1,-1
61,-1,409.47682607121044,335.58183736010784,24.490189253728325,62.19986435377405,1,-1,-1,-1
61,-1,1203.2791796310469,294.3803270718351,24.318698191483552,58.432206849677335,1,-1,-1,-1
61,-1,1182.431175016412,298.07013477659024,19.50524384999002,61.38279778948822,1,-1,-1,-1
61,-1,1126.9266149731773,302.9491834991662,23.97747295173775,49.80221181305863,1,-1,-1,-1
61,-1,1105.9557463568506,300.7858006400321,19.6662948397758,48.61742210539562,1,-1,-1,-1
61,-1,802.9037699989123,289.98837088568393,25.35095658692055,45.332556475299036,1,-1,-1,-1
61,-1,148.05261886172136,356.32878567635225,28.552411448652258,57.219579382275164,1,-1,-1,-1
61,-1,429.36434809173136,352.5344818140727,25.35459483085849,65.78979262039888,1,-1,-1,-1
61,-1,255.18789862140986,344.4865118044123,24.055330320942677,58.77320930162684,1,-1,-1,-1
61,-1,307.9646591410935,342.4913691278631,27.35047887660533,46.220788621326776,1,-1,-1,-1
61,-1,0,401.07415915862725,28.81753764717135,71.8990045220639,1,-1,-1,-1
62,-1,479.8217617605908,323.8294779521444,25.493572715977237,55.25067138671875,1,-1,-1,-1
62,-1,349.9557797818007,340.8522068479623,29.977768518291846,52.6033935546875,1,-1,-1,-1
62,-1,278.5917864018536,371.47604568907,29.055930648609234,60.8734130859375,1,-1,-1,-1
62,-1,1048.3557035388935,308.3189522570183,35.50886473359026,68.72564697265625,1,-1,-1,-1
62,-1,1137.620651801465,315.4590762424376,32.32007448224719,56.58477783203125,1,-1,-1,-1
62,-1,196.96293422318286,352.01579227224386,33.533839387466564,65.56158195490816,1,-1,-1,-1
62,-1,306.63170335466657,350.0948005004519,24.253638605994766,65.19757080078125,1,-1,-1,-1
62,-1,423.46052955699366,334.7667759497813,19.3394246301907,60.96066849204158,1,-1,-1,-1
62,-1,1197.1098986814366,295.6128814350705,24.318698191483552,58.432206849677335,1,-1,-1,-1
62,-1,1177.0844648600832,298.89183768541386,19.50524384999002,61.38279778948822,1,-1,-1,-1
62,-1,1119.9347632302856,303.7708864079898,23.97747295173775,49.80221181305863,1,-1,-1,-1
62,-1,1100.6090362005216,302.4292064576793,19.6662948397758,48.61742210539562,1,-1,-1,-1
62,-1,812.3633341216479,289.5775194312722,21.339977878654455,45.332556475299036,1,-1,-1,-1
62,-1,157.3065402861367,357.56134003958766,21.351711589074633,57.219579382275164,1,-1,-1,-1
62,-1,434.7110582480601,351.30192745083735,31.120878151002405,65.78979262039888,1,-1,-1,-1
62,-1,263.3943420648727,343.7528484929627,21.152543619568075,58.77320930162684,1,-1,-1,-1
62,-1,307.9646591410935,342.4913691278631,27.35047887660533,46.220788621326776,1,-1,-1,-1
62,-1,4.56911451954756,400.3894067346076,28.81753764717135,71.8990045220639,1,-1,-1,-1
63,-1,489.6926112799672,323.0077750433207,23.876466271189535,55.25067138671875,1,-1,-1,-1
63,-1,361.4717708877398,340.85220684796224,21.696403571016276,52.6033935546875,1,-1,-1,-1
63,-1,290.10777750779266,371.0651942346582,25.609591901891548,60.8734130859375,1,-1,-1,-1
63,-1,1042.2416266803398,307.49724934819466,28.050523503001454,68.72564697265625,1,-1,-1,-1
63,-1,1135.6034117177746,314.63737333361405,23.643894253279804,56.58477783203125,1,-1,-1,-1
63,-1,204.36607136271513,361.87622717812684,29.094218718832696,59.70867326464084,1,-1,-1,-1
63,-1,316.9138382706836,345.5754345019222,29.23865049041113,65.19757080078125,1,-1,-1,-1
63,-1,425.1056711435564,334.35592449536944,26.770596911498195,60.96066849204158,1,-1,-1,-1
63,-1,1190.529332335186,296.43458434389413,24.318698191483552,58.432206849677335,1,-1,-1,-1
63,-1,1165.5684737541444,300.1243920486492,28.438187507511238,61.38279778948822,1,-1,-1,-1
63,-1,1119.1121924370045,305.6876298976803,19.370940278159043,47.06376541454443,1,-1,-1,-1
63,-1,1093.61718445763,301.6075035488558,19.6662948397758,48.61742210539562,1,-1,-1,-1
63,-1,812.3633341216479,289.5775194312722,21.339977878654455,45.332556475299036,1,-1,-1,-1
63,-1,162.65325044246558,356.7396371307641,21.351711589074633,57.219579382275164,1,-1,-1,-1
63,-1,447.87219094056195,349.65852163319016,27.036059326370815,65.78979262039888,1,-1,-1,-1
63,-1,266.49824702902856,345.10278898603,24.055330320942677,58.77320930162684,1,-1,-1,-1
63,-1,307.9646591410935,342.4913691278631,27.35047887660533,46.220788621326776,1,-1,-1,-1
63,-1,9.915824675876422,402.0328125522547,45.869174056896874,71.8990045220639,1,-1,-1,-1
64,-1,493.805465246374,323.4186264977325,31.457902455009254,55.25067138671875,1,-1,-1,-1
64,-1,368.8749080272721,340.4413553935504,21.696403571016276,52.6033935546875,1,-1,-1,-1
64,-1,295.86577306076225,370.65434278024634,36.782869284660244,60.8734130859375,1,-1,-1,-1
64,-1,1026.6715366646567,308.0841799973544,41.09276089275142,68.72564697265625,1,-1,-1,-1
64,-1,1121.5021981186658,318.4524225531522,31.45693160002659,56.58477783203125,1,-1,-1,-1
64,-1,218.46570178601124,359.821969906068,18.833265067083065,59.70867326464084,1,-1,-1,-1
64,-1,316.9138382706836,345.5754345019222,29.23865049041113,65.19757080078125,1,-1,-1,-1
64,-1,435.38780605957345,330.24740995125154,26.770596911498195,60.96066849204158,1,-1,-1,-1
64,-1,1183.4787255356312,296.728049668474,24.318698191483552,58.432206849677335,1,-1,-1,-1
64,-1,1162.6307209209967,299.5374613994895,28.438187507511238,61.38279778948822,1,-1,-1,-1
64,-1,1088.0354540746491,300.72710757511624,19.6662948397758,48.61742210539562,1,-1,-1,-1
64,-1,826.4645477207571,289.2840541066924,21.339977878654455,45.332556475299036,1,-1,-1,-1
64,-1,163.8871066323876,357.1504885851759,29.33578625184372,57.219579382275164,1,-1,-1,-1
64,-1,458.9768966498603,347.1934129067194,27.036059326370815,65.78979262039888,1,-1,-1,-1
64,-1,273.07881337527954,345.10278898603,24.055330320942677,58.77320930162684,1,-1,-1,-1
64,-1,307.9646591410935,342.4913691278631,27.35047887660533,46.220788621326776,1,-1,-1,-1
64,-1,16.90767641876801,403.2653669154901,45.869174056896874,71.8990045220639,1,-1,-1,-1
64,-1,334.7050693286259,344.8067433103811,25.910979988362943,43.139402713238375,1,-1,-1,-1
64,-1,1266.06261379488,302.56558714241265,13.937386205120054,54.29108504727271,1,-1,-1,-1
65,-1,505.4585514845267,320.337240589644,26.970057465664652,55.25067138671875,1,-1,-1,-1
65,-1,369.56038368833987,339.7566029695307,35.6680120481495,52.6033935546875,1,-1,-1,-1
65,-1,302.3777918409064,369.28483793220704,36.782869284660244,60.8734130859375,1,-1,-1,-1
65,-1,1021.1877313761144,310.13843726941343,41.09276089275142,68.72564697265625,1,-1,-1,-1
65,-1,1118.108388824988,319.82192740119143,23.540392486085526,56.58477783203125,1,-1,-1,-1
65,-1,219.85782130284744,356.7405839979795,34.52940634304994,59.70867326464084,1,-1,-1,-1
65,-1,327.5387110172345,343.52117722986316,29.23865049041113,65.19757080078125,1,-1,-1,-1
65,-1,445.3272031450566,329.56265752723186,26.770596911498195,60.96066849204158,1,-1,-1,-1
65,-1,1171.7321653436966,299.40480914418714,26.141387262813122,58.432206849677335,1,-1,-1,-1
65,-1,1161.6360933027934,297.8255803394403,19.493418040231518,61.38279778948822,1,-1,-1,-1
65,-1,1078.096056989166,303.123741059185,26.303541835370467,48.61742210539562,1,-1,-1,-1
65,-1,831.6056151787656,287.5721730466432,21.339977878654455,45.332556475299036,1,-1,-1,-1
65,-1,177.25388202320977,355.7809837371366,20.238865754059965,57.219579382275164,1,-1,-1,-1
65,-1,460.34784797199603,345.82390805868016,38.49245358587295,65.78979262039888,1,-1,-1,-1
65,-1,285.7601131050339,342.70615550196123,24.055330320942677,58.77320930162684,1,-1,-1,-1
65,-1,307.9646591410935,342.4913691278631,27.35047887660533,46.220788621326776,1,-1,-1,-1
65,-1,31.30266530119185,402.9229907034803,30.80863941518678,71.8990045220639,1,-1,-1,-1
65,-1,334.7050693286259,344.8067433103811,25.910979988362943,43.139402713238375,1,-1,-1,-1
65,-1,1258.351012607867,301.0248941883683,19.284579886282277,54.0823770557797,1,-1,-1,-1
65,-1,1136.6169548947232,297.97357312579766,18.165105018296718,47.93266968137589,1,-1,-1,-1
66,-1,512.802933567396,320.337240589644,26.970057465664652,55.25067138671875,1,-1,-1,-1
66,-1,378.7408612919266,337.55561303518175,28.897350493224437,52.6033935546875,1,-1,-1,-1
66,-1,317.8009942149319,365.98335303068365,22.602026812182935,60.8734130859375,1,-1,-1,-1
66,-1,1015.4198389746098,308.67111064651414,27.398040774652255,68.72564697265625,1,-1,-1,-1
66,-1,1109.295130325545,320.55559071264105,23.540392486085526,56.58477783203125,1,-1,-1,-1
66,-1,227.20220338571676,356.7405839979795,34.52940634304994,59.70867326464084,1,-1,-1,-1
66,-1,336.7191886208211,343.88800888558796,29.23865049041113,65.19757080078125,1,-1,-1,-1
66,-1,448.2649559782044,329.56265752723186,33.96173976256774,60.96066849204158,1,-1,-1,-1
66,-1,1167.6393415102425,297.3638912050635,23.899503032478172,58.432206849677335,1,-1,-1,-1
66,-1,1154.6589303240676,298.5592436508899,19.493418040231518,61.38279778948822,1,-1,-1,-1
66,-1,1073.6894277394445,302.75690940346027,26.303541835370467,48.61742210539562,1,-1,-1,-1
66,-1,836.0122444284871,287.5721730466432,27.89315822214451,45.332556475299036,1,-1,-1,-1
66,-1,178.3555393356402,355.4141520814118,32.08911304263152,57.219579382275164,1,-1,-1,-1
66,-1,476.8727076584519,346.5575713701298,25.183819706067275,65.78979262039888,1,-1,-1,-1
66,-1,289.79952325061197,344.9071454363101,35.18029540247729,58.77320930162684,1,-1,-1,-1
66,-1,307.9646591410935,342.4913691278631,27.35047887660533,46.220788621326776,1,-1,-1,-1
66,-1,43.05367663378276,401.8224957363058,28.912179264458484,71.8990045220639,1,-1,-1,-1
66,-1,334.7050693286259,344.8067433103811,25.910979988362943,43.139402713238375,1,-1,-1,-1
66,-1,1251.7410687332845,301.3917258440931,24.62538886657688,54.0823770557797,1,-1,-1,-1
66,-1,1127.4364772911365,299.8077314044217,18.165105018296718,47.93266968137589,1,-1,-1,-1
67,-1,516.9157875338027,320.337240589644,36.14952010005012,55.25067138671875,1,-1,-1,-1
67,-1,386.2810935636724,336.52848439915226,28.897350493224437,52.6033935546875,1,-1,-1,-1
67,-1,324.31301299507606,365.29860060666397,32.36351774285122,60.8734130859375,1,-1,-1,-1
67,-1,1002.3958014143215,311.4101203425928,32.420468025173726,68.72564697265625,1,-1,-1,-1
67,-1,1094.2146657820533,319.52846207661156,36.56819620693441,56.58477783203125,1,-1,-1,-1
67,-1,234.74243565746255,356.3982077859697,28.329421468129855,59.70867326464084,1,-1,-1,-1
67,-1,343.5739452314991,343.5456326735781,34.695068830064,65.19757080078125,1,-1,-1,-1
67,-1,464.8301230534054,327.85077646718275,20.481213162171905,60.96066849204158,1,-1,-1,-1
67,-1,1160.4418470690305,299.41814847712254,22.094427330576345,58.432206849677335,1,-1,-1,-1
67,-1,1149.175125035525,301.9830057709882,19.493418040231518,61.38279778948822,1,-1,-1,-1
67,-1,1066.1491954676987,302.5182368639042,26.303541835370467,50.91035191701067,1,-1,-1,-1
67,-1,844.9234280223686,286.88742062262355,22.60459678633415,45.332556475299036,1,-1,-1,-1
67,-1,185.895771607386,354.72939965739215,32.08911304263152,57.219579382275164,1,-1,-1,-1
67,-1,485.09841559126556,344.5033140980708,34.03584681973112,65.78979262039888,1,-1,-1,-1
67,-1,294.29752235985285,343.1952643762609,30.682296293236494,58.77320930162684,1,-1,-1,-1
67,-1,307.9646591410935,342.4913691278631,27.35047887660533,46.220788621326776,1,-1,-1,-1
67,-1,46.75524520354891,403.8767530083648,40.150300326975675,71.8990045220639,1,-1,-1,-1
67,-1,334.7050693286259,344.8067433103811,25.910979988362943,43.139402713238375,1,-1,-1,-1
67,-1,1246.980267874921,301.391725844093,18.761316978389168,54.0823770557797,1,-1,-1,-1
67,-1,1120.2389828499245,298.0958503443726,18.165105018296718,47.93266968137589,1,-1,-1,-1
67,-1,1175.9590590680518,307.88347791898696,15.716977657340351,46.66098660819659,1,-1,-1,-1
68,-1,528.3730235830787,318.28298331758504,26.023681339273097,55.25067138671875,1,-1,-1,-1
68,-1,395.38812734643034,335.3546231008329,28.897350493224437,52.6033935546875,1,-1,-1,-1
68,-1,332.24494564457495,365.59206593124384,32.36351774285122,60.8734130859375,1,-1,-1,-1
68,-1,991.5995597525035,311.9236846606076,39.62594397164605,68.72564697265625,1,-1,-1,-1
68,-1,1091.1300253072484,317.9877691225674,35.7193331358597,60.62502765454233,1,-1,-1,-1
68,-1,245.31834585679442,355.8112771368099,28.329421468129855,59.70867326464084,1,-1,-1,-1
68,-1,355.32495656409014,340.02404877861983,25.38443286510878,65.19757080078125,1,-1,-1,-1
68,-1,473.5004451818642,326.9703804934432,24.443228216248347,60.96066849204158,1,-1,-1,-1
68,-1,1169.4387151205458,302.602384778879,18.84639944576407,55.24797054792093,1,-1,-1,-1
68,-1,1143.7770042046159,303.0101344070177,19.059826444551746,61.38279778948822,1,-1,-1,-1
68,-1,1061.814131878396,302.7750190229115,23.184057610560902,50.91035191701067,1,-1,-1,-1
68,-1,851.0927089719788,286.1170741456014,22.60459678633415,45.332556475299036,1,-1,-1,-1
68,-1,196.77548016161967,354.72939965739215,21.209404488397833,57.219579382275164,1,-1,-1,-1
68,-1,490.38637069093147,343.9163834489111,34.03584681973112,65.78979262039888,1,-1,-1,-1
68,-1,309.28006180890617,343.4887297008408,24.425282289929072,58.77320930162684,1,-1,-1,-1
68,-1,307.9646591410935,342.4913691278631,27.35047887660533,46.220788621326776,1,-1,-1,-1
68,-1,59.87619813693555,403.8767530083648,27.029347393589035,71.8990045220639,1,-1,-1,-1
68,-1,334.7050693286259,344.8067433103811,25.910979988362943,43.139402713238375,1,-1,-1,-1
68,-1,1240.8109869253108,301.391725844093,18.761316978389168,54.0823770557797,1,-1,-1,-1
68,-1,1113.5555951545136,297.8390681853652,18.165105018296718,47.93266968137589,1,-1,-1,-1
69,-1,479.3761291503906,328.3131103515625,26.176513671875,56.83575439453125,1,-1,-1,-1
69,-1,67.25271608320283,405.40793367575833,32.546112060546875,69.48992919921875,1,-1,-1,-1
69,-1,251.75798034667972,356.2396888308907,28.259719848632812,57.31960682340612,1,-1,-1,-1
69,-1,203.4902801513672,353.7832589005666,25.153839111328125,55.098821177558364,1,-1,-1,-1
69,-1,317.38500857823277,343.3222263189057,25.08840919508159,57.72462934485702,1,-1,-1,-1
69,-1,346.7919144380415,361.60511604023054,17.47962935722895,64.91452979706344,1,-1,-1,-1
69,-1,366.7392561751146,339.0082860475819,19.741699038752753,71.07730161324031,1,-1,-1,-1
69,-1,402.324917178382,333.25173699453853,23.854553005159527,51.97270898309193,1,-1,-1,-1
69,-1,1236.390746700814,304.9773421946091,21.49900936985397,48.8664229868573,1,-1,-1,-1
69,-1,1164.4158022886947,308.40110431470737,17.448471372635012,47.3101674777217,1,-1,-1,-1
69,-1,1138.554675075682,303.4210866854735,21.187429523913995,60.693964856287785,1,-1,-1,-1
69,-1,1086.520840803717,319.9173950823107,22.122169061733683,57.89270493984368,1,-1,-1,-1
69,-1,1103.0345726385322,304.35483999095493,10.905294607896971,53.22393841243688,1,-1,-1,-1
69,-1,1057.2323352853655,304.6660910927819,18.3832109104547,51.978934005128494,1,-1,-1,-1
69,-1,988.684769178585,316.4936329622124,25.54954736707269,65.36273138369447,1,-1,-1,-1
69,-1,540.8192582339818,319.06619751586646,18.50784284883069,52.530293099793575,1,-1,-1,-1
69,-1,508.97401752266046,342.1619185603008,20.85804511534886,66.32316335504673,1,-1,-1,-1
69,-1,859.2307133324704,288.0415558635331,19.38916869877502,44.90019466071745,1,-1,-1,-1
70,-1,513.945068359375,344.026611328125,34.9669189453125,63.0230712890625,1,-1,-1,-1
70,-1,976.1788330078125,313.3914794921875,30.77099609375,67.63665771484375,1,-1,-1,-1
70,-1,74.16705322265625,405.8481750488281,44.82279968261719,67.90509033203125,1,-1,-1,-1
70,-1,1126.4732666015625,302.68646240234375,30.169921875,62.35162353515625,1,-1,-1,-1
70,-1,1077.216064453125,317.7785339355469,28.98486328125,61.876953125,1,-1,-1,-1
70,-1,353.7865295410156,364.0681457519531,31.18585205078125,59.7164306640625,1,-1,-1,-1
70,-1,1157.625244140625,300.9749450683594,26.314697265625,55.47406005859375,1,-1,-1,-1
70,-1,207.91403629914947,351.48120215471073,26.476497408743878,60.08702520772484,1,-1,-1,-1
70,-1,263.436841624737,359.44144908393923,19.536779561336825,54.95138202757743,1,-1,-1,-1
70,-1,319.21814676503396,343.5209552254822,35.21631208735838,62.1412824797838,1,-1,-1,-1
70,-1,370.90278000666143,337.57808068468916,34.188098595756706,66.50947211495804,1,-1,-1,-1
70,-1,412.54542641653046,334.75636986765704,17.99373610302985,49.815738847429955,1,-1,-1,-1
70,-1,867.3996763167613,287.06288681925594,14.64425275917572,45.7539119685861,1,-1,-1,-1
70,-1,1050.2970458834889,306.6717062343643,20.25268998609419,52.29018510695559,1,-1,-1,-1
70,-1,1094.11347383254,307.231393466746,17.448471372635012,53.84644061609114,1,-1,-1,-1
70,-1,1232.86841448623,301.7108737188444,16.5656618091385,53.6389398815397,1,-1,-1,-1
70,-1,545.5558325450106,317.87882351343825,31.07489663507376,53.18243826552664,1,-1,-1,-1
70,-1,494.41934822935247,326.73495486409246,15.994432091582018,57.29095280964461,1,-1,-1,-1
71,-1,968.1239013671875,313.9293212890625,38.0592041015625,68.865234375,1,-1,-1,-1
71,-1,1122.7333579948674,302.7466125488281,27.141845703125,62.287841796875,1,-1,-1,-1
71,-1,358.60009765625,363.6868591308594,34.77056884765625,60.0355224609375,1,-1,-1,-1
71,-1,89.07785034179688,404.005859375,29.438888549804688,68.0916748046875,1,-1,-1,-1
71,-1,267.6200256347656,346.5771484375,30.1507568359375,67.11260986328125,1,-1,-1,-1
71,-1,415.78851318359375,332.8685302734375,30.04925537109375,52.47393798828125,1,-1,-1,-1
71,-1,1153.60888671875,301.233154296875,26.8466796875,56.05828857421875,1,-1,-1,-1
71,-1,497.63512845661404,325.9555242961728,25.852224931700025,57.812668942230985,1,-1,-1,-1
71,-1,528.2045986366971,343.26915189437017,24.970899081755697,64.85583673214747,1,-1,-1,-1
71,-1,553.1916152128952,317.6971676072383,27.61487663158857,52.82375842437345,1,-1,-1,-1
71,-1,331.04077984456273,341.20290961810866,25.55844964838521,62.508114135508585,1,-1,-1,-1
71,-1,217.34974520174563,350.5938000046639,19.682943982089807,56.932272968491475,1,-1,-1,-1
71,-1,872.8656664144725,287.89994388776785,21.739370965293194,42.25900673949881,1,-1,-1,-1
71,-1,1088.9822725116649,306.95434496685976,20.564269832034046,52.269435033500415,1,-1,-1,-1
71,-1,1075.076149992173,322.24714910329874,21.02125360607942,56.37794957761838,1,-1,-1,-1
71,-1,1042.4018101479412,307.6390973908794,25.134107572486137,49.30217452941523,1,-1,-1,-1
71,-1,1226.1520792372576,304.0712661067569,17.222575984328415,51.09964964246682,1,-1,-1,-1
71,-1,381.28684405339635,341.9279602247731,24.42007042554052,61.88450032077643,1,-1,-1,-1
72,-1,222.01414489746094,343.8779296875,28.5333251953125,63.6019287109375,1,-1,-1,-1
72,-1,963.891357421875,312.0545959472656,30.1319580078125,71.1619873046875,1,-1,-1,-1
72,-1,274.5119323730469,351.9059753417969,31.29840087890625,59.4215087890625,1,-1,-1,-1
72,-1,97.78995513916016,400.9064331054687,29.021804809570312,70.96258544921875,1,-1,-1,-1
72,-1,344.92344504274314,342.1740910296012,19.068686571522527,59.01320890642128,1,-1,-1,-1
72,-1,373.7134228075908,364.39741970005736,18.50784284883069,57.332452956554846,1,-1,-1,-1
72,-1,395.2124321774446,337.128930247953,12.899405621912276,69.10063753766872,1,-1,-1,-1
72,-1,402.6903484800025,334.89081524684667,17.76005121857493,42.95265205214211,1,-1,-1,-1
72,-1,421.94598295908895,335.63781789123175,26.92049868920828,47.99491990174137,1,-1,-1,-1
72,-1,507.2449857662709,326.6611624551247,21.31206146228987,54.53119304011081,1,-1,-1,-1
72,-1,540.5217133126532,340.4807113762487,21.49900936985385,64.61572873930943,1,-1,-1,-1
72,-1,566.320524556478,316.57662675592616,18.507842848830574,56.772200973266074,1,-1,-1,-1
72,-1,878.3662130369856,288.66708911571993,17.62651699888636,42.25900673949881,1,-1,-1,-1
72,-1,1037.6461415750668,305.7409772702456,18.50784284883081,50.769501152314554,1,-1,-1,-1
72,-1,1060.2668383903044,320.7077088238181,25.558449648385327,59.86692621429,1,-1,-1,-1
72,-1,1082.0062093555978,305.4475119456658,17.920292282201057,52.82375842437345,1,-1,-1,-1
72,-1,1115.4965916534818,305.4475119456658,22.033146248607775,61.04078751260932,1,-1,-1,-1
72,-1,1149.2807492346806,302.51285869986725,25.852224931700025,53.99761972269289,1,-1,-1,-1
73,-1,1046.6678466796875,321.1790771484375,35.316650390625,59.47186279296875,1,-1,-1,-1
73,-1,541.2295532226562,341.7831726074219,32.8084716796875,64.29241943359375,1,-1,-1,-1
73,-1,105.14820098876955,406.0736389160156,40.59636688232422,66.0330810546875,1,-1,-1,-1
73,-1,1145.23583984375,301.6202392578125,25.846923828125,55.71185302734374,1,-1,-1,-1
73,-1,1108.295166015625,305.17449951171875,25.89501953125,60.4993896484375,1,-1,-1,-1
73,-1,574.7306518554688,318.179443359375,27.6116943359375,51.70489501953125,1,-1,-1,-1
73,-1,1077.3739659328717,308.32015214262566,17.479629357229012,50.67167937745457,1,-1,-1,-1
73,-1,1033.5035236245324,309.34728077865515,15.423202374025653,42.454650289218705,1,-1,-1,-1
73,-1,951.5891821269298,314.8253001708124,28.104502103780007,70.52949967402462,1,-1,-1,-1
73,-1,885.2046139867826,285.8519282413427,13.46024934460417,42.95265205214211,1,-1,-1,-1
73,-1,516.0220080992924,325.09883888534523,18.964826622875947,56.60620038562494,1,-1,-1,-1
73,-1,434.2219125452013,337.8808841337122,18.73633473585332,44.2806567532711,1,-1,-1,-1
73,-1,398.3486862826529,337.8808841337122,31.303388522096327,64.13847704984114,1,-1,-1,-1
73,-1,381.1812587622138,361.8427188578796,30.846404748051132,59.57346088971012,1,-1,-1,-1
73,-1,346.4504919347785,342.21314936931617,35.87322626254836,58.432206849677335,1,-1,-1,-1
73,-1,286.33309864223065,356.806736421491,22.392204928214895,56.37794957761838,1,-1,-1,-1
73,-1,228.27920382617424,350.4115351176813,28.332993990802517,55.46494634559215,1,-1,-1,-1
74,-1,937.0928344726562,314.29901123046875,38.9896240234375,70.264892578125,1,-1,-1,-1
74,-1,521.7545776367188,326.0113525390625,25.6505126953125,54.08050537109375,1,-1,-1,-1
74,-1,1043.87060546875,320.36444091796875,30.439208984375,61.02044677734375,1,-1,-1,-1
74,-1,117.18374633789062,402.0708923339844,30.586639404296875,69.44488525390625,1,-1,-1,-1
74,-1,293.1521301269531,344.0085754394531,25.34674072265625,68.1749267578125,1,-1,-1,-1
74,-1,385.75579833984375,361.1922607421875,32.062744140625,58.07611083984375,1,-1,-1,-1
74,-1,1100.5107295874345,306.817504572484,28.275871019046757,61.994549817493855,1,-1,-1,-1
74,-1,1071.8676394642443,307.5511678839336,20.564269832034046,53.92425339154792,1,-1,-1,-1
74,-1,1024.8635941338805,309.7521578182825,18.728174311316714,48.78861021140051,1,-1,-1,-1
74,-1,576.7562969866403,318.24331521716414,31.65815224142096,51.626728810955655,1,-1,-1,-1
74,-1,555.6508621590264,338.5155909282724,22.728929814353478,63.24950021865776,1,-1,-1,-1
74,-1,440.65330059830944,335.5423238239765,26.246502285622448,45.950491611845365,1,-1,-1,-1
74,-1,407.06186468648554,337.16448652981893,27.86999727236199,64.0603912471021,1,-1,-1,-1
74,-1,355.6511901064003,340.9486446625592,28.68174476573176,59.465342085917506,1,-1,-1,-1
74,-1,890.6522576598439,289.50324012094813,16.194362492726853,38.0037595330909,1,-1,-1,-1
74,-1,236.16920315185806,350.33060080632373,20.769912530354432,57.1112450952882,1,-1,-1,-1
75,-1,565.606201171875,339.5276794433594,26.2899169921875,62.53167724609375,1,-1,-1,-1
75,-1,128.17909240722656,400.3309631347656,27.41351318359375,68.91192626953125,1,-1,-1,-1
75,-1,935.2743530273438,316.749755859375,31.7640380859375,66.3587646484375,1,-1,-1,-1
75,-1,244.5107421875,353.5035095214844,26.04693603515625,52.64093017578125,1,-1,-1,-1
75,-1,297.9318542480469,346.8580322265625,34.7330322265625,64.1729736328125,1,-1,-1,-1
75,-1,443.80535888671875,334.5412292480469,28.27294921875,49.50921630859375,1,-1,-1,-1
75,-1,1091.915420578092,307.4742798033235,14.982539449053371,55.17148102101233,1,-1,-1,-1
75,-1,1065.1818697964477,307.1808144787436,21.739370965293077,54.291085047272766,1,-1,-1,-1
75,-1,1034.0416897650819,321.56061538315646,20.85804511534886,57.812668942230985,1,-1,-1,-1
75,-1,1019.6467008826579,308.3546757770631,16.1576405823124,50.1825705031548,1,-1,-1,-1
75,-1,592.5798375833685,315.0855369564415,17.593875300740297,52.954187457520085,1,-1,-1,-1
75,-1,530.6585362002437,326.49807735676904,22.849188702260093,51.356431801474244,1,-1,-1,-1
75,-1,416.82007600997184,335.66700354124424,18.27935096180812,64.36672785784769,1,-1,-1,-1
75,-1,397.855249387096,358.03558272588634,24.90561568546345,62.5407213937953,1,-1,-1,-1
75,-1,369.2937635092709,337.26475919729006,19.193318509898457,62.08421977778219,1,-1,-1,-1
75,-1,897.7677040424092,287.1962194710529,14.052251051890003,40.742769229169525,1,-1,-1,-1
76,-1,1018.909423828125,322.1652526855469,34.05224609375,61.26336669921875,1,-1,-1,-1
76,-1,571.1539916992188,339.437744140625,27.7008056640625,63.8018798828125,1,-1,-1,-1
76,-1,136.980712890625,400.3882141113281,44.17437744140625,70.837890625,1,-1,-1,-1
76,-1,1007.1357223818328,313.2639788400764,24.383348515126066,45.78059063445702,1,-1,-1,-1
76,-1,927.2288453202145,314.43784013839587,19.682943982089718,75.42058841702212,1,-1,-1,-1
76,-1,899.0264181219964,283.3305157329315,25.55844964838521,45.91674617219189,1,-1,-1,-1
76,-1,597.3265350601112,314.53279718893447,21.249745493101873,54.43781770956271,1,-1,-1,-1
76,-1,540.0893173609495,324.8040835492293,18.165105018296835,52.041184225493915,1,-1,-1,-1
76,-1,454.80083498035566,333.3005134579342,18.214067565515876,49.59563985399511,1,-1,-1,-1
76,-1,425.46002855929265,334.9145727431234,28.2024271982182,63.38851010924821,1,-1,-1,-1
76,-1,407.20923908336243,355.60387812600305,27.32110134827387,63.38851010924815,1,-1,-1,-1
76,-1,375.18773320205224,341.81100787074996,32.315281164625034,56.34534231933172,1,-1,-1,-1
76,-1,307.9131933229693,350.9084329327254,29.083753048162528,58.399599591390675,1,-1,-1,-1
76,-1,252.09668732464257,351.91131261395395,21.499009369853795,56.958951634362336,1,-1,-1,-1
77,-1,909.4973754882812,318.9168701171875,36.06567382812501,70.08428955078125,1,-1,-1,-1
77,-1,545.1980590820311,324.0102844238281,25.7032470703125,51.8697509765625,1,-1,-1,-1
77,-1,145.60745239257812,400.62750244140625,29.048248291015625,70.1435546875,1,-1,-1,-1
77,-1,460.5221862792969,328.08013916015625,30.315185546875,53.50640869140625,1,-1,-1,-1
77,-1,415.7569274902344,359.1079406738281,27.947509765625,57.39886474609375,1,-1,-1,-1
77,-1,999.3751627884914,308.321370486854,22.849188702260093,50.21517776144146,1,-1,-1,-1
77,-1,586.6464299109916,337.035392464322,22.477225165246654,60.67224966313698,1,-1,-1,-1
77,-1,605.0966888138607,315.0596169957842,24.83035551106305,49.92322905352607,1,-1,-1,-1
77,-1,380.07728142902215,336.2985312861442,30.607285331399584,59.385260122032605,1,-1,-1,-1
77,-1,431.72707542575904,332.62287049845963,28.216091164883945,64.73299078232334,1,-1,-1,-1
77,-1,315.4517150562337,350.0968368302776,26.54225524832306,61.38885103711103,1,-1,-1,-1
77,-1,260.6933686430267,350.6672249974079,18.651314498821588,51.74151213297603,1,-1,-1,-1
77,-1,444.1752133475778,329.6851801967691,16.745191148942087,44.90019466071745,1,-1,-1,-1
78,-1,590.8262939453125,337.1513977050781,35.1204833984375,62.3175048828125,1,-1,-1,-1
78,-1,903.8547973632812,317.7571716308594,35.6156005859375,71.0557861328125,1,-1,-1,-1
78,-1,265.8392333984375,350.247314453125,26.46478271484375,53.37799072265625,1,-1,-1,-1
78,-1,157.61715698242188,397.3811340332031,26.524566650390625,72.313720703125,1,-1,-1,-1
78,-1,322.0260009765625,342.066650390625,32.96710205078125,65.25146484375,1,-1,-1,-1
78,-1,394.73374752355954,338.4485240865891,16.194362492726853,59.05989657169533,1,-1,-1,-1
78,-1,425.58015227161064,356.93683953511976,22.363643442337104,59.83024304871748,1,-1,-1,-1
78,-1,440.4892478998354,329.2043663623237,21.078376577834945,68.30405429596071,1,-1,-1,-1
78,-1,462.84800960106736,335.3671381785006,33.75055531320799,46.459128338522376,1,-1,-1,-1
78,-1,554.9005994937895,322.25099754478236,18.250789475930212,50.07252100643738,1,-1,-1,-1
78,-1,616.0968403510241,310.1789815228809,21.335429950735367,54.181035550555286,1,-1,-1,-1
79,-1,166.19778442382812,398.6416320800781,38.07141113281251,71.5797119140625,1,-1,-1,-1
79,-1,326.46368408203125,345.78155517578125,26.96466064453125,59.75286865234375,1,-1,-1,-1
79,-1,893.3530397838397,324.8260337531496,24.42007042554052,68.81761861397544,1,-1,-1,-1
79,-1,624.6473602806756,311.49425269625164,29.018469651870284,52.041184225493915,1,-1,-1,-1
79,-1,561.3551075754151,320.39603420850716,23.306172476305232,54.09544149755287,1,-1,-1,-1
79,-1,602.4866204809795,337.1290593097365,25.81958323355396,62.084219777782124,1,-1,-1,-1
79,-1,475.4027023366848,332.3213276813543,23.534664363327916,47.476168065362835,1,-1,-1,-1
79,-1,448.21216778099534,328.89756556125604,25.591091346531275,68.47524240196566,1,-1,-1,-1
79,-1,436.1020977687975,356.0594117140357,23.53466436332786,60.25821331372973,1,-1,-1,-1
79,-1,399.3149039581587,336.6580930334788,33.588307392322314,59.116959273697006,1,-1,-1,-1
79,-1,270.29750266441283,345.8955233479503,27.41902644271218,59.137709347152125,1,-1,-1,-1
80,-1,567.2921142578125,320.720947265625,26.289794921875,51.18609619140625,1,-1,-1,-1
80,-1,177.10244750976562,396.79998779296875,28.963043212890625,71.85052490234375,1,-1,-1,-1
80,-1,437.1683349609375,357.7122497558594,30.3486328125,57.9727783203125,1,-1,-1,-1
80,-1,334.67889404296875,334.1117248535156,28.093505859375,71.95245361328125,1,-1,-1,-1
80,-1,282.79528893266314,352.9729768413963,14.394988882423856,48.12831323109585,1,-1,-1,-1
80,-1,402.6556045250904,338.0062452878238,36.721910414346624,57.519203617651165,1,-1,-1,-1
80,-1,457.29780722163815,329.4957508750081,29.083753048162528,67.49702465336611,1,-1,-1,-1
80,-1,484.91268385322684,332.72386944538647,20.858045115348805,46.36752128361677,1,-1,-1,-1
80,-1,632.986694237298,312.87674650951874,26.78766728120233,52.4376198394,1,-1,-1,-1
80,-1,614.5870843875833,335.31139829647856,25.705337290042678,61.08712414280614,1,-1,-1,-1
81,-1,576.8887735127619,316.6124327215071,24.96756999471339,56.154161332780404,1,-1,-1,-1
81,-1,186.35636893418098,394.7457305209098,28.963043212890625,71.85052490234375,1,-1,-1,-1
81,-1,448.1359455380223,355.31561627179053,30.3486328125,57.9727783203125,1,-1,-1,-1
81,-1,346.6747181116553,350.5333551086739,26.829033015357847,55.87319957013262,1,-1,-1,-1
81,-1,282.7952889326631,352.9729768413963,25.24553656237493,48.12831323109585,1,-1,-1,-1
81,-1,412.9377394411074,334.58248316772557,28.464504250476153,57.519203617651165,1,-1,-1,-1
81,-1,462.7816125101806,330.5228795110376,29.083753048162528,67.49702465336611,1,-1,-1,-1
81,-1,487.3118486669641,332.3814932333766,29.83509396215943,46.36752128361677,1,-1,-1,-1
81,-1,635.7285968815693,310.48011302544995,26.78766728120233,52.4376198394,1,-1,-1,-1
81,-1,618.6999383539903,335.9961507204982,32.167914919832995,62.10628302251662,1,-1,-1,-1
82,-1,582.2354836690906,313.7364725406245,28.27555486045292,57.759862602723615,1,-1,-1,-1
82,-1,194.17079147035386,395.15658197532156,47.720771754373786,67.1500749076383,1,-1,-1,-1
82,-1,459.2406512473207,354.0830619085552,29.078847330194847,59.74428052663256,1,-1,-1,-1
82,-1,349.55371588814006,350.5333551086739,26.829033015357847,55.87319957013262,1,-1,-1,-1
82,-1,288.5532844856326,348.90876253325587,25.724508547855056,49.72741881276554,1,-1,-1,-1
82,-1,424.4537305470466,334.58248316772557,28.464504250476153,57.519203617651165,1,-1,-1,-1
82,-1,466.4831810799468,330.5228795110376,29.083753048162528,67.49702465336611,1,-1,-1,-1
82,-1,493.4811296165744,330.7380874157294,29.83509396215943,46.36752128361677,1,-1,-1,-1
82,-1,646.8333025908676,308.83670720780276,26.78766728120233,52.4376198394,1,-1,-1,-1
82,-1,628.9820732700073,335.1744478116745,30.060642063136722,64.25978623167552,1,-1,-1,-1
83,-1,588.4047646187008,313.22290822260976,28.27555486045292,57.759862602723615,1,-1,-1,-1
83,-1,203.16765952186879,394.1294533392921,40.55871329252934,73.7756779680056,1,-1,-1,-1
83,-1,464.8958254511302,355.1101905445847,42.47876690189583,60.11592815982603,1,-1,-1,-1
83,-1,362.4063845331614,340.1766365618126,24.045903212626452,64.17566084493495,1,-1,-1,-1
83,-1,301.6630065035543,343.51633719410114,18.983617779724433,62.65620716465478,1,-1,-1,-1
83,-1,424.96783729284743,336.12317612176986,40.76410865030952,58.56036986205122,1,-1,-1,-1
83,-1,481.9063834539724,326.4143649669197,29.083753048162528,67.49702465336611,1,-1,-1,-1
83,-1,501.706837549388,328.68383014367043,25.71791788987129,46.36752128361677,1,-1,-1,-1
83,-1,651.4602633030752,309.35027152581756,26.78766728120233,52.4376198394,1,-1,-1,-1
83,-1,637.2077812028209,335.1744478116745,30.060642063136722,64.25978623167552,1,-1,-1,-1
83,-1,2.597370390423389,373.4617656256388,25.191230544241765,63.1684111158133,1,-1,-1,-1
84,-1,602.7997535011247,312.7093439045951,22.599143791370523,57.64933882258855,1,-1,-1,-1
84,-1,215.5062214210893,388.48024584113006,31.977931569893812,76.92833676746547,1,-1,-1,-1
84,-1,478.7767075877532,355.1101905445847,29.359023108583656,63.050474806654535,1,-1,-1,-1
84,-1,372.1744127033776,341.2037651978421,31.0835418495854,65.65848515707283,1,-1,-1,-1
84,-1,304.23354023255865,342.4892085580716,33.21875085789525,62.31878452478435,1,-1,-1,-1
84,-1,440.90514641267384,329.96040430559293,29.186685094399976,64.57630241696818,1,-1,-1,-1
84,-1,481.9063834539724,326.4143649669197,29.083753048162528,67.49702465336611,1,-1,-1,-1
84,-1,509.93254548220165,327.65670150764083,33.676550674393944,50.44594703844846,1,-1,-1,-1
84,-1,651.4602633030752,309.35027152581756,26.78766728120233,52.4376198394,1,-1,-1,-1
84,-1,637.2077812028209,335.1744478116745,30.060642063136722,64.25978623167552,1,-1,-1,-1
84,-1,3.6255838820250914,373.97532994365355,25.191230544241765,63.1684111158133,1,-1,-1,-1
85,-1,308.0523681640625,344.4443359375,29.181396484375,56.6859130859375,1,-1,-1,-1
85,-1,228.19227600097656,392.6298828125,37.46043395996094,70.9713134765625,1,-1,-1,-1
85,-1,14.39065170288086,373.58392333984375,31.53371810913086,58.61260986328126,1,-1,-1,-1
85,-1,370.12457275390625,332.35382080078125,34.494140625,70.89837646484375,1,-1,-1,-1
85,-1,517.134484288067,324.3187253186914,26.733550781644297,50.32930316544474,1,-1,-1,-1
85,-1,489.8868267606219,351.0240698554579,22.106590069436567,61.627718161769074,1,-1,-1,-1
85,-1,452.8711410629605,329.4543684988388,16.965522611428053,65.22266838787232,1,-1,-1,-1
85,-1,469.83666367438855,327.91367554479456,17.99373610302985,54.95138202757743,1,-1,-1,-1
86,-1,239.50637817382812,391.08380126953125,26.2939453125,70.201904296875,1,-1,-1,-1
86,-1,20.965511322021484,373.6009826660156,34.5606689453125,59.87908935546875,1,-1,-1,-1
86,-1,1138.992176914633,308.0270613904267,14.39498888242374,54.78019392157248,1,-1,-1,-1
86,-1,453.18848522997496,330.4091928574619,34.372431368732904,62.50811413550864,1,-1,-1,-1
86,-1,383.85824158859305,353.0060228501105,23.502022665181794,49.30217452941529,1,-1,-1,-1
86,-1,322.1523107989384,341.85888655215297,19.682943982089718,58.106134266810855,1,-1,-1,-1
87,-1,1125.9903254675548,309.64692578219433,26.505782115526067,53.182438265526585,1,-1,-1,-1
87,-1,1081.892114493097,321.28771699052845,16.451415865627332,44.28065675327116,1,-1,-1,-1
87,-1,424.49388480483515,353.60476499314933,19.330413642112045,62.0385696161809,1,-1,-1,-1
87,-1,325.3741042144309,342.92262717844267,30.023833954769774,57.10835216323934,1,-1,-1,-1
87,-1,393.2361946601433,349.49625044903144,20.975555228674814,53.82154052794497,1,-1,-1,-1
87,-1,247.64116424934195,387.7054357093282,29.61254855812907,72.30985597647572,1,-1,-1,-1
87,-1,34.831678099282385,374.5662560340584,24.236460873468754,59.42672822742018,1,-1,-1,-1
88,-1,258.5453796386719,391.0439453125,36.9111328125,66.6185302734375,1,-1,-1,-1
88,-1,328.11798095703125,343.8756408691406,27.5291748046875,55.365478515625,1,-1,-1,-1
88,-1,1070.5575140524552,314.01539818447895,16.776114862975195,51.356431801474244,1,-1,-1,-1
88,-1,1124.7057972659777,309.967414074472,22.728929814353595,49.73464974458556,1,-1,-1,-1
89,-1,985.9348754882812,308.5844421386719,31.9190673828125,68.69219970703125,1,-1,-1,-1
89,-1,1059.52099609375,311.7767028808594,28.445068359375,50.9197998046875,1,-1,-1,-1
89,-1,0.17663192749023435,389.3897705078125,29.399517059326172,60.939208984375,1,-1,-1,-1
89,-1,1116.8326751182497,309.7739928478239,18.76489622173105,54.181035550555286,1,-1,-1,-1
89,-1,967.7417188360025,305.15191398569124,19.536056340432484,67.27692565993127,1,-1,-1,-1
89,-1,1032.7762221798105,279.4736980849541,21.33542995073525,42.36905623621623,1,-1,-1,-1
89,-1,50.23804937145315,376.1004640509106,40.10032617246648,60.0870252077249,1,-1,-1,-1
89,-1,266.6814799650442,386.6734407483164,33.15988510415502,69.33118293199016,1,-1,-1,-1
90,-1,1109.2305908203123,312.8100280761719,25.2451171875,47.270751953125,1,-1,-1,-1
90,-1,953.4951171875,308.768310546875,31.5723876953125,64.24322509765625,1,-1,-1,-1
90,-1,982.296630859375,312.3257751464844,32.5087890625,65.4310302734375,1,-1,-1,-1
90,-1,1057.8031005859375,319.7206115722656,25.276611328125,42.98272705078125,1,-1,-1,-1
90,-1,3.8652915954589844,388.0783386230469,34.2572135925293,71.34698486328125,1,-1,-1,-1
90,-1,915.1901558993223,317.09338644888595,20.564269832034164,53.92425339154792,1,-1,-1,-1
90,-1,930.613358273348,310.4170503146943,19.53605634043237,46.22078862132683,1,-1,-1,-1
90,-1,1045.259162586938,276.51891239367245,13.366775390822061,42.115167009257725,1,-1,-1,-1
91,-1,1102.2012939453127,313.2176513671875,28.568603515625,47.2017822265625,1,-1,-1,-1
91,-1,70.80726145899457,369.38429171761055,33.49038229788409,59.27999556513024,1,-1,-1,-1
91,-1,16.740934477332928,386.6991591438289,28.789977764847727,68.37742062710562,1,-1,-1,-1
91,-1,1048.5103748198255,278.41627685289404,19.31644809885086,33.381680670958275,1,-1,-1,-1
91,-1,1048.7314295032163,315.09944242537557,22.4003653527515,50.98960014574946,1,-1,-1,-1
91,-1,976.0220468828101,310.6974625566778,24.603679977612206,66.76336134191655,1,-1,-1,-1
91,-1,945.1756421347588,307.39597765515447,27.908651914903384,61.994549817493855,1,-1,-1,-1
91,-1,905.883197991408,313.63211580247633,20.931488936177537,58.69306491597055,1,-1,-1,-1
91,-1,878.341765180648,333.8078568673412,26.07255639418605,64.5623714075676,1,-1,-1,-1
92,-1,861.676513671875,330.9312438964844,41.6097412109375,67.3369140625,1,-1,-1,-1
92,-1,27.119647979736328,386.70379638671875,33.12432098388672,64.02728271484375,1,-1,-1,-1
92,-1,894.771162205495,316.36966209740746,27.762487494150548,55.46494634559215,1,-1,-1,-1
92,-1,936.9286385820693,309.8645140692207,25.705337290042678,62.312470585788745,1,-1,-1,-1
92,-1,968.1177811606543,311.5763951292698,23.30617247630535,67.790489977946,1,-1,-1,-1
92,-1,1044.8910552002485,312.2611475532895,20.221532001500076,55.46494634559215,1,-1,-1,-1
92,-1,1060.3142575742738,279.73540741235587,13.709513221356032,38.68851195711057,1,-1,-1,-1
92,-1,1098.358156763537,310.2068902812306,18.85058067936466,52.38356043750375,1,-1,-1,-1
93,-1,738.506591796875,329.16351318359375,35.85498046875,73.901611328125,1,-1,-1,-1
93,-1,957.2094116210938,314.9480895996094,29.82373046875,65.607421875,1,-1,-1,-1
93,-1,928.0258178710938,309.21038818359375,29.335693359375,64.9583740234375,1,-1,-1,-1
93,-1,856.7880859375,331.22204589843756,32.2796630859375,67.03338623046875,1,-1,-1,-1
93,-1,891.5984497070312,316.29473876953125,27.073486328125,55.5494384765625,1,-1,-1,-1
93,-1,1089.674833509353,310.62721428411993,22.326921531922707,51.06296647689437,1,-1,-1,-1
93,-1,1032.9762038296017,312.68147155617885,30.552629464736256,56.6388076439116,1,-1,-1,-1
93,-1,1062.0599568777643,276.2917713082772,15.27631473236807,42.55247206407862,1,-1,-1,-1
94,-1,728.632568359375,330.8275146484375,41.29345703125,70.238037109375,1,-1,-1,-1
94,-1,1066.848093518369,274.96576605595095,20.90700766256802,44.16653134926782,1,-1,-1,-1
94,-1,1084.327722875598,320.5018022532581,26.733550781644123,43.13940271323832,1,-1,-1,-1
94,-1,1031.5460969733772,318.5211734016906,20.564269832034164,51.282803380982756,1,-1,-1,-1
94,-1,949.289017645241,314.3390304370812,27.419026442712063,66.07860891789687,1,-1,-1,-1
94,-1,921.1845155414609,310.2305158929633,26.390812951110384,65.05148028186731,1,-1,-1,-1
94,-1,884.1688298437996,317.42041634516966,22.620696815237523,55.807322557601985,1,-1,-1,-1
94,-1,844.411241501867,331.4578410375726,24.677123798441,67.790489977946,1,-1,-1,-1
94,-1,679.774459019288,306.3091633378462,23.763156250350487,53.182438265526585,1,-1,-1,-1
94,-1,970.4643959697121,316.8433103838731,11.590770268964679,50.049177173800324,1,-1,-1,-1
95,-1,834.672607421875,334.48107910156244,34.7266845703125,66.42242431640625,1,-1,-1,-1
95,-1,579.00830078125,344.2257995605469,31.9224853515625,56.021484375,1,-1,-1,-1
95,-1,1026.27734375,318.3313903808594,26.13525390625,47.74896240234375,1,-1,-1,-1
95,-1,1067.346253981207,273.72176001136006,21.38684062531558,43.961105622061964,1,-1,-1,-1
95,-1,1073.926820327458,318.2991428150397,20.97555522867458,43.55025416765014,1,-1,-1,-1
95,-1,961.234621647911,314.3960539981276,17.479629357229012,55.46494634559215,1,-1,-1,-1
95,-1,944.1513070146004,314.22447557589396,22.41505411691714,68.61219288676958,1,-1,-1,-1
95,-1,912.8936168699087,308.4725552141288,27.144836178284887,67.37963852353417,1,-1,-1,-1
95,-1,886.1600660882643,303.7477634883932,24.882766496761263,52.17813471029784,1,-1,-1,-1
95,-1,876.4948592672082,316.6895843023647,23.237624910198555,56.69750070882751,1,-1,-1,-1
95,-1,742.3570307125859,321.45639537411535,27.32110134827387,60.74732218802951,1,-1,-1,-1
95,-1,690.9463561325007,303.2615452501645,18.801618132145506,57.51920361765111,1,-1,-1,-1
95,-1,722.7144001460822,331.66302109515203,22.27795898470367,71.21425209804428,1,-1,-1,-1
96,-1,823.767312813978,335.726083508871,34.7266845703125,66.42242431640625,1,-1,-1,-1
96,-1,584.9283178541084,343.6032973568927,31.9224853515625,56.021484375,1,-1,-1,-1
96,-1,1020.3573266771417,318.3313903808594,26.13525390625,47.74896240234375,1,-1,-1,-1
96,-1,1072.0199516703053,272.4767556040516,21.38684062531558,43.961105622061964,1,-1,-1,-1
96,-1,1065.2025846411407,315.8091340004228,20.97555522867458,43.55025416765014,1,-1,-1,-1
96,-1,956.2493441128727,314.0848028963006,21.335397081695188,55.46494634559215,1,-1,-1,-1
96,-1,931.3765333310641,314.53572667772113,31.563955104327917,68.61219288676958,1,-1,-1,-1
96,-1,904.1693811835913,310.6513129269186,29.7941815793891,67.37963852353417,1,-1,-1,-1
96,-1,876.1895110181873,304.0590145902203,24.882766496761263,52.17813471029784,1,-1,-1,-1
96,-1,866.5243041971311,318.2458398115003,23.237624910198555,56.69750070882751,1,-1,-1,-1
96,-1,747.9654679395043,320.2113909668069,27.32110134827387,60.74732218802951,1,-1,-1,-1
96,-1,690.9463561325007,303.2615452501645,18.801618132145506,57.51920361765111,1,-1,-1,-1
96,-1,530.4104620719887,324.76927030247094,38.324321050609036,58.515207143497875,1,-1,-1,-1
96,-1,701.1562176470597,332.86179894997593,38.94748074248875,74.70026443850794,1,-1,-1,-1
97,-1,692.306884765625,333.4765625,45.221923828125,73.54595947265625,1,-1,-1,-1
97,-1,756.8260498046875,319.57525634765625,31.4163818359375,59.77783203125,1,-1,-1,-1
97,-1,923.896240234375,316.86761474609375,31.80517578125,66.08795166015625,1,-1,-1,-1
97,-1,463.3934421437586,337.4652602707441,24.882766496761263,54.437817709562644,1,-1,-1,-1
97,-1,546.6787349634966,321.0312020942723,21.798126021956225,59.984312344121946,1,-1,-1,-1
97,-1,600.7841719605184,340.75293978565315,20.3586271337139,59.57346088971012,1,-1,-1,-1
97,-1,709.1951198519179,305.0085739586222,19.330413642111985,47.86419443897396,1,-1,-1,-1
97,-1,817.8117104416377,338.89745449708755,21.181197926995196,65.9416584330929,1,-1,-1,-1
97,-1,861.8279988551346,317.71777548412814,19.741699038752753,59.778886616915976,1,-1,-1,-1
97,-1,896.5816148712723,308.06276630545096,24.471481100120617,70.05017297721079,1,-1,-1,-1
97,-1,947.0067459931191,313.41598552740965,27.35047887660527,56.69750070882751,1,-1,-1,-1
97,-1,1014.6811296189419,317.9356408191443,23.854553005159584,51.56185752868016,1,-1,-1,-1
97,-1,1080.915146491437,277.6664124226907,17.890914753869776,39.64716535073815,1,-1,-1,-1
97,-1,1063.846802530849,314.02676613813446,17.479629357229012,33.895244988973,1,-1,-1,-1
98,-1,687.2246704101562,330.32647705078125,28.93359375,76.79876708984375,1,-1,-1,-1
98,-1,466.83856201171875,332.97772216796875,30.6732177734375,56.10565185546875,1,-1,-1,-1
98,-1,610.0631713867189,341.0040283203125,25.9232177734375,54.29656982421875,1,-1,-1,-1
98,-1,796.6403198242188,338.91412353515625,41.1439208984375,66.84228515625,1,-1,-1,-1
98,-1,360.38671875,381.1404724121094,33.52899169921875,68.17926025390625,1,-1,-1,-1
98,-1,396.98643083091616,335.232343780865,24.93417717134136,57.51920361765111,1,-1,-1,-1
98,-1,553.9024814625633,321.10932503545956,23.23834813110295,61.88450032077643,1,-1,-1,-1
98,-1,714.7762698132237,300.07560822023413,17.479629357229012,53.15390691452584,1,-1,-1,-1
98,-1,768.5250142601647,317.7845367790899,22.877750188137885,61.627718161769074,1,-1,-1,-1
98,-1,847.2252027775407,321.89268970670173,33.93104522285634,58.54633225368061,1,-1,-1,-1
98,-1,891.4517625031467,306.7363948446629,24.67712379844088,72.9261331580934,1,-1,-1,-1
98,-1,918.4423666576914,315.2102060919061,24.67712379844088,70.87187588603445,1,-1,-1,-1
98,-1,941.8342235916301,314.4398596148841,22.877750188138002,55.20816418658479,1,-1,-1,-1
98,-1,1004.57848005089,316.23371856287457,22.106590069436685,37.233413056068756,1,-1,-1,-1
98,-1,1084.779132395823,277.2028303937541,14.394988882423974,37.7469773740836,1,-1,-1,-1
98,-1,1056.5819324365877,314.2583303999449,14.737726712957711,35.43593794301722,1,-1,-1,-1
98,-1,1075.8614253225476,272.4215737253323,11.310348407618703,34.10067071617885,1,-1,-1,-1
98,-1,601.575472305448,318.81658802137594,17.573103311011003,61.81446882286533,1,-1,-1,-1
99,-1,671.7350463867188,330.7484130859375,31.0174560546875,78.249267578125,1,-1,-1,-1
99,-1,909.452880859375,317.55047607421875,25.9293212890625,64.3746337890625,1,-1,-1,-1
99,-1,615.2977905273438,339.1995544433594,25.3868408203125,57.29486083984375,1,-1,-1,-1
99,-1,475.4126281738281,332.74792480468756,26.20440673828125,56.48114013671875,1,-1,-1,-1
99,-1,880.7679443359375,311.58651733398443,30.4134521484375,68.03668212890625,1,-1,-1,-1
99,-1,371.08406750304357,380.1545822885979,23.443267608518877,67.790489977946,1,-1,-1,-1
99,-1,409.74489478726764,334.139219394477,17.685272055549333,56.28664925441575,1,-1,-1,-1
99,-1,554.9279165805239,325.1004873974175,37.42769431520666,57.10835216323934,1,-1,-1,-1
99,-1,606.7505997781543,318.52686412682885,17.27398665890863,68.61219288676952,1,-1,-1,-1
99,-1,721.9105108375452,302.9145088591806,23.854553005159467,49.30217452941529,1,-1,-1,-1
99,-1,793.1626889411989,341.91415336217295,37.83825649094279,65.73623270588698,1,-1,-1,-1
99,-1,841.6943657447995,322.1932835504068,24.67712379844088,58.3409065264747,1,-1,-1,-1
99,-1,936.2900069721562,313.56540300775913,14.394988882423856,54.232391982356795,1,-1,-1,-1
99,-1,999.2166726581806,311.5111457357002,30.435119351410425,45.19365998529733,1,-1,-1,-1
99,-1,780.0015562486972,313.56540300775913,15.628845072345802,59.16260943529829,1,-1,-1,-1
99,-1,1047.0024400843727,305.71235987474284,22.209411418596876,56.28664925441575,1,-1,-1,-1
99,-1,1074.153785250798,274.0686976752978,12.338561899220382,37.387482351473224,1,-1,-1,-1
99,-1,1088.5487741332215,276.94465785618036,13.161132692501912,37.387482351473224,1,-1,-1,-1
