0,-1,105.35360428022682,370.2844853032996,28.244762731625357,70.34404783937852,1,-1,-1,-1
0,-1,139.96003727831956,389.45588102889667,34.99321452475355,72.69354248046875,1,-1,-1,-1
0,-1,16.06460551033684,377.86162732091117,33.29453210900757,72.55114968779696,1,-1,-1,-1
0,-1,317.4798220502611,350.9438106242376,29.99351676838063,72.09280237791855,1,-1,-1,-1
0,-1,1060.030815248133,297.9045842403584,20.564269832034046,52.640342596511054,1,-1,-1,-1
1,-1,92.10100048824839,372.613037109375,39.14340029196817,68.37744140625,1,-1,-1,-1
1,-1,2.6092985170433804,379.7492473035534,32.14604377746582,70.06410718863408,1,-1,-1,-1
1,-1,133.73978194697727,390.0939144788437,35.81682651169717,71.38544020404923,1,-1,-1,-1
1,-1,969.5698933658614,297.23136221693375,17.822367187762865,47.93266968137595,1,-1,-1,-1
1,-1,1017.5973057467892,242.35211292442006,10.96761057708485,25.335839688727287,1,-1,-1,-1
1,-1,943.3220336362906,246.59979581324666,12.544204597540764,28.759601808825582,1,-1,-1,-1
2,-1,0,379.0864024088132,33.701879715883706,70.34862167522706,1,-1,-1,-1
2,-1,84.21941936537242,371.140690318774,33.29156004332945,70.93001524279077,1,-1,-1,-1
2,-1,1020.9514644543794,242.55195089761403,10.57591019933184,33.161581677523365,1,-1,-1,-1
2,-1,1157.8507464790634,254.58402920538802,12.632337182535315,32.574651028363675,1,-1,-1,-1
3,-1,711.6134598593638,315.2944888135784,30.723546255122546,44.42331350827524,1,-1,-1,-1
3,-1,1230.0365987524854,291.2397217633099,25,56.836058378103,1,-1,-1,-1
3,-1,1179.3946751127116,288.6932773666928,16.04013046898657,47.24791725735628,1,-1,-1,-1
3,-1,1162.9432592470844,254.58971371846508,11.92727650257985,35.336118011463185,1,-1,-1,-1
3,-1,1021.4610828026898,240.62365720051298,14.39498888242374,30.403007626472768,1,-1,-1,-1
4,-1,1075.4337209440612,295.0824440754746,25,53.92714632359696,1,-1,-1,-1
4,-1,712.0774823275628,315.9272227889203,25,25.950961659216805,1,-1,-1,-1
4,-1,1025.7343127266156,242.135898397454,10.282134916017023,27.047720748776378,1,-1,-1,-1
4,-1,1184.1228247611807,290.40997998015683,18.85058067936466,43.13940271323832,1,-1,-1,-1
4,-1,1241.0173046298085,293.8337421002551,17.13689152669504,40.40039301715969,1,-1,-1,-1
4,-1,1165.272244081816,253.77572529510522,14.394988882423974,32.86811635294349,1,-1,-1,-1
5,-1,985.7883865103921,294.9829194793258,29.112060546875,53.75106684021498,1,-1,-1,-1
5,-1,702.4624580621967,316.44037689977796,25,26.937901963792218,1,-1,-1,-1
5,-1,1083.0886009487097,293.9039301421082,17.920292282201057,54.58455037185264,1,-1,-1,-1
5,-1,1187.3788265254539,287.44769300135147,19.97671926540465,49.30217452941523,1,-1,-1,-1
5,-1,1245.845583720513,292.14272491862215,17.03896643225673,51.06296647689437,1,-1,-1,-1
5,-1,1167.4075830754687,255.1660940215607,13.807438315794343,34.33544297584278,1,-1,-1,-1
5,-1,1026.6892223676925,240.78629311714795,13.807438315794343,31.98772037920392,1,-1,-1,-1
6,-1,991.2524662888131,290.39070177776745,25,61.09562107972674,1,-1,-1,-1
6,-1,693.7549217866376,316.3556198970812,18.507842848830574,28.759601808825582,1,-1,-1,-1
6,-1,1091.7440156247767,295.27701671554144,18.050859074785553,51.356431801474244,1,-1,-1,-1
6,-1,1193.697924448377,289.0965658701768,19.650302283943535,44.50890756127766,1,-1,-1,-1
6,-1,1252.1918475261627,295.94409011037334,19.650302283943535,48.61742210539562,1,-1,-1,-1
6,-1,1247.1650260116655,278.59702870187544,24.22014002439586,53.4106890735332,1,-1,-1,-1
6,-1,1171.99119518123,255.08719547720054,12.338561899220382,26.47709372876007,1,-1,-1,-1
7,-1,678.8712726820941,316.3684514083422,25,76.43221402287084,1,-1,-1,-1
7,-1,1001.0162201858914,293.1639364918215,16.451415865627332,55.46494634559215,1,-1,-1,-1
7,-1,1033.2335762560783,243.17700953838656,14.394988882423856,27.73247317279605,1,-1,-1,-1
7,-1,1094.5975096556488,294.19492237058284,19.536056340432136,48.61742210539556,1,-1,-1,-1
7,-1,1176.1706803013435,253.7916364213742,13.709513221356032,39.033298945827866,1,-1,-1,-1
7,-1,1197.7635252354316,288.0321505544059,15.765940204559623,42.45465028921864,1,-1,-1,-1
7,-1,1258.7711001441007,291.79828888651406,15.080464543491916,48.9597983174054,1,-1,-1,-1
8,-1,666.4996209731402,321.30392396293894,36.88941711279734,70.32244873046875,1,-1,-1,-1
8,-1,1004.4631788362416,293.8148852344474,26.04807512057653,54.43781770956271,1,-1,-1,-1
8,-1,1096.3299353956074,296.2124830291992,22.62069681523764,51.69880801348408,1,-1,-1,-1
8,-1,1179.2893655392493,256.4934673486688,13.709513221356032,36.9766308970614,1,-1,-1,-1
8,-1,1034.9967388844766,242.7984188682756,16.108678035093362,25.678215900737122,1,-1,-1,-1
8,-1,1201.9100623544869,286.6225740055336,16.451415865627098,45.19365998529733,1,-1,-1,-1
8,-1,1261.8899059188238,294.4972268817597,16.451415865627332,50.329303165444685,1,-1,-1,-1
9,-1,662.031005859375,322.30657958984375,35.5477294921875,71.4716796875,1,-1,-1,-1
9,-1,1006.0731402437143,293.98315588169766,25.000000000000046,55.77411741152058,1,-1,-1,-1
9,-1,1102.5900838450007,292.0525251341196,21.02125360607919,52.269435033500415,1,-1,-1,-1
9,-1,1039.2978311397403,242.97860141271093,18.050859074785436,31.95511312091729,1,-1,-1,-1
9,-1,1206.1132213155286,287.9485107065222,17.59387530074041,44.052405945264546,1,-1,-1,-1
9,-1,1184.6349839354043,255.9933975856049,13.9380051083786,33.55286877696313,1,-1,-1,-1
9,-1,1268.0346030565318,277.2207227302143,11.965396943468237,46.791415641343164,1,-1,-1,-1
9,-1,1270.3195219267577,296.8502922187777,9.680478073242309,40.17214220915314,1,-1,-1,-1
10,-1,194.78038024902344,371.9511093286992,33.632843017578125,74.75793608145717,1,-1,-1,-1
10,-1,656.579624939464,321.41226169173024,25,75.38761025921924,1,-1,-1,-1
10,-1,1103.9083667381894,294.37493861950594,25.237967521132717,52.30491393616283,1,-1,-1,-1
10,-1,230.42851364453432,356.81453866564385,25,73.81703504548547,1,-1,-1,-1
10,-1,1016.9461748379014,295.70682146682924,16.965522611428053,48.018263734378365,1,-1,-1,-1
10,-1,1212.6144170784378,287.4847297475078,15.93730911982661,39.54445248713513,1,-1,-1,-1
10,-1,1189.222560144499,255.130177712579,12.338561899220617,34.152027147980355,1,-1,-1,-1
10,-1,1041.6739240996546,240.49359464915887,9.768028170216185,29.016383967832944,1,-1,-1,-1
11,-1,649.32275390625,323.9848937988281,30.69482421875,69.8985595703125,1,-1,-1,-1
11,-1,223.40863037109375,360.0042419433594,30.087677001953125,69.304931640625,1,-1,-1,-1
11,-1,185.87269592285156,375.6796569824219,35.96136474609375,75.34912109375,1,-1,-1,-1
11,-1,33.26646859265741,396.1287880058801,25,74.93222837200756,1,-1,-1,-1
11,-1,1020.3194505617355,296.17360802480397,21.078376577835005,50.07252100643738,1,-1,-1,-1
11,-1,1043.4655544494062,240.4410310250211,9.510974797315823,27.732473172796077,1,-1,-1,-1
11,-1,1109.785324657716,291.7974628264953,22.106590069436685,55.20816418658479,1,-1,-1,-1
11,-1,1217.535075586006,286.4006980892672,14.909095628224696,39.8012346461425,1,-1,-1,-1
12,-1,1023.1947021484375,296.6239013671875,29.248046875,50.38128662109374,1,-1,-1,-1
12,-1,640.6242065429688,326.38751220703125,32.4261474609375,68.92010498046875,1,-1,-1,-1
12,-1,17.277318954467773,397.66394042968744,35.87750434875488,72.47406005859375,1,-1,-1,-1
12,-1,177.7140601343427,374.726407260364,25,78.02381092091584,1,-1,-1,-1
12,-1,213.30777489629966,357.4805535118404,35.831682283089684,74.09862807623072,1,-1,-1,-1
12,-1,1046.3080000509954,241.81098260474408,10.539188288917385,26.962126695773932,1,-1,-1,-1
12,-1,1119.3430700771257,291.94317033469,17.222575984328415,52.38356043750375,1,-1,-1,-1
12,-1,1219.0797787624913,288.86178442660156,19.279002967531774,40.57158112316464,1,-1,-1,-1
13,-1,168.9276123046875,375.69140625,29.348480224609375,75.96466064453125,1,-1,-1,-1
13,-1,206.0798114722582,359.61775971730094,28.44403677701911,71.43915481534661,1,-1,-1,-1
13,-1,7.550837050649357,396.18444666156034,39.78049889581293,74.04877857627721,1,-1,-1,-1
13,-1,629.2290381454802,325.51678058851667,26.206400860228495,76.66465683509966,1,-1,-1,-1
13,-1,1048.5927417648986,243.81674248404462,13.024037560288324,27.39009696078627,1,-1,-1,-1
13,-1,1029.8564070290454,296.0861775175451,19.650302283943653,49.30217452941523,1,-1,-1,-1
13,-1,1125.1672563324312,293.58313311493674,16.451415865627332,39.48738978513352,1,-1,-1,-1
13,-1,1199.1986277277538,255.23699736983596,11.653086238152675,27.161846152779713,1,-1,-1,-1
13,-1,1224.794379831225,285.82228420581964,17.365383413717844,44.052405945264546,1,-1,-1,-1
14,-1,618.0560302734375,326.30523681640625,30.63232421875,72.23565673828125,1,-1,-1,-1
14,-1,153.07962036132812,380.0390319824219,41.922454833984375,75.08331298828125,1,-1,-1,-1
14,-1,196.5426025390625,362.3713684082031,33.684356689453125,69.08428955078125,1,-1,-1,-1
14,-1,30.504013061523438,384.1844482421875,31.512924194335938,56.219970703125,1,-1,-1,-1
14,-1,1.8113194584309709,390.00660216895824,31.469564439930963,72.85327298251248,1,-1,-1,-1
14,-1,1052.1833299549314,244.2955976307476,9.082552509148359,25.678215900737094,1,-1,-1,-1
14,-1,1039.6896716107944,293.1276018228817,15.423202374025653,46.7343529393415,1,-1,-1,-1
14,-1,1126.7450805664055,293.29878992888655,19.878794170966106,48.61742210539562,1,-1,-1,-1
14,-1,1230.9754104146043,286.6217305616827,16.451415865627332,44.85128377328749,1,-1,-1,-1
15,-1,609.1173706054688,329.10028076171875,35.2686767578125,72.360595703125,1,-1,-1,-1
15,-1,54.31220245361328,387.0757751464844,31.200119018554688,52.71173095703125,1,-1,-1,-1
15,-1,146.46006860503397,378.0834660467323,30.750310029209846,78.736702887882,1,-1,-1,-1
15,-1,185.28233501691142,361.9520439916541,41.897297414798416,71.43915481534661,1,-1,-1,-1
15,-1,919.7001821230057,240.14002499863165,7.99721604579098,28.531351000818997,1,-1,-1,-1
15,-1,1055.6364202703496,243.35585018050492,8.067521241797934,26.863364326924973,1,-1,-1,-1
15,-1,1042.5096509025368,292.08869992142445,21.35520328711236,53.25266928337479,1,-1,-1,-1
15,-1,1133.9680393211595,291.77866873843993,15.502295719533402,51.51445159163265,1,-1,-1,-1
15,-1,1236.6428845895402,286.0917365586144,15.660482410549136,43.45544229355512,1,-1,-1,-1
16,-1,139.02334594726562,378.5694580078125,26.17193603515625,77.531494140625,1,-1,-1,-1
16,-1,76.98612976074219,380.9577941894531,33.898773193359375,58.953857421875,1,-1,-1,-1
16,-1,179.39817197392762,361.0471830400435,28.292243845346317,70.93764715364031,1,-1,-1,-1
16,-1,602.2065905049596,325.99601497516124,25,79.53817445212194,1,-1,-1,-1
16,-1,921.0873131191723,239.6501355171049,11.073068371095337,29.0756413891423,1,-1,-1,-1
16,-1,979.7745754859773,247.39310523486566,11.389441753126569,25.757225795816268,1,-1,-1,-1
16,-1,1056.6772292418063,244.07713750711943,10.598508298048255,27.969502858033653,1,-1,-1,-1
16,-1,1046.8712121053998,292.5079672614976,23.25344357930022,51.988510962107746,1,-1,-1,-1
16,-1,1135.0064561003937,289.503365916143,20.880643214065515,53.09464949321645,1,-1,-1,-1
16,-1,1242.4495435937379,284.0902623910343,15.080464543491448,45.87841240931694,1,-1,-1,-1
16,-1,1212.0601226197318,256.24366381423494,13.938005108378835,27.161846152779685,1,-1,-1,-1
17,-1,592.0165405273438,330.04711914062506,31.0677490234375,72.14154052734375,1,-1,-1,-1
17,-1,124.17500305175781,380.34918212890625,38.133544921875,76.78167724609375,1,-1,-1,-1
17,-1,174.14273071289062,365.2973937988281,28.621795654296875,68.61102294921875,1,-1,-1,-1
17,-1,101.78081577449025,379.4627792824699,27.908651914903412,61.0579811662962,1,-1,-1,-1
17,-1,923.2434060378005,240.6819886737711,10.693420312657672,28.896552293629505,1,-1,-1,-1
17,-1,983.3021151198149,249.17195442093188,10.556325180444201,27.93789890000199,1,-1,-1,-1
17,-1,1058.616377082382,244.10960803660126,12.475657031434205,27.663997930394146,1,-1,-1,-1
17,-1,1052.7152113416016,290.182443847427,16.862701262267862,54.09544149755287,1,-1,-1,-1
17,-1,1138.4742328611012,291.80484389018284,22.462510124221907,53.56870886369155,1,-1,-1,-1
17,-1,1244.4697190961333,285.0059873151508,19.45696299492462,45.50969956561408,1,-1,-1,-1
18,-1,1054.5308837890625,294.69219970703125,25.671142578125,50.39678955078125,1,-1,-1,-1
18,-1,583.6591186523438,332.20709228515625,32.4122314453125,72.094482421875,1,-1,-1,-1
18,-1,164.52825927734375,367.3227233886719,33.373504638671875,67.3756103515625,1,-1,-1,-1
18,-1,119.00830078125,379.62744140625,32.310821533203125,78.41986083984375,1,-1,-1,-1
18,-1,127.85351619514013,377.6334844275891,26.360378187420903,57.597673084465036,1,-1,-1,-1
18,-1,926.5138097627565,238.54467682670972,10.28213491601714,26.863364326924945,1,-1,-1,-1
18,-1,1145.3767954770951,293.4387406511644,18.349656157814955,47.56395683767309,1,-1,-1,-1
18,-1,1220.515473709527,258.6743868163203,12.338561899220382,26.073265376133044,1,-1,-1,-1
18,-1,1248.995030756711,286.48943041594805,17.08416262969003,45.19365998529733,1,-1,-1,-1
19,-1,1058.4642333984375,293.9136047363281,27.206298828125,50.72979736328125,1,-1,-1,-1
19,-1,145.2177276611328,377.8733215332031,35.562530517578125,61.76690673828125,1,-1,-1,-1
19,-1,572.8771424333058,329.56521511660486,25,73.74364368035779,1,-1,-1,-1
19,-1,109.57609547758271,377.60827583423327,25,79.50486584288575,1,-1,-1,-1
19,-1,928.1368442250509,240.17637023452107,9.75030035139547,27.626218486310268,1,-1,-1,-1
19,-1,1065.412570873741,245.31774940062752,12.409473174503475,26.386580477309142,1,-1,-1,-1
19,-1,1254.9393512308375,285.7336846041726,14.35953324478231,45.512424044754695,1,-1,-1,-1
19,-1,1152.118002070667,290.86932778432,16.309593315061615,52.59606981047531,1,-1,-1,-1
20,-1,99.7011489868164,382.1194763183594,33.811302185058594,74.1407470703125,1,-1,-1,-1
20,-1,559.8484497070312,332.6277160644531,30.8819580078125,62.31353759765625,1,-1,-1,-1
20,-1,166.39857482910156,374.6556396484375,36.114288330078125,63.21234130859375,1,-1,-1,-1
20,-1,1070.9539279371163,291.7883755102957,16.19436249272697,51.86999611948897,1,-1,-1,-1
20,-1,929.8316262147824,238.1209042777551,11.053295034718342,32.354552034928766,1,-1,-1,-1
20,-1,1066.3269672249087,244.79434747989785,13.880882136623017,26.70823746881552,1,-1,-1,-1
20,-1,1152.4811611407188,291.2852980709582,21.59248332363596,48.01826373437842,1,-1,-1,-1
20,-1,1256.330723792491,283.83861545974446,15.16614900112529,47.24791725735628,1,-1,-1,-1
20,-1,1227.5407460276433,256.36292444595574,12.595615272120977,27.218908854781294,1,-1,-1,-1
21,-1,548.8297729492188,334.53131103515625,39.1668701171875,72.998046875,1,-1,-1,-1
21,-1,89.6885986328125,383.3042907714844,32.146881103515625,71.44146728515625,1,-1,-1,-1
21,-1,186.8391571044922,375.20050048828125,36.646759033203125,56.86798095703125,1,-1,-1,-1
21,-1,139.573486328125,374.56231689453125,34.798980712890625,62.6314697265625,1,-1,-1,-1
21,-1,930.7324830880401,238.631212571229,10.869685482646538,29.933463107144938,1,-1,-1,-1
21,-1,1071.7446190791309,243.32665776450665,10.282134916017023,27.879205835086015,1,-1,-1,-1
21,-1,1077.6201247454262,292.6288322939219,16.157640582312634,50.7695011523145,1,-1,-1,-1
21,-1,1160.1859603613273,291.4615834117143,22.03314624860801,47.5413825819361,1,-1,-1,-1
21,-1,1260.3633319716646,285.59227692011723,14.101213599109041,39.91128414285998,1,-1,-1,-1
21,-1,1232.4546800567612,256.5392097867118,12.338561899220382,27.29227518592632,1,-1,-1,-1
22,-1,205.8426513671875,375.53570556640625,32.66973876953125,53.05731201171875,1,-1,-1,-1
22,-1,542.8706640255767,332.37304791541146,25.237967521132834,75.96666071680795,1,-1,-1,-1
22,-1,126.40749440015348,365.5982284372052,33.339043515570424,70.67390156850576,1,-1,-1,-1
22,-1,77.80103843352742,381.47650588211184,28.35376598053187,77.83469335738519,1,-1,-1,-1
22,-1,935.0581034786762,238.35523078972577,10.282134916017023,31.07064123989187,1,-1,-1,-1
22,-1,1075.4528191418028,243.74150864827664,8.482761305714027,26.191780218751877,1,-1,-1,-1
22,-1,1078.7945129895083,291.2462080646403,23.90596367973968,51.09964964246682,1,-1,-1,-1
22,-1,1164.9223093423059,291.0031673328652,14.137935509523379,49.558956688422654,1,-1,-1,-1
22,-1,1237.9254672460265,258.3918331389291,11.053295034718342,26.96212669577396,1,-1,-1,-1
22,-1,1263.373751163169,282.52935608562194,14.652042255324336,41.59870975919414,1,-1,-1,-1
23,-1,529.664306640625,334.3487243652344,32.740234375,74.2840576171875,1,-1,-1,-1
23,-1,70.90176391601562,383.7027282714844,32.61784362792969,73.455322265625,1,-1,-1,-1
23,-1,123.2276840209961,374.2763977050781,25.528846740722656,62.74615478515626,1,-1,-1,-1
23,-1,222.47431515878966,374.1936289886769,33.027463669630535,50.12554252215606,1,-1,-1,-1
23,-1,934.4801084477475,238.55202894295667,13.709513221356032,34.00937039297627,1,-1,-1,-1
23,-1,1083.5257658460418,288.77524262675615,21.24974549310199,51.12818099346769,1,-1,-1,-1
23,-1,1167.3822883833366,291.0577507068217,17.13689152669504,47.70441887336939,1,-1,-1,-1
23,-1,1239.3641435729874,255.21723085948386,12.338561899220617,26.933595344773156,1,-1,-1,-1
23,-1,1266.3261862416543,281.0095721642242,13.673813758345696,42.22639948121215,1,-1,-1,-1
24,-1,519.4885864257812,336.98797607421875,37.2999267578125,71.5438232421875,1,-1,-1,-1
24,-1,114.56051635742188,377.3966979980469,34.044891357421875,60.43060302734375,1,-1,-1,-1
24,-1,237.2919528918652,374.0466134517786,31.13468890457498,46.85794025522731,1,-1,-1,-1
24,-1,62.015185725369,384.41681334432894,33.44096215676573,74.8958881128634,1,-1,-1,-1
24,-1,936.0981883237876,239.6639038168964,11.840034145716658,31.747612386365912,1,-1,-1,-1
24,-1,1082.4167932150494,245.774269819094,9.118119642505768,25.775114828664446,1,-1,-1,-1
24,-1,1243.398592005084,258.4764201398452,13.759915843493436,26.43345754487641,1,-1,-1,-1
24,-1,1269.4077808341583,280.22652862869046,9.979719183193069,40.480952125867915,1,-1,-1,-1
24,-1,1169.67945007843,292.7186141986029,21.55931514648734,48.043113620733955,1,-1,-1,-1
24,-1,1091.1586065974975,290.8420004334035,16.584088574220885,49.58932877174607,1,-1,-1,-1
25,-1,1092.8896484375,292.69500732421875,25.05615234375,48.95098876953125,1,-1,-1,-1
25,-1,510.3454205665683,333.38102929091207,28.35376598053187,77.83469335738519,1,-1,-1,-1
25,-1,247.90906125017764,373.64787453960344,36.76642182090946,73.16461175594209,1,-1,-1,-1
25,-1,101.45261713495506,367.739450873148,29.600085364291484,63.513109779626326,1,-1,-1,-1
25,-1,940.9977844001587,238.81546154085996,9.908239100889173,31.747612386365883,1,-1,-1,-1
25,-1,1083.5066602684951,245.76152914894453,11.02992654627296,25.21133924799642,1,-1,-1,-1
25,-1,1272.1723395827707,279.38848286829136,7.290968394993979,40.524893457890585,1,-1,-1,-1
25,-1,1178.3244899856697,290.5935225340676,14.20804097485999,47.99491990174137,1,-1,-1,-1
26,-1,500.46697998046875,335.5672607421875,29.240478515625,75.5235595703125,1,-1,-1,-1
26,-1,96.4913330078125,372.1490783691406,26.264236450195312,65.7119140625,1,-1,-1,-1
26,-1,259.32719217055603,375.2185481193003,37.701161358729145,76.90067703709654,1,-1,-1,-1
26,-1,943.6204926694834,240.45266926202862,8.786551655505384,29.1331031310181,1,-1,-1,-1
26,-1,1097.1460798657477,290.1838368102109,24.677123798440764,51.35643180147419,1,-1,-1,-1
26,-1,1181.0856903619595,290.1838368102109,18.694790756394674,49.86242651270407,1,-1,-1,-1
26,-1,1252.1458166848092,259.9126091264991,11.590770268964679,25.21133924799645,1,-1,-1,-1
27,-1,487.7648010253906,337.88018798828125,37.655059814453125,74.03106689453126,1,-1,-1,-1
27,-1,38.69261169433594,383.55352783203125,33.88453674316406,75.90521240234375,1,-1,-1,-1
27,-1,85.73088073730469,373.720458984375,35.415435791015625,66.38330078125,1,-1,-1,-1
27,-1,268.10039719268644,375.00870627258746,37.1159992090371,74.17456436243305,1,-1,-1,-1
27,-1,945.0846273637102,239.59196836987667,10.076492217696641,30.197581899266854,1,-1,-1,-1
27,-1,1107.2270314425202,289.1687885310382,12.926112465850013,51.06296647689437,1,-1,-1,-1
27,-1,1183.902380387676,290.3426498293577,20.564269832034046,49.88910517857493,1,-1,-1,-1
27,-1,1255.0107733197565,258.94681941139726,16.1576405823124,25.238017913867367,1,-1,-1,-1
28,-1,480.69952989755154,335.6655751949548,27.419026442712063,79.08004845110332,1,-1,-1,-1
28,-1,30.89299549172586,385.1434165941234,28.683957083753203,76.8162955003727,1,-1,-1,-1
28,-1,75.32617414847516,369.9980805512018,27.586215628338408,70.66630793988548,1,-1,-1,-1
28,-1,275.9531969000273,374.0075164626846,30.094053412732766,77.18164129604514,1,-1,-1,-1
28,-1,946.2985511099174,238.99690771793465,12.3385618992205,30.52039375630472,1,-1,-1,-1
28,-1,1012.1042145724265,243.1054222620526,13.807438315794343,29.346532457985276,1,-1,-1,-1
28,-1,1111.1733313245318,291.23952135724625,18.50784284883069,48.42177855567572,1,-1,-1,-1
28,-1,1191.6677589527794,288.89179876060746,14.39498888242374,48.715243880255485,1,-1,-1,-1
28,-1,1259.823934633623,256.3163211802298,12.044786615905917,30.226928431724843,1,-1,-1,-1
29,-1,467.66351318359375,337.8515930175781,30.8026123046875,74.4420166015625,1,-1,-1,-1
29,-1,22.07467269897461,385.01507568359375,29.19023895263672,74.463623046875,1,-1,-1,-1
29,-1,64.52958832080539,370.30535137470076,31.469564439930952,70.05122402164666,1,-1,-1,-1
29,-1,282.3585275730771,376.5542178837148,29.911665210231384,73.47595052937157,1,-1,-1,-1
29,-1,949.0391834437293,238.59137014018094,11.163460765961354,30.813859080884537,1,-1,-1,-1
29,-1,1113.0148672376038,289.1037742565304,21.73937096529331,51.06296647689431,1,-1,-1,-1
29,-1,1195.8594971323698,288.22337828279086,15.8638652989977,48.12831323109585,1,-1,-1,-1
29,-1,1265.190463994656,258.87684582480557,11.163460765961354,27.585740510506138,1,-1,-1,-1
30,-1,458.2674255371094,340.8850402832031,35.55145263671875,72.82977294921875,1,-1,-1,-1
30,-1,12.096076965332031,387.494140625,33.73660659790039,74.03424072265625,1,-1,-1,-1
30,-1,57.50747988637301,371.5666849203226,34.60816142464272,69.6639489620148,1,-1,-1,-1
30,-1,286.92835911245305,378.82885136834864,29.212794527749406,58.764466057785114,1,-1,-1,-1
30,-1,951.6172792590685,239.6065524756339,10.869685482646538,30.813859080884537,1,-1,-1,-1
30,-1,1118.8469110174437,288.09321536440643,18.50784284883069,49.30217452941523,1,-1,-1,-1
30,-1,1197.5786869458027,288.97361133814593,19.97671926540465,49.59563985399511,1,-1,-1,-1
30,-1,1266.6158785247744,258.15975225726146,12.044786615905684,26.998809861346416,1,-1,-1,-1
31,-1,4.636652946472168,386.806640625,26.75071430206299,74.1156005859375,1,-1,-1,-1
31,-1,289.20117140678457,376.7365691480839,30.387965611668232,66.74944658368365,1,-1,-1,-1
31,-1,449.7858517512036,340.8751017678303,26.720452520604827,73.2935099742409,1,-1,-1,-1
31,-1,48.66136004016934,370.466060901928,27.244382962185306,71.19940968926264,1,-1,-1,-1
31,-1,953.3325773322567,240.3821698617292,11.82445515341966,29.78673044485503,1,-1,-1,-1
31,-1,1022.7369880153717,249.36954542698723,12.102662737775761,27.73247317279605,1,-1,-1,-1
31,-1,1122.7519042850931,289.1816285683131,18.50784284883069,49.30217452941529,1,-1,-1,-1
31,-1,1202.993328208515,289.45902286816886,17.736682730129374,46.99113509834898,1,-1,-1,-1
32,-1,439.2076416015625,340.83126831054693,27.45343017578125,74.0682373046875,1,-1,-1,-1
32,-1,42.18241882324219,377.4308776855469,28.490432739257812,65.54583740234375,1,-1,-1,-1
32,-1,289.22592501195766,379.40110804998363,31.781144285870877,69.30632526488866,1,-1,-1,-1
32,-1,1024.543878203211,250.76396081434444,15.423202374025536,25.678215900737154,1,-1,-1,-1
32,-1,1127.2035564960522,287.94341379976777,24.26583840180023,51.5618575286801,1,-1,-1,-1
32,-1,1209.4606358241888,288.5596909813855,14.600631580744356,48.4804716205917,1,-1,-1,-1
33,-1,424.7294921875,347.121826171875,38.945068359375,69.40264892578125,1,-1,-1,-1
33,-1,292.03424865461864,379.78278550663606,25,66.22592151243909,1,-1,-1,-1
33,-1,32.34978625846521,374.31053673700416,36.41325781989531,71.19940968926251,1,-1,-1,-1
33,-1,1104.6911692009774,245.0580832562052,13.366775390822061,27.39009696078624,1,-1,-1,-1
33,-1,1131.027570692193,289.71274472729,22.620696815237405,50.84286748345952,1,-1,-1,-1
33,-1,1211.2944438513036,290.2284630352809,20.564269832034046,46.56316483333667,1,-1,-1,-1
34,-1,416.3107435401645,344.88883536664446,29.090918298975105,71.66866691775618,1,-1,-1,-1
34,-1,291.3756697629258,381.70273700698095,29.981552278479672,65.81467546941715,1,-1,-1,-1
34,-1,26.508208803925154,371.9082989848037,26.137763524828383,71.05507333784468,1,-1,-1,-1
34,-1,1109.0678086109892,245.05322841111195,9.908239100889055,27.45234718115172,1,-1,-1,-1
34,-1,1139.5645783178895,291.0017808554732,12.525509806784367,45.94066262968236,1,-1,-1,-1
34,-1,1216.355711877294,288.7070542175828,19.09539341546032,49.008709204835355,1,-1,-1,-1
35,-1,407.97723388671875,350.9836120605469,27.12615966796875,66.4517822265625,1,-1,-1,-1
35,-1,291.07851875120787,380.4575250915747,33.05658328140061,62.989362310305594,1,-1,-1,-1
35,-1,0,388.9267836669485,25,63.75752526530934,1,-1,-1,-1
35,-1,16.194766907454092,375.86801343188523,31.134688904574993,71.05507333784468,1,-1,-1,-1
35,-1,1113.6727853122877,243.8212013822967,8.911183593881374,27.39009696078624,1,-1,-1,-1
35,-1,1142.484057914878,287.6845718206621,17.36538341371761,49.758676145428346,1,-1,-1,-1
35,-1,1221.0852670506529,284.7173113165769,16.222923978604527,51.12818099346769,1,-1,-1,-1
36,-1,393.4405822753906,351.5353393554687,39.7618408203125,66.89715576171875,1,-1,-1,-1
36,-1,6.487910409489208,385.31363564359214,26.50159740447998,67.66222994813032,1,-1,-1,-1
36,-1,289.5069580078125,381.1253662109375,35.42681884765625,57.900634765625,1,-1,-1,-1
36,-1,5.81373048989749,375.46426004514234,38.43788753651232,69.51874742783725,1,-1,-1,-1
36,-1,1039.7880700377348,251.71744333793214,11.196102464107419,25.564090496733815,1,-1,-1,-1
36,-1,1115.8758684162608,246.01117313776834,9.825151141971885,27.846598576799384,1,-1,-1,-1
36,-1,1147.40774882538,288.6940742349936,18.50784284883069,47.019666449349785,1,-1,-1,-1
36,-1,1223.985959855313,289.1496115403237,21.478237380124558,48.160920489382505,1,-1,-1,-1
37,-1,290.49456097683253,380.15158793062756,28.292243845346288,71.42422214401442,1,-1,-1,-1
37,-1,385.5879361236907,346.3472707544819,31.435826494829207,74.34056011673005,1,-1,-1,-1
37,-1,13.307503175820525,386.4270098570789,33.49297669893705,67.53473419055054,1,-1,-1,-1
37,-1,1.7424618988357468,374.35527243562785,25,69.1053094042843,1,-1,-1,-1
37,-1,1118.553383039599,245.4264725937283,10.967610577084965,27.618347768792827,1,-1,-1,-1
37,-1,1148.754491065719,287.65415782251773,20.564269832034046,48.61742210539562,1,-1,-1,-1
37,-1,1226.8987164274486,288.3389102465374,19.87879417096634,49.30217452941529,1,-1,-1,-1
38,-1,371.62620109221,347.31932812041407,30.885120929274407,72.1529619186484,1,-1,-1,-1
38,-1,24.118473052978516,389.1119384765625,27.39307403564453,64.1561279296875,1,-1,-1,-1
38,-1,290.11644586423034,380.5262200635743,29.86403517008769,75.91113533046386,1,-1,-1,-1
38,-1,0.3984688890408837,376.00368169800794,15.628845072345912,68.20134143235776,1,-1,-1,-1
38,-1,972.0356723915806,237.74214016508293,7.711601187012709,29.315963153341542,1,-1,-1,-1
38,-1,1121.3878491767016,246.50227132594395,10.067923771933467,27.390096960786213,1,-1,-1,-1
38,-1,1157.3753213827613,285.23358030955575,15.423202374025653,50.07252100643732,1,-1,-1,-1
38,-1,1234.0741359558428,287.37433567588243,13.709513221356032,49.85853587393128,1,-1,-1,-1
39,-1,359.243896484375,353.1992492675781,41.69049072265625,68.65972900390625,1,-1,-1,-1
39,-1,27.804183959960938,385.1674499511719,29.089767456054688,67.3857421875,1,-1,-1,-1
39,-1,288.3200129317098,378.9123332751023,26.665756485494757,79.03215017826805,1,-1,-1,-1
39,-1,1121.854023000063,246.37877003169646,13.79970738728611,26.759403938662906,1,-1,-1,-1
39,-1,1159.7355726906524,286.11243042546863,21.91718232098359,49.73464974458556,1,-1,-1,-1
39,-1,1239.2868270408894,286.3827274349501,20.83485232982405,49.46435273510409,1,-1,-1,-1
40,-1,348.65049311620874,350.11800359492366,35.10972898152166,72.16984640669159,1,-1,-1,-1
40,-1,291.47179163201645,378.68523446423904,25.579945400822883,81.19107720752804,1,-1,-1,-1
40,-1,31.65979716875648,386.70410628720475,25.078377843944015,64.1509745837259,1,-1,-1,-1
40,-1,1127.1709064043096,247.45114099336777,11.964666084092647,27.078845858959117,1,-1,-1,-1
40,-1,1163.6257483792792,285.9217771791994,20.003426109342094,50.796179818185415,1,-1,-1,-1
40,-1,1241.9805249490003,288.5423352924676,21.685957277417717,45.75391196858616,1,-1,-1,-1
41,-1,342.65179443359375,350.391845703125,27.64483642578125,72.276611328125,1,-1,-1,-1
41,-1,286.80096435546875,379.0281677246094,29.30633544921875,63.4288330078125,1,-1,-1,-1
41,-1,27.685849143506644,385.1725425709513,29.212794527749374,67.21425856282602,1,-1,-1,-1
41,-1,1132.4021949209884,245.89725211554796,8.225707932813666,27.265596520055404,1,-1,-1,-1
41,-1,1173.285431829899,286.9897618501433,10.539188288917385,48.78861021140051,1,-1,-1,-1
41,-1,1245.0033228691177,286.21941537312114,18.50784284883069,46.4775707803342,1,-1,-1,-1
42,-1,331.2131042480469,352.72210693359375,35.85809326171874,72.554931640625,1,-1,-1,-1
42,-1,21.478567123413086,386.7070007324219,35.80865669250488,67.8994140625,1,-1,-1,-1
42,-1,287.7489208447147,376.4109992834542,29.59717340311448,68.36650299533169,1,-1,-1,-1
42,-1,1135.1896222982,248.31936105345798,9.016641387891863,26.231285166291478,1,-1,-1,-1
42,-1,1174.6124335378695,287.27345406302385,18.033282775783725,48.35405578846499,1,-1,-1,-1
42,-1,1249.2765516972547,285.2191967909649,15.660482410548902,48.986134949098485,1,-1,-1,-1
43,-1,1176.991455078125,288.43383789062506,25.50390625,48.48223876953125,1,-1,-1,-1
43,-1,19.576770782470703,388.52386474609375,30.813865661621094,66.14080810546875,1,-1,-1,-1
43,-1,319.8240574973441,350.5690181020732,30.750310029209878,72.2073177703503,1,-1,-1,-1
43,-1,287.15185309130857,376.6865585721999,30.750310029209878,67.59834004032794,1,-1,-1,-1
43,-1,1135.1894371072362,248.39813174518855,12.496748590236114,25.91524558597467,1,-1,-1,-1
43,-1,1253.2164580988383,286.0818355029204,17.24234932070553,48.03801620814818,1,-1,-1,-1
44,-1,13.986066818237305,388.93145751953125,28.891756057739258,68.24383544921875,1,-1,-1,-1
44,-1,310.5330136526368,349.20344617325094,26.58308051458066,74.17456436243299,1,-1,-1,-1
44,-1,285.2266994994736,375.45825641963484,30.41091618463968,55.7296404438878,1,-1,-1,-1
44,-1,1141.3092802295332,247.20466937995343,9.841471991044976,26.55861187447666,1,-1,-1,-1
44,-1,1152.17896571218,256.5955597665087,15.276314732368304,32.86811635294349,1,-1,-1,-1
44,-1,1184.3745316777006,287.5937596263189,15.716977657340351,45.046927323007445,1,-1,-1,-1
44,-1,1254.7410475579056,288.3327955258594,21.00493275700633,46.36752128361671,1,-1,-1,-1
45,-1,6.9560202983250585,390.83937236720953,32.09272413181078,68.80586892792847,1,-1,-1,-1
45,-1,302.3857642386965,353.7784868317297,31.781144285870877,71.91925666222389,1,-1,-1,-1
45,-1,287.1029011592274,378.736783815645,25,63.20177100619678,1,-1,-1,-1
45,-1,1144.1634464333565,248.90911501026693,8.960146141100646,27.29227518592632,1,-1,-1,-1
45,-1,1155.7675701242897,255.21861948873376,11.457236049276286,34.041977651262904,1,-1,-1,-1
45,-1,1190.1640744174142,286.21268658847407,15.716977657340351,51.356431801474244,1,-1,-1,-1
45,-1,1263.7587606027391,286.3559064047047,13.073000107507362,48.12831323109585,1,-1,-1,-1
46,-1,286.5480041503906,376.68719482421875,25.182861328125,65.5521240234375,1,-1,-1,-1
46,-1,0,391.7786760533619,25,69.32837660855374,1,-1,-1,-1
46,-1,989.4812898163776,241.7610251241533,10.656030731144993,29.506604453210674,1,-1,-1,-1
46,-1,1144.1183736180078,248.09713491647253,15.329728420243661,27.639097842247917,1,-1,-1,-1
46,-1,1159.4481020382516,255.75391202141955,10.282134916017023,29.1331031310181,1,-1,-1,-1
46,-1,1191.0422984165587,286.5677711023041,24.30322798331303,48.18167056283769,1,-1,-1,-1
46,-1,1265.0859645672572,287.1430137334827,14.914035432742898,48.18167056283763,1,-1,-1,-1
47,-1,287.55484942982486,375.0923850159403,25,70.98524034193531,1,-1,-1,-1
47,-1,990.674188803349,239.61419256545278,12.167192983953514,31.669799610909095,1,-1,-1,-1
47,-1,1148.1931396273424,247.00493367716535,12.509930814487367,28.759601808825526,1,-1,-1,-1
47,-1,1161.7312839334315,255.73552708341595,11.995824068686645,34.57999741299267,1,-1,-1,-1
47,-1,1195.8647363020377,285.4009725001096,21.9352211541697,48.61742210539562,1,-1,-1,-1
47,-1,1267.3248507474518,287.28404166616366,12.675149252548268,46.9055410453465,1,-1,-1,-1
48,-1,287.1467731370442,378.5207849914433,25,68.64506758340991,1,-1,-1,-1
48,-1,266.35652231784485,355.2627522246958,25,75.41925188440436,1,-1,-1,-1
48,-1,996.0186436129538,242.8707140760727,10.656030731144876,29.133103131018128,1,-1,-1,-1
48,-1,1152.352591506039,246.43028537127478,9.721291193325305,30.62710841978825,1,-1,-1,-1
48,-1,1165.0650492203872,255.95456908718455,13.460249344604053,34.548872302809926,1,-1,-1,-1
48,-1,1204.884953531508,284.9316918343538,15.703624235371395,49.67567585160781,1,-1,-1,-1
48,-1,1274.2426272377318,287.35997641625056,5.757372762268179,45.940662629682414,1,-1,-1,-1
49,-1,287.70416628602226,375.29289962201517,26.484286904892375,72.23059543565338,1,-1,-1,-1
49,-1,260.90829953518994,356.30123444281315,25,73.47595052937163,1,-1,-1,-1
49,-1,998.1874412007294,243.19192521912177,9.253921424415346,28.074849384805884,1,-1,-1,-1
49,-1,1086.7984294436578,254.68177884579333,9.596659254949316,28.417225596815747,1,-1,-1,-1
49,-1,1154.8625654246684,248.52093565098235,10.110766000750038,26.19178021875185,1,-1,-1,-1
49,-1,1168.0627331045112,255.4149878816321,11.653086238152675,35.435937943017194,1,-1,-1,-1
49,-1,1207.306214700643,284.5169659024675,25.01986162897497,51.185243695469296,1,-1,-1,-1
49,-1,1253.7523135527265,259.8600927736621,13.538144306089281,25.678215900737094,1,-1,-1,-1
50,-1,286.80429568069695,376.8542741297465,25,71.58054744717417,1,-1,-1,-1
50,-1,250.5788508123765,354.7048991804966,25,73.47595052937157,1,-1,-1,-1
50,-1,1001.5723658687185,242.0065931907825,10.69342031265779,31.01928480809045,1,-1,-1,-1
50,-1,1159.4368785286822,248.54241089064323,9.082552509148359,27.39009696078627,1,-1,-1,-1
50,-1,1171.432702597369,256.07468755485945,10.967610577084733,35.09356173100739,1,-1,-1,-1
50,-1,1211.373592999492,287.0891462175794,21.07837657783477,46.049600515321885,1,-1,-1,-1
50,-1,1247.8751719513525,258.32954440875386,13.709513221356032,27.047720748776435,1,-1,-1,-1
51,-1,239.1522216796875,363.2864074707031,36.1702880859375,67.99444580078125,1,-1,-1,-1
51,-1,287.58123573908716,377.02078796492685,25,70.45151673034177,1,-1,-1,-1
51,-1,1004.1466882666887,241.85106972142808,11.104705709298438,30.197581899266854,1,-1,-1,-1
51,-1,1160.7035572629757,247.81362308808713,12.1329192009,26.91077026397254,1,-1,-1,-1
51,-1,1173.2477618605164,257.4686322667643,14.600631580744123,36.36035371544374,1,-1,-1,-1
51,-1,1215.6101577145066,285.2011054395604,18.50784284883069,49.918451711032915,1,-1,-1,-1
52,-1,287.0137939453125,376.69512939453125,30.2015380859375,65.09722900390625,1,-1,-1,-1
52,-1,231.62132771181777,354.9401080217608,34.59409878286111,77.58445845537639,1,-1,-1,-1
52,-1,1005.6186757631198,243.30474626421253,15.011916977384887,30.403007626472768,1,-1,-1,-1
52,-1,1163.2115690367764,247.42541112293586,11.721633804259469,29.581304717649147,1,-1,-1,-1
52,-1,1174.1106320477545,255.84786593837765,13.572418089142678,34.92237362500247,1,-1,-1,-1
52,-1,1220.174596471511,283.5803391111737,16.65705856394748,48.4804716205917,1,-1,-1,-1
52,-1,1237.6542258287398,258.92925184646606,12.95548999418153,25.267364446325356,1,-1,-1,-1
53,-1,288.63068854106297,373.3906752165363,26.484286904892375,73.47595052937163,1,-1,-1,-1
53,-1,220.39470228022253,359.69176918563653,25.237967521132717,73.78728930280113,1,-1,-1,-1
53,-1,1008.9781410649605,240.80522493520118,12.151613991656632,32.68136569184723,1,-1,-1,-1
53,-1,1163.4614793732774,248.48856441623363,13.647197252168038,27.63909784224795,1,-1,-1,-1
53,-1,1178.230364070829,257.4525961488546,14.20804097485999,33.988620319521125,1,-1,-1,-1
53,-1,1220.613975802374,285.02171718914775,22.914472098552103,49.00870920483542,1,-1,-1,-1
54,-1,209.6807098388672,362.2317810058594,35.503875732421875,70.31683349609375,1,-1,-1,-1
54,-1,287.43493994862547,372.9832639144364,27.730606288652037,69.73988524821712,1,-1,-1,-1
54,-1,1012.6380822224713,240.80723669879396,9.66520682105611,31.01928480809048,1,-1,-1,-1
54,-1,1101.8870132934994,253.33820605835368,9.870849519376259,31.01928480809045,1,-1,-1,-1
54,-1,1171.0246174532308,246.97897660432247,9.459564122735728,29.78673044485503,1,-1,-1,-1
54,-1,1181.7180377658885,255.81228287417602,16.451415865627332,36.36035371544377,1,-1,-1,-1
54,-1,1226.9594313963637,256.4285600557937,13.161132692501678,28.759601808825554,1,-1,-1,-1
54,-1,1224.4917190165195,283.33933031976625,24.06019570347985,49.91845171103297,1,-1,-1,-1
55,-1,286.11859130859375,374.4432373046875,32.1927490234375,73.9671630859375,1,-1,-1,-1
55,-1,199.7538634889064,361.39944184132503,33.33904351557045,72.54193420908298,1,-1,-1,-1
55,-1,1013.3348052863026,241.80614753656008,12.3385618992205,30.226928431724815,1,-1,-1,-1
55,-1,1105.3302754871827,254.4297025295706,13.954325957451692,33.455047002103214,1,-1,-1,-1
55,-1,1173.3392535745525,245.0388121430153,10.722797840989307,30.37366109401472,1,-1,-1,-1
55,-1,1183.9347423969411,256.05388707693095,14.836375028300301,36.24296758561182,1,-1,-1,-1
55,-1,1219.0416119739607,255.907154414641,11.604123690933635,25.091285251577432,1,-1,-1,-1
55,-1,1233.5856065021192,284.2435025528833,15.570090015683002,47.98158056880591,1,-1,-1,-1
56,-1,190.45774168382985,360.84971972844187,28.08778318521727,76.1792823181745,1,-1,-1,-1
56,-1,287.1966251813642,375.0421659118006,27.87718669599896,70.54179484266942,1,-1,-1,-1
56,-1,1012.8011848949953,243.9294725249237,14.768884697551826,29.6933551143069,1,-1,-1,-1
56,-1,1191.019346518114,256.82973280081086,7.104020487429995,26.331843214574025,1,-1,-1,-1
56,-1,1236.0748441987043,283.72419494307735,18.133947033702956,49.67567585160781,1,-1,-1,-1
56,-1,609.3766084640639,246.8989000991012,9.42529033968233,29.444354232845196,1,-1,-1,-1
57,-1,178.78961181640625,364.8302001953125,36.866729736328125,73.266357421875,1,-1,-1,-1
57,-1,288.0698162909323,374.2311214660166,29.28850551835167,75.9666607168079,1,-1,-1,-1
57,-1,1021.4694140324435,239.43479543427736,10.624872746550878,33.895244988972934,1,-1,-1,-1
57,-1,1112.6872175864169,254.162517337127,11.653086238152675,28.93078991483044,1,-1,-1,-1
57,-1,1181.4258603781109,246.46049903293033,9.939397085483053,31.32742339889926,1,-1,-1,-1
57,-1,1238.8387074596544,283.7848574401163,20.33577794501148,48.61742210539562,1,-1,-1,-1
57,-1,605.4633571832727,247.37679836474652,9.939397085483053,28.074849384805912,1,-1,-1,-1
58,-1,167.37425231933594,366.26800537109375,38.024444580078125,71.81634521484375,1,-1,-1,-1
58,-1,287.74291130247457,375.97849764810945,28.828415652384273,71.43915481534661,1,-1,-1,-1
58,-1,1020.5567766420506,240.8694391707722,14.982539449053371,32.2811857037838,1,-1,-1,-1
58,-1,1115.9373265650988,254.81544786642354,12.485449540877966,30.52039375630469,1,-1,-1,-1
58,-1,1182.3305405942374,245.71802280444808,13.073000107507362,33.01484901523346,1,-1,-1,-1
58,-1,1243.751374751431,286.5386322415367,16.01075294065505,46.51425394590665,1,-1,-1,-1
58,-1,603.5644452324833,249.02069497536738,10.282134916017023,28.502819649818193,1,-1,-1,-1
59,-1,284.7201232910156,375.51104736328125,35.08160400390625,71.3380126953125,1,-1,-1,-1
59,-1,160.99928676974085,363.7285430314892,25,73.16119045073954,1,-1,-1,-1
59,-1,1025.028891297185,241.2172931661083,12.886942428074736,31.63556198970813,1,-1,-1,-1
59,-1,1120.4871215412034,254.10741774356148,14.669179146851151,28.896552293629505,1,-1,-1,-1
59,-1,1183.962167756082,246.43819059454134,13.983703485782975,34.10067071617888,1,-1,-1,-1
59,-1,1200.5506787539227,256.16167501562046,11.515991105939085,27.116195991178365,1,-1,-1,-1
59,-1,1248.0059893293205,281.2824366864009,16.314320733413744,49.30217452941529,1,-1,-1,-1
59,-1,601.2327759291206,248.15118546416468,9.965761533985676,28.443562228508803,1,-1,-1,-1
60,-1,150.79872131347656,375.59344482421875,36.186737060546875,62.7498779296875,1,-1,-1,-1
60,-1,283.500244140625,376.0821838378906,35.765380859375,71.333984375,1,-1,-1,-1
60,-1,1028.8041151191974,241.55230620937186,9.7680281702163,32.01217582291896,1,-1,-1,-1
60,-1,1122.5854009983568,254.73354929407952,11.481717322885688,25.507027794732178,1,-1,-1,-1
60,-1,1190.1181934686763,251.4882076101084,13.195406475555309,28.246037490810828,1,-1,-1,-1
60,-1,1248.8978519420582,283.2054995221536,23.134803561038364,48.78861021140051,1,-1,-1,-1
60,-1,598.5123705634915,249.20909070915656,12.151613991656514,26.145092553477767,1,-1,-1,-1
61,-1,142.4376220703125,366.1485290527344,26.226715087890625,73.44256591796875,1,-1,-1,-1
61,-1,283.92242431640625,376.667236328125,33.9991455078125,72.4183349609375,1,-1,-1,-1
61,-1,1032.5680030461535,241.80762943350553,8.412655840377534,30.62710841978825,1,-1,-1,-1
61,-1,1128.09838381133,255.06692637134068,10.09518700845304,25.398089909092707,1,-1,-1,-1
61,-1,1191.505743437369,254.88359462993859,10.09518700845304,32.49461503075097,1,-1,-1,-1
61,-1,1269.6499687990986,253.01635101279854,10.282134916017023,32.868116352943545,1,-1,-1,-1
61,-1,1252.450498313796,282.99323851492875,22.059853092545453,48.55806481707912,1,-1,-1,-1
61,-1,594.9554929581096,249.84568145893638,10.135247274359674,26.85207719905651,1,-1,-1,-1
62,-1,285.4803771972656,376.12603759765625,30.91845703125,67.0748291015625,1,-1,-1,-1
62,-1,132.10499588385554,368.89362971058574,25,71.60791788879435,1,-1,-1,-1
62,-1,1033.5047529658918,243.24866930202006,11.777718176528547,30.813859080884537,1,-1,-1,-1
62,-1,1127.5881377658657,254.4637027330561,15.703624235371395,36.789880235965136,1,-1,-1,-1
62,-1,1185.915884925817,256.14445868292256,12.525509806784367,33.05486701403975,1,-1,-1,-1
62,-1,1211.3408003545137,256.7047106662113,11.029926546272726,25.21133924799645,1,-1,-1,-1
62,-1,1199.750030085549,250.35518818893817,6.7301246723020265,30.62710841978825,1,-1,-1,-1
62,-1,1255.1017983634708,281.9668077219749,21.49900936985397,48.368421223933886,1,-1,-1,-1
62,-1,1264.449193741668,255.2614631852083,13.086353529476318,30.813859080884505,1,-1,-1,-1
62,-1,590.4103081984607,250.2994524676912,14.851972656469112,26.7053445367666,1,-1,-1,-1
63,-1,116.19751739501953,372.7835998535156,39.34697723388672,70.29345703125,1,-1,-1,-1
63,-1,288.3460647968681,375.3315631685533,25.549547367072748,71.29657911536479,1,-1,-1,-1
63,-1,1037.0095272348908,243.5005537576817,9.45956412273561,29.581304717649175,1,-1,-1,-1
63,-1,1132.4602118741395,254.19281683455952,12.544204597540764,35.94950226103198,1,-1,-1,-1
63,-1,1181.0054129086534,253.99230909183674,13.161132692501912,36.77120516985554,1,-1,-1,-1
63,-1,1201.7753254390077,248.24038873007163,8.63699332945443,33.68981926176711,1,-1,-1,-1
63,-1,1213.9082446399077,254.81401200066034,10.076492217696876,28.965027536031496,1,-1,-1,-1
63,-1,1261.2060652535865,254.19773481904267,9.253921424415346,32.25183917132581,1,-1,-1,-1
63,-1,1261.0004225552661,277.8216934477208,15.834487770666184,47.45334298456219,1,-1,-1,-1
63,-1,584.6964498251168,250.06509064139516,15.537448317536937,29.21610342483864,1,-1,-1,-1
64,-1,110.40709038585594,370.7619121446675,34.69102910795316,71.82991597071805,1,-1,-1,-1
64,-1,288.15390962969843,375.0502653369492,26.465321175139515,74.68881809890586,1,-1,-1,-1
64,-1,1039.7420856928813,241.23473564077045,11.241800841512026,29.307403748041303,1,-1,-1,-1
64,-1,1135.4721436797058,255.4752717147402,12.338561899220382,35.74407653382607,1,-1,-1,-1
64,-1,1177.149063872628,252.87321250346548,12.475657031434205,37.38748235147325,1,-1,-1,-1
64,-1,1201.551997406642,248.4907969897397,13.2982278247155,31.635561989708158,1,-1,-1,-1
64,-1,1216.095267237935,257.13603512468075,12.475657031434205,25.198889203923336,1,-1,-1,-1
64,-1,1256.401236108722,255.62957979183753,11.378895973725497,30.40300762647271,1,-1,-1,-1
64,-1,1265.5675927011519,276.4993954078651,14.432407298848199,48.27504589338579,1,-1,-1,-1
64,-1,582.1056979085788,251.36165332279722,11.705815135157918,27.337423697400126,1,-1,-1,-1
65,-1,287.01701627750805,374.94343760272733,25,72.48377202064009,1,-1,-1,-1
65,-1,102.56169312167715,369.29752106269507,25,74.74183345430491,1,-1,-1,-1
65,-1,1041.2962693137276,242.21942316523723,13.118585927332173,29.22003878359743,1,-1,-1,-1
65,-1,1138.8290745166767,255.86741201755518,12.054916798088948,35.77241111688891,1,-1,-1,-1
65,-1,1171.8028175232141,253.742318287839,16.486871503268528,38.251687134891164,1,-1,-1,-1
65,-1,1202.6492222712652,248.42958396354857,13.295864115539203,31.522223657456614,1,-1,-1,-1
65,-1,1221.26343203302,257.2841411706993,11.877638609881803,25.678215900737122,1,-1,-1,-1
65,-1,1250.7051404940573,255.16328708277894,16.486871503268762,31.34513251331355,1,-1,-1,-1
65,-1,1268.964793879398,276.41422437994066,11.035206120601925,48.522973495186044,1,-1,-1,-1
65,-1,574.1137950203064,251.09560726430345,14.909095628224696,28.37442857031451,1,-1,-1,-1
66,-1,90.8543930053711,373.5043029785156,33.986236572265625,70.18536376953125,1,-1,-1,-1
66,-1,286.30322265625,377.6080017089844,29.4202880859375,71.64935302734375,1,-1,-1,-1
66,-1,569.7424831366434,251.69438231807774,12.11007001219793,25.7923413047404,1,-1,-1,-1
66,-1,1043.1045932970312,242.0965980905013,14.41636407804497,31.726862312910733,1,-1,-1,-1
66,-1,1142.291447460461,254.6417137347149,13.709513221356032,36.52012928104837,1,-1,-1,-1
66,-1,1167.6540469199697,251.4462024226232,15.080464543491681,37.43313251307457,1,-1,-1,-1
66,-1,1208.1199325604,249.1717302649157,10.282134916017023,30.129106656864895,1,-1,-1,-1
66,-1,1247.6490290153097,252.82374319302056,8.454199819836235,30.129106656864895,1,-1,-1,-1
66,-1,1269.812742056502,277.89790263673177,10.187257943497974,48.160920489382505,1,-1,-1,-1
67,-1,83.28583349756293,372.9061681476613,30.698165893554688,72.03900452522748,1,-1,-1,-1
67,-1,286.11981201171875,377.4649658203125,29.36932373046875,71.9832763671875,1,-1,-1,-1
67,-1,562.8735414745,251.259135006042,13.161132692501795,30.40300762647274,1,-1,-1,-1
67,-1,1046.4350644290555,241.9423058119179,13.024037560288324,32.18336392892382,1,-1,-1,-1
67,-1,1146.5145109449547,255.63735429231102,9.368167367926747,32.86811635294349,1,-1,-1,-1
67,-1,1160.2572923279163,250.39947887325022,16.90839963967247,40.856894633172836,1,-1,-1,-1
67,-1,1212.8104263431142,249.48647564122402,10.282134916017023,28.759601808825526,1,-1,-1,-1
67,-1,1227.4339071125607,258.160006345473,10.739118690062396,28.074849384805912,1,-1,-1,-1
67,-1,1241.3719122209393,253.59499018534197,11.881578125175244,31.726862312910733,1,-1,-1,-1
67,-1,1271.3044297787783,277.7895758340365,8.695570221221663,47.24791725735628,1,-1,-1,-1
68,-1,285.3893127441406,376.7236633300781,30.8536376953125,72.8433837890625,1,-1,-1,-1
68,-1,73.66751371776854,372.2741755875785,25,74.51602731093843,1,-1,-1,-1
68,-1,557.2951525941802,252.38048090607924,9.988359632702208,29.199799795695338,1,-1,-1,-1
68,-1,903.4387077699987,239.17271664329388,8.739814678614506,27.73247317279605,1,-1,-1,-1
68,-1,1050.321389091355,242.46463529857823,10.282134916017023,31.84098771691401,1,-1,-1,-1
68,-1,1151.2913099556465,255.4722795005735,9.42529033968233,35.09356173100739,1,-1,-1,-1
68,-1,1162.0875516174644,253.07564601650472,8.568445763347404,34.579997412992604,1,-1,-1,-1
68,-1,1215.5656220311375,250.50734227108953,12.167192983953397,27.732473172796134,1,-1,-1,-1
68,-1,1240.0713769143115,253.93110439118783,10.110766000750038,28.93078991483047,1,-1,-1,-1
69,-1,61.38695526123047,375.9152526855469,37.2576904296875,71.53253173828125,1,-1,-1,-1
69,-1,286.7055569864466,375.64739115990375,27.917554196215963,67.74731709826808,1,-1,-1,-1
69,-1,548.6174772725985,252.0915768631214,14.780568941774515,29.016383967832944,1,-1,-1,-1
69,-1,906.8509903076069,240.8695837296412,6.543176764738159,27.825848503344204,1,-1,-1,-1
69,-1,1052.9001076431223,242.01323115261005,11.216874453836711,32.49461503075094,1,-1,-1,-1
69,-1,1153.5307455438412,257.72395612873316,10.842978638708976,33.61511899732858,1,-1,-1,-1
69,-1,1158.2044432329399,250.2539296848824,11.590770268964679,32.68136569184723,1,-1,-1,-1
69,-1,1218.5886173760946,252.8684389402302,10.09518700845304,27.265596520055404,1,-1,-1,-1
70,-1,50.725929260253906,379.052490234375,38.02824401855469,67.149658203125,1,-1,-1,-1
70,-1,286.593615026095,375.7374985331545,25.54954736707269,70.0512240216466,1,-1,-1,-1
70,-1,543.4096194661007,253.09441848696935,9.253921424415346,29.78673044485506,1,-1,-1,-1
70,-1,906.3231383588654,239.74005540374156,9.853712627849678,28.67400775582311,1,-1,-1,-1
70,-1,1054.9856723529451,241.66592159629684,11.138979492351952,31.241829345896846,1,-1,-1,-1
70,-1,1149.9403475580611,249.57553647472497,14.780568941774515,34.665591465995114,1,-1,-1,-1
70,-1,1221.9152919701803,249.78952160723105,10.067923771933467,32.0977698759214,1,-1,-1,-1
70,-1,1230.697948877612,253.85523912484783,10.71055720418437,32.09776987592137,1,-1,-1,-1
70,-1,1238.837972352792,259.8468228350198,10.496346060100814,25.03626050321869,1,-1,-1,-1
71,-1,286.04815673828125,377.4010314941406,29.8839111328125,67.377197265625,1,-1,-1,-1
71,-1,44.7511581874886,374.6637731879601,26.4842869048924,71.60791788879435,1,-1,-1,-1
71,-1,533.0515920522791,249.78581806768702,16.86270126226798,32.6626906257376,1,-1,-1,-1
71,-1,909.3827634984608,240.4107054311974,8.542081314844898,27.653463277716902,1,-1,-1,-1
71,-1,1056.0437452266083,240.88320706903085,12.338561899220617,31.76197782183484,1,-1,-1,-1
71,-1,1145.805043580358,252.34382288043187,10.135247274359674,30.52039375630466,1,-1,-1,-1
71,-1,1161.9626841626707,256.59907008683973,10.575910199331723,27.732473172796077,1,-1,-1,-1
71,-1,1224.6837071503744,250.4362982706628,14.541876524081323,32.28118570378377,1,-1,-1,-1
72,-1,33.5947036743164,379.7014465332031,32.617340087890625,69.24810791015625,1,-1,-1,-1
72,-1,286.1070861816406,377.0379638671875,30.5810546875,73.2125244140625,1,-1,-1,-1
72,-1,911.7948982238418,240.11204078495518,10.667714975367684,29.401557206343988,1,-1,-1,-1
72,-1,1058.3755289173814,241.9089734732476,13.49530207727224,30.813859080884505,1,-1,-1,-1
72,-1,1140.7880749106591,252.30196100768308,12.08150852632002,36.07789334053563,1,-1,-1,-1
72,-1,1164.0514051581476,255.2549558362678,11.567401780519297,33.510071750461925,1,-1,-1,-1
72,-1,1218.695135474361,251.28369197605332,11.567401780519297,30.30029476286981,1,-1,-1,-1
72,-1,1230.0054838819797,251.15530089654965,10.282134916017023,29.65833936535135,1,-1,-1,-1
72,-1,1245.5572129424554,260.5278497003187,10.410661602467204,25.421433741729704,1,-1,-1,-1
72,-1,528.3656213636079,251.02298037085794,13.92042880937701,32.55207677262671,1,-1,-1,-1
73,-1,25.202077865600586,381.6064758300781,32.22836494445801,67.61260986328125,1,-1,-1,-1
73,-1,286.58575439453125,377.4532165527344,30.5733642578125,73.9462890625,1,-1,-1,-1
73,-1,521.3517418364381,251.78611292763122,12.813121972267346,33.65821530373542,1,-1,-1,-1
73,-1,913.6099276490954,239.61413842074518,11.547628444142303,26.0732653761331,1,-1,-1,-1
73,-1,1061.7456601187146,243.2379119991305,12.180375208204882,29.707720549775857,1,-1,-1,-1
73,-1,1135.3024714409903,250.6648421365745,15.185922337501937,36.66059131674465,1,-1,-1,-1
73,-1,1167.6102195275917,256.19998545680846,10.598508298048255,33.34217572341867,1,-1,-1,-1
73,-1,1214.7498534502542,252.40751049300727,12.496748590236114,31.919997611993242,1,-1,-1,-1
73,-1,1233.8904430631476,251.45939175205697,8.542081314844898,32.23603719230999,1,-1,-1,-1
73,-1,1247.8108718725246,259.51840105013446,11.705815135157918,26.547324746608254,1,-1,-1,-1
74,-1,286.5816345214844,376.8492736816406,30.33880615234375,75.26873779296875,1,-1,-1,-1
74,-1,14.554761098463937,377.63797174241625,25,72.70957816400657,1,-1,-1,-1
74,-1,513.255572660681,255.07868438720965,10.96761057708485,29.99215617206094,1,-1,-1,-1
74,-1,916.3133540398462,240.67022267091176,9.807574842970176,27.021384117083347,1,-1,-1,-1
74,-1,1064.4189337609869,242.26711056508535,12.813121972267346,31.129898661201313,1,-1,-1,-1
74,-1,1129.6264537980928,251.12890320832304,13.762242118361277,34.44831425452735,1,-1,-1,-1
74,-1,1171.5459269172395,257.4496948146583,13.762242118361277,33.3421757234187,1,-1,-1,-1
74,-1,1209.6833838700995,251.76743583275803,14.711362264455206,31.287918451359687,1,-1,-1,-1
74,-1,1235.46781450565,250.34525772133256,12.02218851718915,28.443562228508775,1,-1,-1,-1
74,-1,1250.337363461121,261.0906034521025,11.705815135157918,25.441186215499517,1,-1,-1,-1
75,-1,5.458581924438477,383.3334655761719,32.14339256286621,69.0299072265625,1,-1,-1,-1
75,-1,286.417724609375,376.123046875,34.7366943359375,73.4052734375,1,-1,-1,-1
75,-1,505.7749603150219,253.4279094270509,14.99982034807194,31.901407048445197,1,-1,-1,-1
75,-1,920.4768800474897,238.986378090337,9.45956412273561,29.581304717649175,1,-1,-1,-1
75,-1,1070.3904071230181,242.06776399842548,7.608779837852752,29.99215617206094,1,-1,-1,-1
75,-1,1124.2883933694586,250.080524532275,15.217559675705271,36.15492798823786,1,-1,-1,-1
75,-1,1174.670854457942,255.4215934396283,12.544204597540764,35.53865080662018,1,-1,-1,-1
75,-1,1206.1341873009542,251.51850462271628,9.66520682105611,30.403007626472768,1,-1,-1,-1
75,-1,1238.4422938190146,251.11488549842676,13.161132692501678,32.868116352943545,1,-1,-1,-1
75,-1,1252.2203546064775,261.18074613151566,12.338561899220617,26.294493082354805,1,-1,-1,-1
76,-1,0,383.18695068359375,32.17311096191406,67.69403076171875,1,-1,-1,-1
76,-1,286.5860290527344,375.7459716796875,33.285400390625,74.57421875,1,-1,-1,-1
76,-1,496.354997917572,255.21498884784992,17.24234932070553,30.497819500567786,1,-1,-1,-1
76,-1,920.9320385981815,240.9870822750352,9.988359632702208,27.43900784821623,1,-1,-1,-1
76,-1,1070.6500643036236,242.4709399382139,11.897898974248333,31.107324405464382,1,-1,-1,-1
76,-1,1121.4965896792023,250.69685446059998,11.897898974248333,26.998809861346444,1,-1,-1,-1
76,-1,1177.3314057866244,256.8637590368467,12.632337182535315,30.226928431724843,1,-1,-1,-1
76,-1,1199.8052149602045,250.55425455837988,11.457236049276052,31.694255054624104,1,-1,-1,-1
76,-1,1241.815080474217,251.7281158566993,12.485449540877731,32.13445304149389,1,-1,-1,-1
77,-1,286.2344055175781,376.1570129394531,33.38525390625,73.6083984375,1,-1,-1,-1
77,-1,489.8937604604187,254.9679789451889,14.394988882423856,32.61133419393613,1,-1,-1,-1
77,-1,1072.8503222962943,243.20873968830796,12.47565703143397,31.361661020100286,1,-1,-1,-1
77,-1,1116.1902717394833,249.65119833819054,10.419230048230613,35.74407653382607,1,-1,-1,-1
77,-1,1184.0867392855212,257.189068004368,9.048278726094962,28.348750354413784,1,-1,-1,-1
77,-1,1199.4413940934398,250.75239521858322,10.830515444871377,31.498611504904176,1,-1,-1,-1
77,-1,1244.956977988342,252.80665249064216,14.394988882423974,30.950809565688488,1,-1,-1,-1
78,-1,286.5989074707031,375.9728088378906,30.7010498046875,71.0977783203125,1,-1,-1,-1
78,-1,481.39228036452926,255.5768212236626,14.669179146850976,32.0464134441199,1,-1,-1,-1
78,-1,900.5198827783556,238.72781999248855,9.36816736792663,25.564090496733844,1,-1,-1,-1
78,-1,926.5679578989321,239.86907403252127,12.567053786243068,29.444354232845253,1,-1,-1,-1
78,-1,1076.9261245862808,241.5240754212106,9.807574842970293,33.34217572341864,1,-1,-1,-1
78,-1,1106.5070358062067,249.58019178723916,17.40053601172126,36.66348424879365,1,-1,-1,-1
78,-1,1187.05766348904,254.47591235010015,10.282134916017023,33.34217572341867,1,-1,-1,-1
78,-1,1249.2250330581892,252.73769465835792,9.807574842970059,28.443562228508803,1,-1,-1,-1
78,-1,1265.8347468795866,251.63155612724927,12.813121972267346,26.547324746608226,1,-1,-1,-1
79,-1,286.876043413578,375.57950067800965,28.35376598053187,74.40996684966022,1,-1,-1,-1
79,-1,472.6547565253729,255.7179099345767,15.166149001125175,32.99650743244717,1,-1,-1,-1
79,-1,1079.8953364269628,242.8490517168958,11.92727650257985,30.266057141668817,1,-1,-1,-1
79,-1,1103.6127942999083,251.20013835788666,15.354654807919092,35.746969465874955,1,-1,-1,-1
79,-1,1191.2445965407403,256.40657112607516,10.967610577084733,35.3332250794143,1,-1,-1,-1
79,-1,1268.0178705803341,251.6133041579376,11.515991105939085,26.020592112746957,1,-1,-1,-1
80,-1,286.8709716796875,376.5775146484375,30.451904296875,68.93182373046875,1,-1,-1,-1
80,-1,464.0625310464098,256.93007891764915,17.86520941657961,31.07064123989187,1,-1,-1,-1
80,-1,903.8941767103064,237.5648907738783,12.955489994181413,28.143324627207903,1,-1,-1,-1
80,-1,933.3010825701151,240.64627668196673,10.69342031265779,29.78673044485503,1,-1,-1,-1
80,-1,1081.010108348115,242.5075478346301,12.95548999418153,33.48439353456123,1,-1,-1,-1
80,-1,1102.3969489734307,248.05404246918934,10.899063010977939,38.414610987502726,1,-1,-1,-1
80,-1,1177.6539150904432,251.95633499924952,18.85058067936466,32.183363928923846,1,-1,-1,-1
80,-1,1254.7761948750765,253.83964524297429,11.824455153419425,25.1646515827224,1,-1,-1,-1
81,-1,286.9076843261719,376.8732604980469,30.30950927734375,67.36224365234375,1,-1,-1,-1
81,-1,456.2440248704691,256.74140906528703,13.427258537386969,31.659729722320602,1,-1,-1,-1
81,-1,906.992035426338,240.09217231977004,9.510974797315823,25.03626050321866,1,-1,-1,-1
81,-1,935.1393797589348,241.11930095579953,11.181821721168522,29.016383967832915,1,-1,-1,-1
81,-1,1084.2916742141417,245.10936887433186,10.410661602467204,29.91512152435874,1,-1,-1,-1
81,-1,1100.743090079769,249.60305665696086,10.153608229566844,37.10502197656513,1,-1,-1,-1
81,-1,1176.995802196501,249.2204147339926,12.981195331471753,31.840987716914043,1,-1,-1,-1
81,-1,1259.3814082110875,252.17340956257738,9.7680281702163,26.70534453676657,1,-1,-1,-1
82,-1,286.7461242675781,376.92633056640625,33.301025390625,70.00030517578125,1,-1,-1,-1
82,-1,446.4650896868925,256.93478796843505,18.302200150510366,32.97082921654645,1,-1,-1,-1
82,-1,908.7635881204249,239.32538161849607,8.842636027774697,27.116195991178397,1,-1,-1,-1
82,-1,938.5817793768742,241.8932032085698,11.001884360138247,27.424334581987235,1,-1,-1,-1
82,-1,1089.080939745655,240.16834757787905,13.778060787462826,33.07354208014943,1,-1,-1,-1
82,-1,1172.487640691798,251.6750812334582,13.98370348578321,29.273166126840305,1,-1,-1,-1
82,-1,1262.181749210917,254.1410860485528,12.580494485479546,32.14308437456976,1,-1,-1,-1
83,-1,286.4472326103167,375.78520865523546,32.221722157199935,74.07879758110779,1,-1,-1,-1
83,-1,438.2917382265669,257.95903724092597,12.943393364868525,30.934697743946817,1,-1,-1,-1
83,-1,1164.5227320250244,252.01726637582837,17.094049297878236,28.63121072932187,1,-1,-1,-1
83,-1,1088.1107898516354,246.46973192865593,11.549795385115054,28.14051057615027,1,-1,-1,-1
83,-1,1263.1149412736463,255.66764971960103,14.394988882423974,29.957918550859976,1,-1,-1,-1
84,-1,286.8900114394617,375.19140775530997,27.107446596772267,74.09862807623067,1,-1,-1,-1
84,-1,428.1264960117909,258.107382940862,18.029302777526937,34.3358637426461,1,-1,-1,-1
84,-1,943.9414413457812,238.8146172471992,11.31034840761882,33.38168067095821,1,-1,-1,-1
84,-1,1080.1797289830074,247.03164633543508,14.39498888242374,34.40880930698772,1,-1,-1,-1
84,-1,912.5809298519293,236.24679565712552,10.796241661817863,27.732473172796105,1,-1,-1,-1
84,-1,1268.0439630683952,250.6317992472707,11.956036931604793,35.33322507941427,1,-1,-1,-1
84,-1,1212.1091491252623,256.79457106344756,10.69342031265779,29.581304717649147,1,-1,-1,-1
84,-1,1162.7549015283807,249.39924488403528,11.92727650257985,29.992156172061,1,-1,-1,-1
85,-1,285.9261474609375,377.1499328613281,30.86865234375,69.86993408203125,1,-1,-1,-1
85,-1,420.9559319685575,259.9260037344231,11.448194000132357,32.669756352619956,1,-1,-1,-1
86,-1,286.0970458984375,377.36468505859375,28.84375,68.18853759765626,1,-1,-1,-1
86,-1,410.86395085009184,259.09376531154,16.134210934967157,35.63578616480286,1,-1,-1,-1
87,-1,286.2779235839844,377.3358459472656,29.7322998046875,68.11944580078125,1,-1,-1,-1
87,-1,401.82114764593086,261.81015454792276,10.98044195905625,35.170133595992105,1,-1,-1,-1
87,-1,1101.2240127384293,244.44696724985153,8.017559339318515,27.00925579637814,1,-1,-1,-1
88,-1,285.8131103515625,376.5703125,32.60565185546875,69.630859375,1,-1,-1,-1
89,-1,285.79974365234375,376.8326416015625,31.31280517578125,70.7698974609375,1,-1,-1,-1
89,-1,383.09787189179775,262.7101280097193,12.331880969401645,32.35270328369559,1,-1,-1,-1
90,-1,285.5699157714844,376.909912109375,32.098388671875,74.33026123046875,1,-1,-1,-1
90,-1,372.13971024140545,260.6547754166827,15.30066712870206,35.94387653510398,1,-1,-1,-1
91,-1,285.1647644042969,376.2432556152344,33.083251953125,71.85919189453125,1,-1,-1,-1
92,-1,285.0864562988281,376.29986572265625,33.34014892578125,71.779296875,1,-1,-1,-1
92,-1,351.2053104634654,263.9164858930597,17.233013149548462,32.80506859916206,1,-1,-1,-1
93,-1,285.1921967823553,375.1272057271841,29.326436977857337,71.82991597071805,1,-1,-1,-1
93,-1,338.6719504031864,266.3540550901091,17.651515897378868,31.896414807621714,1,-1,-1,-1
93,-1,1252.0748477263633,258.83641627943007,11.310348407618703,32.86811635294352,1,-1,-1,-1
93,-1,1115.3224533433365,245.48374401104678,13.366775390822294,25.678215900737122,1,-1,-1,-1
94,-1,282.77219533284676,375.8806513220187,30.722496030579595,74.40996684966022,1,-1,-1,-1
94,-1,329.52051643074793,267.381771085683,16.155923791071128,35.43977549010225,1,-1,-1,-1
94,-1,1264.9391564108973,246.70417414328642,8.991996540188772,28.45556892362398,1,-1,-1,-1
95,-1,285.27413289464846,380.3598473828391,30.507433267303366,63.02480891305753,1,-1,-1,-1
95,-1,319.60282312134547,268.76034247875606,14.359039484919736,33.20060611461656,1,-1,-1,-1
95,-1,1112.983591320198,249.8437003868142,11.989328720251775,26.016520158741912,1,-1,-1,-1
96,-1,286.15905097370296,376.7048455821732,28.030278624555983,63.08477108497162,1,-1,-1,-1
96,-1,308.144417581448,269.55268313221234,14.70339654044045,31.286236617269324,1,-1,-1,-1
96,-1,1112.5804635728616,248.3296458470822,7.606496640338624,26.701165426077228,1,-1,-1,-1
96,-1,1126.8532300853385,246.4148813254374,8.00674189987173,30.700935145773023,1,-1,-1,-1
96,-1,1255.574876647253,245.5691577721766,14.284428789556888,37.48432838660847,1,-1,-1,-1
97,-1,296.88937691364663,270.86029368795937,18.389647059634044,29.187508765347552,1,-1,-1,-1
97,-1,1107.6820519710636,247.87360356857872,7.992885813501105,27.271703148856695,1,-1,-1,-1
97,-1,1128.6747723363876,247.15934603353975,8.60662525989505,29.910440116711538,1,-1,-1,-1
98,-1,287.1500398465172,273.93967170853153,10.570183688058636,29.488649728799583,1,-1,-1,-1
98,-1,1103.2228669374736,249.040052860215,10.390751557551367,25.56008998051841,1,-1,-1,-1
98,-1,1130.2654316402145,247.57242749201558,9.248910727051408,29.782069129086146,1,-1,-1,-1
99,-1,277.52550362551165,272.31014011413697,16.185593772339733,32.86297283209506,1,-1,-1,-1
99,-1,1135.495859739196,244.83052208477352,7.193597232151018,30.55229505483839,1,-1,-1,-1
99,-1,1257.799713633537,245.6267701207057,7.473867254182857,28.94182266462917,1,-1,-1,-1
