0,-1,947.9640502929688,305.5174255371094,28.788330078125,57.39141845703125,1,-1,-1,-1
0,-1,455.8335876464844,362.3669738769531,37.320556640625,76.99249267578125,1,-1,-1,-1
0,-1,1069.5312852339746,297.74597167968756,30.43001847696291,63.96559508532167,1,-1,-1,-1
0,-1,426.9369201660156,344.3915100097656,33.71478271484375,66.01318359375,1,-1,-1,-1
0,-1,357.8547668457031,384.3671875,31.4266357421875,75.3897705078125,1,-1,-1,-1
0,-1,155.26802696572244,353.2992066734608,37.39649954174392,58.00197374758142,1,-1,-1,-1
0,-1,303.2045160534057,337.90273948888336,29.829490305807717,58.70959727528484,1,-1,-1,-1
0,-1,309.72643439172367,378.71088620823025,26.982417741395068,66.4876840480614,1,-1,-1,-1
0,-1,1004.8758006164877,309.68740492746736,25,64.58055700281336,1,-1,-1,-1
0,-1,1055.4739409282881,294.5892828459069,17.470164706652504,62.64504196118121,1,-1,-1,-1
0,-1,1046.109805872164,301.30516177086406,19.231861987995515,50.02800774885903,1,-1,-1,-1
0,-1,1197.0803635294578,284.51796980144127,16.442507959202192,48.327901223669215,1,-1,-1,-1
0,-1,1267.5783879339135,296.4789415027206,10.019653287638851,62.38829998593048,1,-1,-1,-1
0,-1,1031.157371032682,239.5440690366235,6.798344636977884,27.175150611155566,1,-1,-1,-1
1,-1,1008.1055247968454,311.61737060546875,27.3214771562797,62.4989043263797,1,-1,-1,-1
1,-1,445.0851745605469,358.3743896484375,27.73187255859375,80.94384765625,1,-1,-1,-1
1,-1,357.8323059082031,383.58319091796875,31.28570556640625,75.343017578125,1,-1,-1,-1
1,-1,957.2867770293464,301.8600709504335,25,58.9052959328691,1,-1,-1,-1
1,-1,302.0617117927237,337.6888294243109,32.90283173125461,58.61689791116597,1,-1,-1,-1
1,-1,156.12084475825998,351.97695563262937,36.366287702965536,59.265793459998,1,-1,-1,-1
1,-1,297.51811717447305,379.0792534822087,38.63590089654889,68.99267219198622,1,-1,-1,-1
1,-1,1055.3592543486322,300.0523420053591,12.489982007470852,51.032404926762986,1,-1,-1,-1
1,-1,1065.7078886475867,294.1527914704099,15.620382561241943,62.30271932751361,1,-1,-1,-1
1,-1,1080.1384067030463,297.3620184332646,18.339720416033376,59.56413825817229,1,-1,-1,-1
1,-1,1203.495599844328,282.9485335392289,14.870797639572496,47.71037774690879,1,-1,-1,-1
1,-1,1028.4465850449437,240.0762722937621,9.865504775521362,26.803862216177542,1,-1,-1,-1
2,-1,960.98046875,304.1146240234375,27.002685546875,57.13665771484375,1,-1,-1,-1
2,-1,1083.4703369140625,296.8464660644531,25.338623046875,62.82672119140625,1,-1,-1,-1
2,-1,357.5673522949219,383.71502685546875,31.9500732421875,75.85015869140625,1,-1,-1,-1
2,-1,437.9356689453125,366.5933837890625,26.01507568359375,72.2265625,1,-1,-1,-1
2,-1,454.5566236702115,334.8676579770375,27.027326064959055,71.91925666222389,1,-1,-1,-1
2,-1,303.12966113600305,337.94448984483637,31.563762998005828,58.10884790781682,1,-1,-1,-1
2,-1,292.7897454349012,384.25665790886484,31.37246746468459,64.9901588442688,1,-1,-1,-1
2,-1,153.28410436044317,352.3918459464406,38.64530708057726,57.84556923991268,1,-1,-1,-1
2,-1,1016.6502395884361,311.0717563053408,25,59.154366951612715,1,-1,-1,-1
2,-1,1206.462128254594,280.13828629638897,25.67259163744385,53.92308233819153,1,-1,-1,-1
2,-1,1063.9045730535217,299.6166660920025,9.542526940608207,51.34839505014857,1,-1,-1,-1
2,-1,1066.5180587431978,294.49650128366096,19.130225606379646,62.4080493686421,1,-1,-1,-1
2,-1,1025.4335351376014,239.2292136938622,12.434646644146794,28.036223697381114,1,-1,-1,-1
3,-1,966.2171020507812,303.9142761230469,29.5570068359375,56.219482421875,1,-1,-1,-1
3,-1,1084.712646484375,297.4360656738281,28.68505859375,62.53973388671875,1,-1,-1,-1
3,-1,458.1147155761719,340.0929260253906,36.16094970703125,65.827880859375,1,-1,-1,-1
3,-1,425.1686303273213,366.60333251953125,32.10581425275674,67.08807373046875,1,-1,-1,-1
3,-1,1208.563217225759,282.3161923364854,25,50.81048782370103,1,-1,-1,-1
3,-1,1064.2030523833193,298.72424057834235,25,54.11299312152709,1,-1,-1,-1
3,-1,275.6080092592296,380.1917290627569,29.490919829625376,71.40391672268231,1,-1,-1,-1
3,-1,359.9369819742793,382.1048315559658,29.163873579975622,65.50567792957531,1,-1,-1,-1
3,-1,304.3386892927285,337.4891397899572,31.656512347494946,58.28261838601001,1,-1,-1,-1
3,-1,153.91192296684738,352.64984712109936,38.25910666424948,56.91649016971134,1,-1,-1,-1
3,-1,1071.2962141589196,294.41119448252897,22.26589619475303,61.275751426510574,1,-1,-1,-1
3,-1,1024.534588552429,310.3711803162512,16.882932279538093,58.09704125673953,1,-1,-1,-1
3,-1,1024.640808974559,239.8927570143322,12.434646644146794,28.9604948082838,1,-1,-1,-1
4,-1,268.5852966308594,381.5472106933594,35.96417236328125,67.357177734375,1,-1,-1,-1
4,-1,359.0543212890625,383.36944580078125,32.56200432022052,46.385191320133714,1,-1,-1,-1
4,-1,419.64003161790276,365.4724480608599,26.172707058952522,78.20829988550061,1,-1,-1,-1
4,-1,471.4869179823039,333.5913576616749,25,70.23802728570435,1,-1,-1,-1
4,-1,1025.7917969731786,309.11282858003773,25.92344318220054,60.2751865359591,1,-1,-1,-1
4,-1,977.4346048833046,301.8897690364724,25,54.795624123599104,1,-1,-1,-1
4,-1,154.22861531651094,351.5348371619869,37.55214491067095,57.37657743376872,1,-1,-1,-1
4,-1,305.2729668049661,337.2177425358535,29.405912416821707,60.95020509400347,1,-1,-1,-1
4,-1,1023.3677416098693,238.94652955032208,6.6797688584259785,27.499918031207716,1,-1,-1,-1
4,-1,1068.7581398900786,300.6622444401135,20.55313494900274,51.664385173534086,1,-1,-1,-1
4,-1,1084.2942541712857,293.42943372101143,16.031445260222302,59.70106731163938,1,-1,-1,-1
4,-1,1097.777950582085,296.8240913394478,16.05897338811642,58.66554134479474,1,-1,-1,-1
4,-1,1220.4031780021676,282.35758614524434,15.5433083051832,48.01074937188886,1,-1,-1,-1
5,-1,980.8552856445312,303.3895263671875,30.6669921875,56.6700439453125,1,-1,-1,-1
5,-1,483.4904479980469,335.11077880859375,28.28973388671875,68.245849609375,1,-1,-1,-1
5,-1,356.9836730957031,384.16925048828125,31.79498291015625,77.24200439453125,1,-1,-1,-1
5,-1,1086.2563435784168,292.0586111683846,27.730606288652037,66.31515874049215,1,-1,-1,-1
5,-1,1031.7298705389323,307.93688861329116,25.000000000000046,63.82444855305588,1,-1,-1,-1
5,-1,1105.5742940266912,296.1060152229686,25,63.51310977962639,1,-1,-1,-1
5,-1,405.16997592715217,367.70025770578684,30.339774415756263,79.46432272307283,1,-1,-1,-1
5,-1,252.85383011017296,383.0014422904218,26.484286904892407,61.64507713904904,1,-1,-1,-1
5,-1,304.2934157427167,337.6250969988428,29.829490305807717,57.58056655845243,1,-1,-1,-1
5,-1,153.9694870305978,351.8811479471152,37.51284386942482,56.90314812835299,1,-1,-1,-1
5,-1,1082.0034390701876,299.6262018026476,11.64677647110167,51.120179961036754,1,-1,-1,-1
5,-1,1225.3120753760331,282.3948722749941,15.029479931458159,48.52423332239038,1,-1,-1,-1
5,-1,1021.5414707585006,239.21145128771096,7.090831557405987,26.906559006277856,1,-1,-1,-1
6,-1,989.4254760742188,302.1401672363281,25.4171142578125,56.033935546875,1,-1,-1,-1
6,-1,1111.8143310546877,295.47454833984375,27.9033203125,61.958251953125,1,-1,-1,-1
6,-1,491.81866455078125,334.96722412109375,34.166259765625,67.513427734375,1,-1,-1,-1
6,-1,356.61673455291947,380.2507772358417,32.1396484375,81.38984776415832,1,-1,-1,-1
6,-1,391.70411905799523,369.10523335422545,44.38382614709071,84.18758510003302,1,-1,-1,-1
6,-1,303.72414546129085,338.22268478087295,30.675035832784143,58.22035063132413,1,-1,-1,-1
6,-1,246.10556072602375,382.5232877881497,28.166818072967942,72.72873747314073,1,-1,-1,-1
6,-1,154.34445703523787,352.093423244599,38.13737314304505,57.28633431103549,1,-1,-1,-1
6,-1,258.2244314041769,287.9130723715787,8.324019654346127,26.393075055776343,1,-1,-1,-1
6,-1,1044.6279784783933,310.17307718914185,16.8013722202165,57.54280461175378,1,-1,-1,-1
6,-1,1085.951525868277,300.13550639210405,17.288813515925966,51.22757529708938,1,-1,-1,-1
6,-1,1095.303158307071,294.5340550069678,17.563588047329553,58.81725251198836,1,-1,-1,-1
6,-1,1231.3501837238855,283.88535423421376,13.954496886428343,45.29468952844686,1,-1,-1,-1
7,-1,1045.94384765625,309.1253662109375,26.1044921875,60.08612060546875,1,-1,-1,-1
7,-1,356.0491027832031,382.2822265625,32.376220703125,81.761962890625,1,-1,-1,-1
7,-1,233.37461950539077,385.2644413972727,41.566420533671746,69.99066162109375,1,-1,-1,-1
7,-1,389.2718484461989,368.20553518450396,34.05547870273164,75.64937279484155,1,-1,-1,-1
7,-1,504.5365455939059,330.7734925905167,25.67259163744385,73.0317474386186,1,-1,-1,-1
7,-1,302.4357341759671,338.97364805451133,32.38624137798606,57.57511230378172,1,-1,-1,-1
7,-1,153.36840458971298,351.7538870923278,38.41676781808568,57.35476041508589,1,-1,-1,-1
7,-1,995.7001903932212,300.65148044048505,25.237967521132834,59.15436695161277,1,-1,-1,-1
7,-1,1016.7055788625754,238.60739404445474,9.54252694060844,27.03650188354762,1,-1,-1,-1
7,-1,1090.8633040954549,298.9042275331712,15.209319862262051,53.26540179868743,1,-1,-1,-1
7,-1,1103.4393251489134,292.7650596782413,15.671765398614516,62.77341294880663,1,-1,-1,-1
7,-1,1119.1297879807676,296.2407980823987,15.757403460902218,61.89193216711241,1,-1,-1,-1
7,-1,1236.3109680751888,282.86208379843606,13.873366090576996,46.41894912533428,1,-1,-1,-1
7,-1,1263.4770546244524,285.9728841807585,13.873366090576996,48.780975297641106,1,-1,-1,-1
8,-1,999.2261962890625,302.5030212402344,28.857177734375,54.83544921875,1,-1,-1,-1
8,-1,515.607177734375,330.73016357421875,27.296875,67.92626953125,1,-1,-1,-1
8,-1,355.93328857421875,379.8229611145016,31.69183349609375,81.61981842651409,1,-1,-1,-1
8,-1,1104.5892766944748,290.3146351766182,27.321101348274688,71.0386127030946,1,-1,-1,-1
8,-1,1122.5095689766767,297.94688282240526,27.61487663158845,60.76443317991981,1,-1,-1,-1
8,-1,1247.9705220128726,282.9359311977474,25.558449648385327,49.90315768399206,1,-1,-1,-1
8,-1,222.53385279604575,384.22849520962075,39.95343853080916,73.38699659410608,1,-1,-1,-1
8,-1,302.7092408115813,337.58402794497226,31.36051149385197,59.93271388518653,1,-1,-1,-1
8,-1,154.07211601952542,351.86550170234256,38.17970097117275,57.070159464578744,1,-1,-1,-1
8,-1,380.98006354175266,369.7282110192098,20.32122904883357,77.27918892280161,1,-1,-1,-1
8,-1,1054.5120675253675,307.97690935657954,19.94863097991443,59.080859245935585,1,-1,-1,-1
8,-1,1099.8593078221559,297.62605512221427,12.057839170081795,54.223905172956854,1,-1,-1,-1
8,-1,1241.9535675575987,282.954475354005,13.653153930408989,47.533942846423244,1,-1,-1,-1
8,-1,1014.7707837809844,239.24606046860578,7.788556401727404,26.160656004496726,1,-1,-1,-1
9,-1,522.9755249023438,333.0164794921875,33.678955078125,64.74981689453125,1,-1,-1,-1
9,-1,1123.9281005859375,295.90380859375,28.42822265625,61.91522216796875,1,-1,-1,-1
9,-1,1107.904500799428,291.67632092358394,25,64.94758243687517,1,-1,-1,-1
9,-1,1100.4048878697365,296.22418131512813,25,54.79562412359916,1,-1,-1,-1
9,-1,1008.8004131634028,302.1396180102894,25,51.993575162733286,1,-1,-1,-1
9,-1,355.9964299800381,381.81601004206436,32.59197510621909,79.70272599796242,1,-1,-1,-1
9,-1,213.47416767711536,386.4529801491438,31.19410979352034,70.67841372464243,1,-1,-1,-1
9,-1,303.6281743332953,337.1263805937769,31.794403002719406,60.62494583887565,1,-1,-1,-1
9,-1,153.8555474266263,352.16673997255833,39.04810769662503,57.087658984800264,1,-1,-1,-1
9,-1,1061.3786931532227,308.47748720695046,17.530615103561196,60.772335788764074,1,-1,-1,-1
9,-1,1236.0346183168585,286.1228192631629,17.0470119282905,48.327901223669215,1,-1,-1,-1
9,-1,1249.339348452842,280.52415071859036,13.903591289031342,44.70330863189397,1,-1,-1,-1
9,-1,1013.0581930200315,239.6061541662356,6.8853002079159245,25.879591105274883,1,-1,-1,-1
10,-1,1221.5892333984375,283.4902648925781,25.435546875,49.6776123046875,1,-1,-1,-1
10,-1,356.36114501953125,377.70404052734375,35.53466796875,83.9173583984375,1,-1,-1,-1
10,-1,202.44049242012045,388.2820724160077,41.38786146171547,70.71173095703125,1,-1,-1,-1
10,-1,302.2818432957521,337.16425207608916,31.905776224246864,60.77332857344633,1,-1,-1,-1
10,-1,535.4029160045411,329.9383873210415,25,69.73988524821718,1,-1,-1,-1
10,-1,1064.0310734589088,308.2725749441242,27.419026442712298,61.52054162967723,1,-1,-1,-1
10,-1,1015.6738813690349,301.54765743804614,25.424915428696583,56.04097921731729,1,-1,-1,-1
10,-1,1132.8279034424415,294.260015840322,25.000000000000046,63.651789563452056,1,-1,-1,-1
10,-1,1103.6640298624657,296.8153080819171,25,54.79562412359916,1,-1,-1,-1
10,-1,151.6055853030804,351.1565957026381,40.26836206496753,58.257984988551875,1,-1,-1,-1
10,-1,1121.8838063379335,292.670983124455,16.321607165384577,59.805777764290674,1,-1,-1,-1
10,-1,1250.834757216793,276.92125796847154,14.070992388163388,46.13455801428729,1,-1,-1,-1
10,-1,1009.828008559179,239.27777154016445,8.855494841085756,27.175150611155537,1,-1,-1,-1
11,-1,546.4343872070312,330.58514404296875,32.673828125,66.06103515625,1,-1,-1,-1
11,-1,1019.3599853515625,301.7572021484375,25.861572265625,54.38677978515625,1,-1,-1,-1
11,-1,352.5372619628906,382.2375183105469,38.58245849609375,79.6068115234375,1,-1,-1,-1
11,-1,303.61176215973103,337.6517267792932,31.910073877294238,59.69652585017108,1,-1,-1,-1
11,-1,192.3036808453814,390.5684708378013,41.75169935594804,71.29657911536479,1,-1,-1,-1
11,-1,153.93987502978922,351.0420384062348,37.7508335080819,57.77364717379473,1,-1,-1,-1
11,-1,1074.746713589669,308.9891043031149,16.442507959202192,56.33652485502015,1,-1,-1,-1
11,-1,1117.3186008285022,297.0594096606486,13.428048166681977,51.896111264016795,1,-1,-1,-1
11,-1,1126.125714675587,292.1599410582948,19.28832664444885,58.77416294970849,1,-1,-1,-1
11,-1,1145.323697513871,294.79605404715824,14.680810677859068,60.2976867588887,1,-1,-1,-1
11,-1,1207.7585901094585,286.57250951349954,23.398953634249168,48.960913130138515,1,-1,-1,-1
11,-1,1008.3298288328284,240.51289114735616,9.146145052306261,25.571500734974,1,-1,-1,-1
11,-1,1256.469786814157,275.6010588002456,11.612521246186542,46.82973628573548,1,-1,-1,-1
11,-1,350.6432288183951,372.36005556480796,14.387194464301919,55.45626665416046,1,-1,-1,-1
12,-1,549.2922852555594,330.5728149414063,40.84467763506586,68.01344292368712,1,-1,-1,-1
12,-1,1188.5699430324723,285.1088873163579,28.542801977404785,50.40435791015625,1,-1,-1,-1
12,-1,186.04774475097656,390.0268249511719,27.334228515625,71.85772705078125,1,-1,-1,-1
12,-1,1146.2670254560494,295.8585019732904,33.19660701456936,61.3538434521455,1,-1,-1,-1
12,-1,1128.6405084571627,291.7511444634934,25,63.40636505730756,1,-1,-1,-1
12,-1,1029.0506874134549,298.7962961365276,25,56.36121338427336,1,-1,-1,-1
12,-1,358.42853153711576,381.43639846691224,29.413137456727544,79.95179701670604,1,-1,-1,-1
12,-1,330.6823869569103,372.617582486308,31.719551537587336,78.55309080585677,1,-1,-1,-1
12,-1,303.76926670106275,337.44226228193617,31.017773663318117,60.275186535959044,1,-1,-1,-1
12,-1,153.40070864069378,351.56104186778987,38.21526810452998,57.706641655165356,1,-1,-1,-1
12,-1,1083.0203793053263,307.62615768774737,15.717103196296035,59.443318505113155,1,-1,-1,-1
12,-1,1123.5238457066457,295.76569423119713,14.387194464302036,52.503733938776904,1,-1,-1,-1
12,-1,1259.2036255210896,273.76524665292027,12.173779931332438,47.5565135695222,1,-1,-1,-1
12,-1,1006.1669426236859,239.93126061425758,10.63926985595445,25.372148142426365,1,-1,-1,-1
13,-1,1084.642333984375,308.4043273925781,26.302001953125,58.8568115234375,1,-1,-1,-1
13,-1,1029.788818359375,300.9754333496094,28.386474609375,53.87060546875,1,-1,-1,-1
13,-1,356.55145263671875,382.08056640625,35.41033935546876,78.44635009765625,1,-1,-1,-1
13,-1,1176.1332633041338,285.996032131171,29.86403517008751,53.661319802569274,1,-1,-1,-1
13,-1,1156.7478369656556,293.8489081998397,25,62.2994834781048,1,-1,-1,-1
13,-1,565.7808296308417,327.51618348025767,25,69.24039341223902,1,-1,-1,-1
13,-1,324.2089864385385,372.3599676803459,33.920469394402474,81.5160177552993,1,-1,-1,-1
13,-1,170.55145969950806,389.7945131360746,42.56253017629626,72.85327298251259,1,-1,-1,-1
13,-1,152.9377345664235,352.3858245944728,29.803289611643585,39.11136939256896,1,-1,-1,-1
13,-1,1124.2252949073472,298.1848203596408,18.294126813820235,50.52682072934617,1,-1,-1,-1
13,-1,1139.432333656753,290.219436453343,15.958904783931732,62.10135307241494,1,-1,-1,-1
13,-1,1004.827349124076,238.5273892129444,6.782534533170892,26.290378265676086,1,-1,-1,-1
13,-1,1264.8392045882208,272.85785477505783,12.74294366838177,47.651310606537876,1,-1,-1,-1
14,-1,578.296142578125,327.5072021484375,28.8193359375,67.28192138671875,1,-1,-1,-1
14,-1,1034.7111681717795,300.68647223167625,26.79586675083235,54.484285350169614,1,-1,-1,-1
14,-1,1090.1723807490837,307.84726402055566,25,58.53168940475368,1,-1,-1,-1
14,-1,1140.959895637289,290.10095393507186,25,63.51310977962627,1,-1,-1,-1
14,-1,1160.9010057774433,294.4596967630854,25,59.77704449847181,1,-1,-1,-1
14,-1,358.52172355909727,381.9167699227673,29.911665210231444,80.32540354482151,1,-1,-1,-1
14,-1,319.57424281660843,375.378655680747,29.911665210231384,77.21201581052603,1,-1,-1,-1
14,-1,165.2947638328293,392.56141549434915,35.59904443236984,74.48141512755942,1,-1,-1,-1
14,-1,153.73285497275913,352.32186050544965,37.738824856590035,57.35476041508595,1,-1,-1,-1
14,-1,1136.2452882854604,296.62724366991023,10.524195606417257,51.84331933978851,1,-1,-1,-1
14,-1,1169.237228558316,287.27308131150284,17.40971430974358,50.502656778734355,1,-1,-1,-1
14,-1,1265.2932686412569,273.1985033211871,12.640177993636621,48.06209776693908,1,-1,-1,-1
14,-1,1002.4964929395555,238.40296126417246,8.153626424899496,29.635359428942923,1,-1,-1,-1
15,-1,584.6886596679688,327.4284973144531,32.2646484375,64.88519287109375,1,-1,-1,-1
15,-1,1163.74609375,295.7283630371094,27.042724609375,60.462646484375,1,-1,-1,-1
15,-1,1143.6241201323771,289.568504236746,25.67259163744385,62.29948347810474,1,-1,-1,-1
15,-1,310.4477045790205,373.42373591344364,27.908608024098207,84.29597931565009,1,-1,-1,-1
15,-1,357.9858428973331,381.75305451228576,31.157984593991046,81.57075863853964,1,-1,-1,-1
15,-1,153.85644518424988,393.90578621909657,25,70.05122402164666,1,-1,-1,-1
15,-1,153.40884738266243,353.47001589557277,38.14821070290383,56.7809728237296,1,-1,-1,-1
15,-1,1139.8384263533048,298.12952875234345,14.22909342623283,50.40042467999195,1,-1,-1,-1
15,-1,1100.764816588679,307.57501438084626,15.968204844994572,57.03621727108806,1,-1,-1,-1
15,-1,1048.8645433391139,299.9909816656123,16.80521034065527,52.19413332156279,1,-1,-1,-1
15,-1,355.2063053640383,293.13002911354204,11.201458547206535,28.755101228083173,1,-1,-1,-1
16,-1,293.69211458172396,378.63573349051353,42.09938932452605,78.95782724120436,1,-1,-1,-1
16,-1,357.2784118652344,382.8187255859375,33.49237060546875,77.90631103515625,1,-1,-1,-1
16,-1,598.7500923232001,325.0424559895815,25,69.61766403831827,1,-1,-1,-1
16,-1,1101.1817202603384,306.83909227460504,25.861127213012665,58.220350631324074,1,-1,-1,-1
16,-1,1049.4594658343133,299.05562293886646,27.10744659677209,53.23893025645148,1,-1,-1,-1
16,-1,1139.506041310947,295.319557657712,25.861127213012665,51.0595588424447,1,-1,-1,-1
16,-1,300.62928829697194,337.48163584164917,33.64863719245006,59.1633912638861,1,-1,-1,-1
16,-1,136.53958744049925,396.4979211126978,42.519359845944884,68.29599528448593,1,-1,-1,-1
16,-1,153.03102053127225,352.9841259887018,38.744276495136695,55.78829847366435,1,-1,-1,-1
16,-1,363.7234972739881,294.14186716136896,14.044642215151873,27.15759560430079,1,-1,-1,-1
16,-1,1158.8240889145848,290.8149998960977,15.529035294801993,58.65127790172522,1,-1,-1,-1
16,-1,1172.60503264447,293.8755232319514,19.045905052742516,60.248783525507605,1,-1,-1,-1
16,-1,999.4597254738925,239.90898292481216,9.067559536324753,26.217886413840553,1,-1,-1,-1
17,-1,609.694091796875,326.08099365234375,30.6934814453125,65.57244873046875,1,-1,-1,-1
17,-1,288.4305419921875,377.1210823444046,25.26165771484375,79.5235404583298,1,-1,-1,-1
17,-1,357.36236572265625,382.7286071777344,33.3260498046875,76.71478271484375,1,-1,-1,-1
17,-1,1159.281495270907,289.5589204944597,25.000000000000046,63.08477108497162,1,-1,-1,-1
17,-1,1121.5585034771123,286.67953260261453,29.34010472850726,52.09074458883551,1,-1,-1,-1
17,-1,1058.686850487454,297.41179656312835,25,55.75542008754755,1,-1,-1,-1
17,-1,301.0577301325041,338.87565393586533,32.78361857280797,57.773647173794785,1,-1,-1,-1
17,-1,127.1468605906481,394.5193060586442,45.698377404520215,71.27401833468149,1,-1,-1,-1
17,-1,153.78028645419798,352.75632455074265,38.942965092547674,56.7809728237296,1,-1,-1,-1
17,-1,373.1009025625711,295.05234022320013,12.030030588380558,25.68116650989456,1,-1,-1,-1
17,-1,1152.0780718291871,295.96368139961385,14.98953456074617,47.644034980240185,1,-1,-1,-1
17,-1,1181.3123926263054,294.5937443387481,18.26580813318706,57.64018300695766,1,-1,-1,-1
17,-1,1111.9024723725915,306.95025786111603,18.749670600291477,54.49837009672519,1,-1,-1,-1
18,-1,618.3457641601562,325.788818359375,30.57177734375,65.228759765625,1,-1,-1,-1
18,-1,1185.4654541015625,293.7843933105469,28.494873046875,58.029052734375,1,-1,-1,-1
18,-1,356.9869384765625,381.8650817871094,37.70556640625,79.944091796875,1,-1,-1,-1
18,-1,1063.4397413305182,298.22038018559044,25,55.58871868328284,1,-1,-1,-1
18,-1,282.3390435594184,377.222783302799,25,79.7027259979623,1,-1,-1,-1
18,-1,122.15989559622126,394.65630943588764,28.357045768383884,72.24370443663996,1,-1,-1,-1
18,-1,153.36477127462857,354.0528870149978,38.49010504410908,54.588848183510095,1,-1,-1,-1
18,-1,302.25652405880237,337.7657884507616,31.97161951244547,58.15573315004631,1,-1,-1,-1
18,-1,1113.0352607507923,290.18548219080924,15.120702097009051,39.51433929407788,1,-1,-1,-1
18,-1,1119.0787398717869,306.8020350630751,14.966134920017558,56.263961539868674,1,-1,-1,-1
18,-1,1158.7963786095752,295.33525957766784,14.50314079031035,52.978343202908256,1,-1,-1,-1
18,-1,1167.3102222737014,289.9958031710221,18.83243654861187,59.897963539614615,1,-1,-1,-1
18,-1,996.5165238026001,239.87864630259648,6.272067229839355,25.780991707619343,1,-1,-1,-1
19,-1,1066.9833984375,299.2583312988281,25.35009765625,54.097900390625,1,-1,-1,-1
19,-1,1094.7618408203125,288.8697509765625,27.745361328125,53.92364501953125,1,-1,-1,-1
19,-1,272.2422180175781,379.33343505859375,36.5194091796875,77.12335205078125,1,-1,-1,-1
19,-1,112.76631164550781,396.57513427734375,29.233322143554688,69.49761962890624,1,-1,-1,-1
19,-1,357.21484375,382.5256042480469,34.0155029296875,78.46966552734375,1,-1,-1,-1
19,-1,1188.8533301510865,289.897249782627,25,62.29948347810474,1,-1,-1,-1
19,-1,1119.956384953201,307.4359292997592,25,57.32599530128125,1,-1,-1,-1
19,-1,629.2537518284519,321.3116436520813,26.137763524828408,70.67099186034287,1,-1,-1,-1
19,-1,302.5935395984973,337.8914767885567,31.356865346718696,59.604814538702314,1,-1,-1,-1
19,-1,153.28432800516046,351.66726210478345,38.744276495136695,57.37657743376867,1,-1,-1,-1
19,-1,1161.2652445348006,296.9518896110266,17.685173172662086,50.02128669964388,1,-1,-1,-1
19,-1,1175.4596188791854,288.9258298419089,16.451323881546198,60.133859687456855,1,-1,-1,-1
19,-1,992.7958556025534,238.7861446377393,8.842586586331043,27.218975308841134,1,-1,-1,-1
20,-1,640.9479370117188,322.90771484375,34.551025390625,66.679931640625,1,-1,-1,-1
20,-1,264.6708679199219,379.6189270019531,35.60595703125,78.80718994140625,1,-1,-1,-1
20,-1,357.0458679199219,382.2093505859375,34.51495361328125,78.1258544921875,1,-1,-1,-1
20,-1,1123.7009052040178,304.4102293684612,25.43214046860242,59.830797377902655,1,-1,-1,-1
20,-1,1075.6182646305658,289.7904504914737,25,51.023461593351406,1,-1,-1,-1
20,-1,303.7864357343352,338.2489014838909,29.60545743060082,59.16510277138611,1,-1,-1,-1
20,-1,104.85264461241712,397.11529315502554,37.03437913626372,69.89769047341866,1,-1,-1,-1
20,-1,153.61607962618925,351.401514986292,36.558701923616155,57.575112303781786,1,-1,-1,-1
20,-1,1081.4975347339625,300.2769836967068,14.515874013128764,47.73138844391672,1,-1,-1,-1
20,-1,1171.3773442645431,296.414547393554,11.181759200738284,48.78872932716807,1,-1,-1,-1
20,-1,1179.7713733145422,289.72825429236235,15.477232335928157,60.222320742897736,1,-1,-1,-1
20,-1,1194.2699587734708,292.04808262014353,18.82428710231151,58.69104487422555,1,-1,-1,-1
20,-1,990.2274294110623,238.2955272636999,12.030030588380558,27.83525399507904,1,-1,-1,-1
21,-1,1060.2939453125,290.0101013183594,28.464111328125,52.42230224609375,1,-1,-1,-1
21,-1,648.4822397231706,320.9131061488636,31.184996604954446,67.81189915242692,1,-1,-1,-1
21,-1,254.70649719238284,378.9330139160156,25.934799194335938,78.353271484375,1,-1,-1,-1
21,-1,357.18475341796875,380.62445000007347,34.56549072265625,80.61602851555152,1,-1,-1,-1
21,-1,1084.4573570294442,297.970332650551,26.172707058952405,52.05584291741922,1,-1,-1,-1
21,-1,1179.6761579486808,289.4373359591087,25,59.841626552630586,1,-1,-1,-1
21,-1,1196.626101567812,292.73984125693465,25,56.53912125480464,1,-1,-1,-1
21,-1,152.99998007954144,351.45188090915104,39.63295640355663,57.5354053297791,1,-1,-1,-1
21,-1,305.9260791463116,337.87135746021517,28.694329998187094,58.87343801186701,1,-1,-1,-1
21,-1,93.40492128410152,396.26151816880054,25,71.47255320469455,1,-1,-1,-1
21,-1,989.1001815604385,239.04702004598522,11.618747491341852,26.80812285134918,1,-1,-1,-1
21,-1,1134.865966197003,304.82120159883806,15.8800973578813,57.062841318325184,1,-1,-1,-1
21,-1,1176.8271184240687,295.0221630539068,13.937927177421022,49.41642058166965,1,-1,-1,-1
22,-1,1087.311767578125,298.1325378417969,25.238525390625,53.32012939453125,1,-1,-1,-1
22,-1,242.846923828125,380.61987304687494,33.85064697265625,78.79785156250001,1,-1,-1,-1
22,-1,81.25039672851562,398.47235107421875,39.64460754394531,73.33807373046875,1,-1,-1,-1
22,-1,357.05413818359375,382.19149780273443,33.6727294921875,79.89520263671875,1,-1,-1,-1
22,-1,1046.1673126449898,290.1667730989989,25,56.04097921731735,1,-1,-1,-1
22,-1,1133.4096695081648,304.1770179033283,25,58.22035063132413,1,-1,-1,-1
22,-1,663.1939472507565,320.8191276193177,25,68.58178433303974,1,-1,-1,-1
22,-1,154.02866398347584,351.76834680021017,35.847443131327914,56.7678401669583,1,-1,-1,-1
22,-1,303.868111690505,337.8302936618958,31.206479511647085,59.00657189185238,1,-1,-1,-1
22,-1,1178.5419628609072,296.4965237266754,19.407421141511264,49.17390350606676,1,-1,-1,-1
22,-1,1191.369161644544,289.1348562077984,15.937220010247813,58.888852240511646,1,-1,-1,-1
22,-1,1204.3452244798073,292.7822862517142,17.95936190402107,58.204098144691734,1,-1,-1,-1
23,-1,672.4769287109375,319.7131042480468,35.310791015625,66.37982177734375,1,-1,-1,-1
23,-1,1030.829345703125,289.44921875,29.54931640625,56.80029296875,1,-1,-1,-1
23,-1,74.03018188476562,399.59820556640625,43.965301513671875,70.3309326171875,1,-1,-1,-1
23,-1,356.9822082519531,381.8645324707031,33.991943359375,80.62469482421875,1,-1,-1,-1
23,-1,1140.0999126876168,304.332034357423,25,56.01892787365228,1,-1,-1,-1
23,-1,232.84788486009109,380.95249077793494,41.12853966406816,78.45737090424423,1,-1,-1,-1
23,-1,153.71450856833445,350.9423063760413,36.50157895186051,58.04911430593787,1,-1,-1,-1
23,-1,301.6393916789531,337.2299002648829,32.04598715491979,59.93271388518659,1,-1,-1,-1
23,-1,1102.065554400476,297.4503122953309,15.8800973578813,51.24243150385605,1,-1,-1,-1
23,-1,1183.745115728389,295.8314835560532,17.93651284307437,50.671803090672746,1,-1,-1,-1
23,-1,1195.276246674082,289.15336782486224,18.144842516411188,59.21108946207393,1,-1,-1,-1
23,-1,1213.4864375203595,291.77007899683747,20.107173633000702,59.002977923148244,1,-1,-1,-1
24,-1,220.925048828125,383.1988830566406,35.219329833984375,74.7015380859375,1,-1,-1,-1
24,-1,1017.60595703125,292.1698303222656,27.54248046875,54.69012451171875,1,-1,-1,-1
24,-1,357.3404235839844,381.40695190429693,33.8076171875,81.13909912109375,1,-1,-1,-1
24,-1,1213.229349913824,290.29826971142273,25,60.7394406899623,1,-1,-1,-1
24,-1,1197.1605251148396,287.9590268172418,25,62.12294595408042,1,-1,-1,-1
24,-1,1100.5562807876097,296.94296053983186,25,53.33015975750288,1,-1,-1,-1
24,-1,682.1574421124175,316.2239398307828,29.08375304816241,68.3966808257068,1,-1,-1,-1
24,-1,303.5706676549514,338.65986832953143,31.36051149385197,58.39158695671039,1,-1,-1,-1
24,-1,152.3595806814994,352.89543347302964,39.75831156283708,57.192932679006645,1,-1,-1,-1
24,-1,63.70937291402953,400.879463808907,33.33576372771843,69.86442075758892,1,-1,-1,-1
24,-1,1152.6984365232518,304.32277602247177,14.50314079031035,56.33003430350035,1,-1,-1,-1
24,-1,1191.6568124892713,295.55407642890816,15.044302760097866,50.59972371216547,1,-1,-1,-1
25,-1,995.3235473632812,291.784912109375,33.62384033203125,55.8565673828125,1,-1,-1,-1
25,-1,220.0974578857422,384.2165222167969,25.329925537109375,77.3538818359375,1,-1,-1,-1
25,-1,1151.217903548518,304.02951101493204,27.924113771920084,58.833196427443276,1,-1,-1,-1
25,-1,693.8187077295422,315.8725116151103,27.402865485259447,74.26547541862345,1,-1,-1,-1
25,-1,356.0534075936441,378.8334794327863,31.173861274038963,84.36978991661151,1,-1,-1,-1
25,-1,303.00296176912605,336.95552266326473,32.00664565297132,60.28584716322046,1,-1,-1,-1
25,-1,153.9803176438204,351.8758839961685,37.55214491067095,58.766321523860036,1,-1,-1,-1
25,-1,54.184345182449015,400.087824753219,31.59148698834224,71.07548346466854,1,-1,-1,-1
25,-1,1112.0934627060221,297.7910528716675,17.25104101467668,49.53054626430631,1,-1,-1,-1
25,-1,1194.7877752032055,295.9622758611244,17.822267538341578,49.98704899485289,1,-1,-1,-1
25,-1,1208.3708016683597,288.5206377639585,17.3326448037717,60.01380539793001,1,-1,-1,-1
25,-1,1223.7960997267498,291.5930840362485,17.08480182667391,54.99102123353681,1,-1,-1,-1
25,-1,441.7931695948547,304.256744243871,17.902911282858923,31.055612228067368,1,-1,-1,-1
26,-1,702.6611938476564,318.7247314453125,36.9586181640625,65.55047607421875,1,-1,-1,-1
26,-1,202.5382843017578,385.332763671875,45.304962158203125,79.7734375,1,-1,-1,-1
26,-1,1240.524829755652,309.96430186392575,28.69958536998158,53.51605597785582,1,-1,-1,-1
26,-1,1156.685883517359,303.1652226491218,25.000000000000046,55.573206181963634,1,-1,-1,-1
26,-1,1113.7494959559695,295.51270868847104,25,52.16121911765688,1,-1,-1,-1
26,-1,980.5599727929347,292.2626556063426,31.637338203129385,57.806372701818916,1,-1,-1,-1
26,-1,356.33084780430835,379.7138446776569,29.078139507717015,82.71696125664332,1,-1,-1,-1
26,-1,301.9471741959419,337.5204953021841,32.903554952159006,59.873666876432694,1,-1,-1,-1
26,-1,152.54509315180962,353.21901618196506,40.16834029447904,56.767840166958244,1,-1,-1,-1
26,-1,48.172418029869355,403.2723494136495,38.82226641187746,70.28691038284106,1,-1,-1,-1
26,-1,1202.1230866505819,293.99308510223807,12.33849291115959,50.18269302223002,1,-1,-1,-1
26,-1,1214.182367149852,288.5378967184257,16.06574597807212,59.83038912226395,1,-1,-1,-1
26,-1,1230.1761013626867,290.2276812568338,13.548149078920398,40.72272887493652,1,-1,-1,-1
27,-1,969.3088989257812,292.1898193359375,27.0244140625,55.96807861328125,1,-1,-1,-1
27,-1,1117.6116943359375,296.78857421875,27.64208984375,53.8404541015625,1,-1,-1,-1
27,-1,715.0350341796875,318.5130920410156,25.9794921875,64.38665771484375,1,-1,-1,-1
27,-1,1206.8112774184954,309.1849726539625,34.37170814782839,54.30637747963839,1,-1,-1,-1
27,-1,357.0486810003918,379.91008823492797,28.795877965589128,81.6229729391646,1,-1,-1,-1
27,-1,199.60736152409797,386.07548281955286,35.89399825227771,79.4536549792188,1,-1,-1,-1
27,-1,303.6314316028101,337.5980956673258,30.675035832784204,60.44642286134536,1,-1,-1,-1
27,-1,153.63945400064722,351.830382219904,38.04389918926309,58.56282328209659,1,-1,-1,-1
27,-1,41.334226384131746,402.3255262106256,29.413137456727544,71.48338237942254,1,-1,-1,-1
27,-1,457.3203717078369,307.93833158451855,15.604564564113527,28.759672024435915,1,-1,-1,-1
27,-1,1168.107516118884,302.3655304112685,14.39490839635266,57.15682717461421,1,-1,-1,-1
27,-1,1208.0004725747722,293.8499984772063,10.396322730699078,29.102049072345896,1,-1,-1,-1
27,-1,1219.4052611802292,289.4430877324565,15.217474590430076,32.14920479874447,1,-1,-1,-1
27,-1,1235.5335546213926,291.47680794191893,13.70943656795497,31.772590046043497,1,-1,-1,-1
28,-1,953.1864013671875,293.0055847167969,28.0159912109375,57.87725830078125,1,-1,-1,-1
28,-1,1182.1541235506875,311.3437733481694,25.82489699836842,54.47704491357826,1,-1,-1,-1
28,-1,724.6070904351508,315.50730021437147,25,67.71416586162292,1,-1,-1,-1
28,-1,357.16809993406673,379.2449982811427,31.17047498961372,83.79581284194455,1,-1,-1,-1
28,-1,304.13550756799754,337.21299450721096,30.41598979807829,60.59376574598,1,-1,-1,-1
28,-1,189.3174853755095,385.82259270581244,25,78.56163319116024,1,-1,-1,-1
28,-1,153.52167391731425,352.7170419140739,36.728742397679525,56.579667699716346,1,-1,-1,-1
28,-1,29.522071397245202,406.3833809147474,26.90491969691127,65.75474894831898,1,-1,-1,-1
28,-1,460.1819801596714,308.4356821681169,20.693415538671676,46.994137742289006,1,-1,-1,-1
28,-1,1128.1601819825555,296.1936792554808,19.664473077160576,51.09977440056025,1,-1,-1,-1
28,-1,1167.139835843456,304.63811961745324,21.11253231465077,28.21186874778001,1,-1,-1,-1
28,-1,1212.4170097014005,295.00835127176566,12.749776008198063,29.718327758583772,1,-1,-1,-1
28,-1,1225.5925873755484,288.8086726301239,15.241667713785155,55.94843759375556,1,-1,-1,-1
28,-1,1238.3534388364012,289.4607339416565,21.386721046009754,59.16564179548768,1,-1,-1,-1
29,-1,732.4647827148438,316.5885925292969,33.261474609375,66.1851806640625,1,-1,-1,-1
29,-1,929.015869140625,292.42083740234375,30.9884033203125,58.21508789062501,1,-1,-1,-1
29,-1,178.11883544921875,389.8747863769531,38.167724609375,76.358154296875,1,-1,-1,-1
29,-1,1153.6145610175492,310.6841758572917,25.110055794904813,53.20943500423186,1,-1,-1,-1
29,-1,357.6481163446372,378.90782577098344,31.157984593991046,83.6878622978606,1,-1,-1,-1
29,-1,302.5527290716165,337.1818098011849,32.560093900720695,61.64507713904904,1,-1,-1,-1
29,-1,152.27635260786758,353.3765191634855,33.41693847705542,54.28191514744039,1,-1,-1,-1
29,-1,17.550516963352745,404.9595188976555,39.82974367467655,68.99922669247947,1,-1,-1,-1
29,-1,467.8340776651261,309.89695606967155,21.51326969125252,47.090012435614874,1,-1,-1,-1
29,-1,1137.8031327453161,297.09590022859095,10.869624707450187,36.829988153741894,1,-1,-1,-1
29,-1,1179.3169256190608,303.34937132241294,13.263879879496448,25.472852364500376,1,-1,-1,-1
29,-1,1215.1391706224053,293.7076549664334,19.048901336527017,50.59972371216547,1,-1,-1,-1
29,-1,1230.9238488361405,287.57785711760914,16.293138074992562,56.41609073381089,1,-1,-1,-1
29,-1,1248.4239402883697,291.8179701449937,15.876737201859644,53.32019025538794,1,-1,-1,-1
29,-1,972.848361419682,238.54280972535463,12.132851362640237,27.116262194468117,1,-1,-1,-1
29,-1,394.97414235532074,250.42232740107667,34.753421699765994,15.612393384693798,1,-1,-1,-1
30,-1,914.600830078125,294.0853576660156,31.9736328125,58.7943115234375,1,-1,-1,-1
30,-1,170.63607788085938,389.8226013183594,44.319793701171875,81.06072998046875,1,-1,-1,-1
30,-1,356.3440856933594,382.223876953125,38.9390869140625,81.06109619140625,1,-1,-1,-1
30,-1,742.7410899525656,311.7984764238564,28.55420906613653,67.79649672617285,1,-1,-1,-1
30,-1,1118.7506839346988,311.22479709869157,30.055471292972875,59.61282184875077,1,-1,-1,-1
30,-1,303.0391423339091,337.55765949357084,30.086246913793026,58.68675307401036,1,-1,-1,-1
30,-1,153.377735264772,351.6978923221061,25,43.335449817593535,1,-1,-1,-1
30,-1,9.511084851673798,402.48365331685284,41.751699355948,70.98524034193531,1,-1,-1,-1
30,-1,1144.6739658326246,296.83085694607473,11.03970418366918,42.05831735904351,1,-1,-1,-1
30,-1,1222.9119693903176,293.8464419914855,15.217474590430076,51.21960636732871,1,-1,-1,-1
30,-1,1181.849676945984,302.61082238144525,16.10858796734712,53.58200799790737,1,-1,-1,-1
30,-1,1234.4653674533283,288.2706702625669,18.302097818219913,57.522231965519914,1,-1,-1,-1
30,-1,1252.1449164633816,291.0699809063093,24.505617865219406,53.06844242604245,1,-1,-1,-1
30,-1,473.68125728603684,311.7710829099938,20.050050980634246,50.20103464979659,1,-1,-1,-1
31,-1,165.3800811767578,392.62888997743266,25.841766357421875,76.96625545419668,1,-1,-1,-1
31,-1,356.43170166015625,382.12005615234375,38.4365234375,81.35150146484375,1,-1,-1,-1
31,-1,1089.3908820263237,310.5043820175987,28.357045768383898,59.48209197627542,1,-1,-1,-1
31,-1,1182.0569807560764,300.29973259879637,25,56.886509780947016,1,-1,-1,-1
31,-1,899.4603999825702,293.3223629901093,25.92344318220054,60.77332857344633,1,-1,-1,-1
31,-1,753.3635406748813,310.8005345589911,28.416081949719864,68.99267219198622,1,-1,-1,-1
31,-1,302.137676081801,337.4305818706639,32.902831731254544,58.310815105113036,1,-1,-1,-1
31,-1,151.03313439537294,352.8034324668374,38.684830810598775,55.05409404871051,1,-1,-1,-1
31,-1,3.69262649145358,399.39428529937777,34.33338963261344,69.68573937457722,1,-1,-1,-1
31,-1,1149.729679962905,296.3668866890003,13.161059105236772,47.8643112978112,1,-1,-1,-1
31,-1,1226.6021110318882,294.1283631818452,20.050050980634186,49.30229489903299,1,-1,-1,-1
31,-1,1241.1780502426961,287.85668007748114,16.451323881546198,58.341048963855684,1,-1,-1,-1
31,-1,1257.6342074041706,290.78300572281483,15.477967054842726,53.08646227066926,1,-1,-1,-1
31,-1,479.0154969637296,312.6754155780746,20.56415485193257,50.6718030906728,1,-1,-1,-1
32,-1,883.7587280273438,295.3238525390625,31.673095703125,57.69921875,1,-1,-1,-1
32,-1,758.909912109375,313.67376708984375,33.7105712890625,65.08984375,1,-1,-1,-1
32,-1,1149.804443359375,295.489013671875,25.084228515625004,52.40667724609375,1,-1,-1,-1
32,-1,156.34910583496094,397.22515869140625,26.26055908203125,72.95214843749999,1,-1,-1,-1
32,-1,357.092529296875,379.89991471496063,35.30133056640625,81.55440047058619,1,-1,-1,-1
32,-1,303.13747445998433,338.19422228920683,31.506013403040935,57.38032337471231,1,-1,-1,-1
32,-1,151.21951560134383,353.28139871315085,42.22921220156984,54.859339965603354,1,-1,-1,-1
32,-1,0.14321658983351868,397.2221683052458,25,69.68573937457717,1,-1,-1,-1
32,-1,1061.443263877423,310.98764013911614,27.707647773688176,60.13098752510751,1,-1,-1,-1
32,-1,484.67538422301806,313.7941272726542,18.507739366739326,49.7424939606315,1,-1,-1,-1
32,-1,1189.8035273043809,302.46489079047484,18.0670789056264,52.97062041235392,1,-1,-1,-1
32,-1,971.9022440367497,238.13312316025582,5.142875510269679,26.191844165111302,1,-1,-1,-1
32,-1,35.23795082970701,361.63899908649523,23.991513993921306,54.232524388936234,1,-1,-1,-1
33,-1,145.28981018066406,397.957275390625,36.25048828125,73.90228271484375,1,-1,-1,-1
33,-1,1031.9231541908744,313.5128989932087,27.91755419621602,57.78447634852277,1,-1,-1,-1
33,-1,860.4871105792671,296.79065634978457,29.459512131472042,58.29999543382934,1,-1,-1,-1
33,-1,769.8001107232603,309.6151938537214,29.076921064829687,67.09278163040689,1,-1,-1,-1
33,-1,357.5252121758432,380.8529765635011,32.46989973479073,84.14012283189506,1,-1,-1,-1
33,-1,303.4875586764532,337.32129244303985,31.342783675031313,58.95253353987216,1,-1,-1,-1
33,-1,0,398.6253829640333,25,70.75782767264761,1,-1,-1,-1
33,-1,41.009675491884174,362.98186257527163,26.92034816980259,48.74204154790756,1,-1,-1,-1
33,-1,488.62308085361155,314.11690740696423,21.31194230109376,46.50102814340611,1,-1,-1,-1
34,-1,844.2740478515625,296.3720703125,32.8465576171875,60.52337646484375,1,-1,-1,-1
34,-1,356.6612854003906,382.17449951171875,40.04766845703125,81.41766357421875,1,-1,-1,-1
34,-1,1000.1680808613407,314.27241872596704,34.64767886851805,60.02611551721549,1,-1,-1,-1
34,-1,780.0217038883625,308.0652797377524,26.172707058952405,68.49453015449897,1,-1,-1,-1
34,-1,302.44425854081,337.8297314314009,31.17110374539905,59.48209197627542,1,-1,-1,-1
34,-1,137.22806566068422,391.27639674716835,32.56009390072064,80.48107293153623,1,-1,-1,-1
34,-1,151.36798119745444,352.88504977580004,42.19293201421575,56.96855404574192,1,-1,-1,-1
34,-1,492.4334048285695,315.07157199724764,21.592362594529167,54.95151618954713,1,-1,-1,-1
34,-1,50.74012347368558,362.36316637913706,20.857928492674436,46.07416844731057,1,-1,-1,-1
35,-1,786.950927734375,310.3801356061295,33.6947021484375,64.79283802668294,1,-1,-1,-1
35,-1,356.6571044921875,382.0148010253906,39.5,81.00347900390625,1,-1,-1,-1
35,-1,979.290699340356,311.04150441717337,29.80328961164373,62.73701892412079,1,-1,-1,-1
35,-1,829.0343242292034,298.12041478791787,25,61.14873996401642,1,-1,-1,-1
35,-1,302.9345845804422,337.3526642561416,32.264630253708646,59.69652585017108,1,-1,-1,-1
35,-1,129.7337388226448,392.81932355906355,26.237171854664172,79.35917976521257,1,-1,-1,-1
35,-1,152.14048255171198,353.8246822422684,39.71031415841067,55.97656429867676,1,-1,-1,-1
35,-1,319.6725105307475,250.11829095403527,29.4067414382635,14.996114698455834,1,-1,-1,-1
35,-1,56.202919968954326,363.81028705869545,26.258843887852333,51.19853701053426,1,-1,-1,-1
35,-1,496.5436392167663,315.49442940154734,19.931411625719193,53.56883964991083,1,-1,-1,-1
36,-1,116.22528839111328,395.783447265625,32.325950622558594,77.58587646484375,1,-1,-1,-1
36,-1,806.8695678710938,300.878173828125,36.5020751953125,58.5673828125,1,-1,-1,-1
36,-1,356.1514892578125,382.0418395996094,39.7540283203125,83.043701171875,1,-1,-1,-1
36,-1,499.1668585003948,312.93255958982974,30.95939524163374,56.90314812835299,1,-1,-1,-1
36,-1,301.80753618099993,338.01611540026363,32.79056445857651,55.99992355488706,1,-1,-1,-1
36,-1,152.48946532763716,351.968454946635,39.00120140558188,57.74797456129311,1,-1,-1,-1
36,-1,799.0674550439074,308.9581520510109,25.41062641665361,64.65534629870544,1,-1,-1,-1
36,-1,64.63926522186864,365.6616504528847,25.70519356491567,54.6091391416372,1,-1,-1,-1
37,-1,356.5285339355469,381.93621826171875,40.48968505859375,81.69061279296875,1,-1,-1,-1
37,-1,806.8650966183047,307.0675262716191,26.469599637478403,66.04829693469537,1,-1,-1,-1
37,-1,786.8891005738045,300.9030185577142,27.32110134827387,60.76443317991975,1,-1,-1,-1
37,-1,500.65521488674716,315.51041396038676,25,50.81048782370103,1,-1,-1,-1
37,-1,302.83859399326144,337.8736956226205,29.64358896542273,57.84556923991268,1,-1,-1,-1
37,-1,151.5760270506406,353.12710770615604,40.447873995999934,56.10028184082774,1,-1,-1,-1
37,-1,112.3890430639489,394.77762231979244,35.71688970826974,77.54533238490826,1,-1,-1,-1
37,-1,74.53660595848693,360.0930685606175,25,64.24065933437744,1,-1,-1,-1
38,-1,356.886474609375,381.8619384765625,39.69268798828125,80.90826416015625,1,-1,-1,-1
38,-1,501.9302871188951,315.1430133264233,25,47.97802902915138,1,-1,-1,-1
38,-1,303.7665891520231,337.6752085157945,30.20820327050523,57.53540532977916,1,-1,-1,-1
38,-1,152.91680990660478,352.18883962823276,38.57573375388464,58.669107897853536,1,-1,-1,-1
38,-1,104.41111391618428,395.7988048844664,29.646822341182467,77.05634642381132,1,-1,-1,-1
38,-1,80.5306685145412,367.63766050316735,25,59.41900490902781,1,-1,-1,-1
39,-1,357.03460693359375,381.98199462890625,39.021484375,80.2637939453125,1,-1,-1,-1
39,-1,501.33146808499725,316.8604222220228,25,49.471143666306006,1,-1,-1,-1
39,-1,303.38706539808527,338.47708734056596,32.03696773832674,59.26579345999806,1,-1,-1,-1
39,-1,153.74814467032397,352.37940150715957,38.83299326421322,57.6810802737614,1,-1,-1,-1
39,-1,96.58768984309584,396.7703220782336,28.1668180729679,78.45737090424423,1,-1,-1,-1
39,-1,92.10094006156115,368.37622594145944,25,44.33464133636663,1,-1,-1,-1
39,-1,1271.2805786818021,291.5406052914145,5.912194519930603,46.9912498256408,1,-1,-1,-1
39,-1,1224.0410019954993,298.92452207886356,12.064304179800608,52.31521292064057,1,-1,-1,-1
40,-1,357.01422119140625,382.0235595703125,36.39593505859375,79.93829345703125,1,-1,-1,-1
40,-1,501.0321726078123,315.16660591806396,25,54.09474986155311,1,-1,-1,-1
40,-1,303.2980648072731,338.06740877327195,31.874618239652808,58.9052959328691,1,-1,-1,-1
40,-1,153.27687365626096,350.9955489535392,38.963879681748786,58.40059939488855,1,-1,-1,-1
40,-1,101.89581010295448,371.04815944592247,25,57.53540532977916,1,-1,-1,-1
40,-1,85.32934446241708,396.63583194083594,35.893998252277676,78.45737090424429,1,-1,-1,-1
40,-1,1226.053537725177,298.9339237160902,16.330358264770094,54.22648244103194,1,-1,-1,-1
40,-1,1197.4003096269091,295.19425843569195,17.59377692887576,46.791529881026676,1,-1,-1,-1
41,-1,357.38330078125,382.0361328125,34.51153564453125,79.30255126953125,1,-1,-1,-1
41,-1,303.6269084938113,336.4159554468409,31.604035741862926,60.34728604138487,1,-1,-1,-1
41,-1,111.67486920658628,372.6476841291925,28.503034464865845,60.97606079800515,1,-1,-1,-1
41,-1,152.61098704372853,351.984996253337,38.386637019796915,57.192932679006645,1,-1,-1,-1
41,-1,79.70857896951345,395.56223586753043,38.778337397550025,79.84505229438732,1,-1,-1,-1
41,-1,1227.978996576869,299.37520812157834,17.946898779868345,50.60955271832556,1,-1,-1,-1
41,-1,1202.2194440141664,294.94506572134816,17.660980049306772,44.95209240794187,1,-1,-1,-1
42,-1,302.58996481633085,338.11804371888445,31.435826494829147,56.54070769441443,1,-1,-1,-1
42,-1,122.59499911186919,370.928730469028,25.761832536833893,61.87088328241553,1,-1,-1,-1
42,-1,151.86481057617522,350.92725174947225,39.99468248044661,59.16510277138611,1,-1,-1,-1
42,-1,73.4351846399945,396.91662269056184,25,81.06440546856633,1,-1,-1,-1
42,-1,1236.4019418452526,298.633037361692,14.757805246680972,52.32326885117963,1,-1,-1,-1
42,-1,1209.4200300622917,292.01595340680694,17.9201920852556,47.981697714237434,1,-1,-1,-1
43,-1,65.52710723876953,398.7393798828125,29.85394287109375,78.6917724609375,1,-1,-1,-1
43,-1,863.8688442124229,303.9258795638187,25.579945400822822,65.1533335615966,1,-1,-1,-1
43,-1,152.1929749128558,351.35902000524453,38.99424633553219,58.111282908148134,1,-1,-1,-1
43,-1,133.40368664496336,373.0000910859122,28.292243845346288,64.91710883432764,1,-1,-1,-1
43,-1,1239.8801344171845,299.1272119500475,17.056151965426253,49.060616982861255,1,-1,-1,-1
43,-1,1215.4036900712315,293.4503527913669,17.17711758220259,43.62286386899733,1,-1,-1,-1
44,-1,868.7323608398438,305.746337890625,34.0640869140625,63.475341796875,1,-1,-1,-1
44,-1,58.829917907714844,400.1607666015625,30.115615844726562,77.0323486328125,1,-1,-1,-1
44,-1,760.7905562568566,328.2683312354973,31.114634354555914,60.03694469194342,1,-1,-1,-1
44,-1,1243.3904162962324,299.00619464774445,15.585464729885848,48.6535804924668,1,-1,-1,-1
44,-1,1222.0988310849236,292.0463594062492,16.19427194589689,47.11964121860703,1,-1,-1,-1
45,-1,633.299560546875,316.13363647460943,26.98046875,55.72784423828125,1,-1,-1,-1
45,-1,878.1424121789014,303.4556345327142,28.253518551838265,65.39738618229555,1,-1,-1,-1
45,-1,737.6443219700038,329.2284172940786,30.66830823128577,62.18112128808429,1,-1,-1,-1
45,-1,1252.033339145526,298.61058446128925,12.654864524266163,48.1961536673239,1,-1,-1,-1
45,-1,1229.0618481365943,291.228964691571,23.763023384455437,44.0525134977471,1,-1,-1,-1
45,-1,942.0448935065076,238.35291342264742,11.249802360174886,26.22205390463276,1,-1,-1,-1
46,-1,716.1132953877324,332.5737915039063,33.12443654586132,59.33164014561136,1,-1,-1,-1
46,-1,891.8779856995284,302.61846326300304,25,64.65534629870538,1,-1,-1,-1
46,-1,603.1229384598827,316.2354217893127,36.15120046905347,66.74944658368365,1,-1,-1,-1
46,-1,1235.8575507699104,290.97786867800704,15.716889779691263,44.75357126251508,1,-1,-1,-1
46,-1,1251.7996942551906,298.33119038306836,16.70837581719527,48.275163755303154,1,-1,-1,-1
46,-1,941.1798261397424,236.59464555622898,10.17925665170661,26.910835965722168,1,-1,-1,-1
47,-1,898.4974975585938,305.51715087890625,30.2274169921875,62.64544677734375,1,-1,-1,-1
47,-1,585.5620709776181,317.80120849609375,35.45752130753802,65.98980712890625,1,-1,-1,-1
47,-1,701.3192749023438,334.1717529296875,26.9207763671875,52.439208984375,1,-1,-1,-1
47,-1,501.55678036869625,319.5077126559767,25,42.90316723963125,1,-1,-1,-1
47,-1,1240.877862079328,288.6922560917951,16.177135150186746,48.617540803213075,1,-1,-1,-1
47,-1,938.9869121671996,237.03963944855576,6.888991875397417,26.49998350823024,1,-1,-1,-1
47,-1,1257.801074041808,299.459762911071,16.010663420433097,48.421896775835954,1,-1,-1,-1
48,-1,356.95300292968744,381.8604736328125,30.519380553161795,81.12030029296875,1,-1,-1,-1
48,-1,906.9371843331173,302.85298574263567,27.32110134827387,66.63539290744828,1,-1,-1,-1
48,-1,674.7918936130308,331.949612114416,31.140180031365887,66.6353929074482,1,-1,-1,-1
48,-1,571.9305606685707,319.6278701992353,25.264674365070512,68.69022881208325,1,-1,-1,-1
48,-1,501.7090727191262,317.54691577197764,25,47.84832177935715,1,-1,-1,-1
48,-1,301.72056594836766,338.3967285787147,32.12682154891359,57.380323374712376,1,-1,-1,-1
48,-1,937.9965658015913,236.50799798080297,8.020020392253745,26.6026966226032,1,-1,-1,-1
48,-1,1266.8732723993298,298.16926874321433,10.655971150546822,49.489046016074774,1,-1,-1,-1
48,-1,1247.3322089457504,289.5868620608278,16.06574597807235,44.29503057334999,1,-1,-1,-1
49,-1,551.2649536132812,321.0022888183594,33.5531005859375,66.78204345703125,1,-1,-1,-1
49,-1,357.3223876953125,381.89880371093744,31.25273000244175,85.91215796393826,1,-1,-1,-1
49,-1,918.6780428966672,300.87633769398656,25,69.42854647478757,1,-1,-1,-1
49,-1,654.0651173946187,335.1499016288827,33.96220320745022,59.77704449847175,1,-1,-1,-1
49,-1,501.0321845214829,318.96379192489945,25,46.07813846757205,1,-1,-1,-1
49,-1,303.6020714331359,338.826960739688,31.555517500879887,58.45653866633958,1,-1,-1,-1
49,-1,177.62590029355616,383.098202355752,42.48442558705945,78.80634403490151,1,-1,-1,-1
49,-1,935.1845351331393,237.7425133589808,9.562332006148548,25.06199990700845,1,-1,-1,-1
49,-1,1253.1047477386633,289.84848092136036,14.50915370108592,41.085245749194144,1,-1,-1,-1
49,-1,1268.6425700875202,297.1451330711036,9.767973554667902,49.17679142271484,1,-1,-1,-1
50,-1,925.5050659179688,304.0018310546875,32.7689208984375,62.81640625,1,-1,-1,-1
50,-1,357.35861576191996,381.9242248535156,29.751148812083663,82.1534423828125,1,-1,-1,-1
50,-1,303.3981619318002,339.1448800337049,27.933133188512905,55.99427840130284,1,-1,-1,-1
50,-1,183.1469220919851,384.48090614915566,40.69560766760428,78.51636140868347,1,-1,-1,-1
50,-1,152.9117169060138,351.777822301248,25,46.63999634706347,1,-1,-1,-1
50,-1,532.0924388589978,323.8748769374239,28.4440367770192,67.21425856282613,1,-1,-1,-1
50,-1,638.5630892500201,335.8237955153731,33.440962156765686,67.21425856282607,1,-1,-1,-1
50,-1,500.28945203406454,317.67986680890795,25,48.68783162574579,1,-1,-1,-1
50,-1,1260.9327223599262,288.9352915468232,13.023964739557513,45.876045754249915,1,-1,-1,-1
50,-1,1268.7943875561173,302.2118742439802,9.174776780092932,44.8777299721967,1,-1,-1,-1
50,-1,934.6293945260453,237.59824386321668,6.888991875397417,25.472852364500376,1,-1,-1,-1
51,-1,514.9169921875,324.5848693847656,31.3720703125,66.77490234375,1,-1,-1,-1
51,-1,11.279029846191406,400.281005859375,32.76359176635742,79.04278564453125,1,-1,-1,-1
51,-1,357.9607849121094,381.9379577636719,32.9954833984375,81.33587646484375,1,-1,-1,-1
51,-1,623.9427490234375,341.251220703125,30.4052734375,50.00811767578125,1,-1,-1,-1
51,-1,933.1401966280997,302.1595609963896,28.789977764847713,65.75474894831892,1,-1,-1,-1
51,-1,302.69607025688055,339.34227255871133,30.518722484921703,58.03010547806526,1,-1,-1,-1
51,-1,186.94730498179547,382.9582541711713,42.42733565345981,81.32824212028923,1,-1,-1,-1
51,-1,153.712282430892,353.60936946267674,25.53396837477566,41.610427068858115,1,-1,-1,-1
51,-1,1264.622322138655,289.3987782926558,13.161059105236772,44.91986868578559,1,-1,-1,-1
51,-1,932.1795679913816,236.74995225190128,6.602176031409971,26.81352880473725,1,-1,-1,-1
51,-1,505.0563252806605,319.1915217755021,13.480945958489151,47.24803261157326,1,-1,-1,-1
52,-1,8.174589649516449,397.6205094101258,34.52236557006836,80.6417236328125,1,-1,-1,-1
52,-1,357.7582092285156,382.0602111816406,32.93731689453125,80.93951416015625,1,-1,-1,-1
52,-1,189.42324660959395,386.7397370017934,43.99797266388692,78.3704856651476,1,-1,-1,-1
52,-1,152.30484912713536,352.48148839483827,28.120443398223383,45.493111190988145,1,-1,-1,-1
52,-1,302.53300490917076,337.3419662488825,31.484606225596973,58.38568225583497,1,-1,-1,-1
52,-1,494.76071705297795,329.70889210568293,31.171103745399108,64.67325636693211,1,-1,-1,-1
52,-1,603.6706726865285,340.3206743686987,36.366287702965536,60.99618159021701,1,-1,-1,-1
52,-1,944.8630807041061,301.07743923737604,25.542987791368745,66.40364449715106,1,-1,-1,-1
52,-1,1269.6528279956624,287.539983907373,8.482713876422057,45.96411868191097,1,-1,-1,-1
52,-1,927.6940522500961,237.05365272368564,10.396322730699312,25.90652995851965,1,-1,-1,-1
53,-1,954.7631225585938,304.3341979980469,27.4564208984375,60.575439453125,1,-1,-1,-1
53,-1,482.90301513671875,328.4967041015625,30.964111328124996,66.3018798828125,1,-1,-1,-1
53,-1,2.242947578430176,393.948974609375,25.95613384246826,71.5513916015625,1,-1,-1,-1
53,-1,357.4991149902344,382.1466064453125,32.32049560546875,80.64990234375,1,-1,-1,-1
53,-1,590.5499877929688,343.57763671875,34.5452880859375,56.67022705078125,1,-1,-1,-1
53,-1,303.79409127056476,337.7039317730749,30.24628014205791,58.84666248293143,1,-1,-1,-1
53,-1,193.77122947709572,387.8738198477301,36.27184052809559,74.75351308241007,1,-1,-1,-1
53,-1,152.28075590112962,352.0637709389886,40.39931023740029,57.85601802411928,1,-1,-1,-1
54,-1,467.3113098144531,329.9206237792969,31.20263671875,65.96923828125,1,-1,-1,-1
54,-1,963.1366364661267,302.86434037785045,27.117718459825188,63.4515262859809,1,-1,-1,-1
54,-1,580.3316749146201,343.21023124026357,32.71588382369068,65.069803646774,1,-1,-1,-1
54,-1,499.045442830537,316.74827732385705,25,48.890923248211315,1,-1,-1,-1
54,-1,358.54221474105094,379.6944684401651,29.864035170087746,84.54929900599939,1,-1,-1,-1
54,-1,196.32604231360438,389.1772411460443,42.91652741151908,82.98757566545093,1,-1,-1,-1
54,-1,152.17053760908462,352.1879091619608,39.20814092488992,59.00657189185244,1,-1,-1,-1
54,-1,304.72719519676644,338.2945462674599,29.782735618808022,57.747974561293056,1,-1,-1,-1
54,-1,0,392.4333333807882,25.148661195863347,76.17289786608612,1,-1,-1,-1
54,-1,924.8928673988793,236.47651708489306,9.524450668263508,26.92164787249828,1,-1,-1,-1
55,-1,972.6933690094505,302.05702214621607,25,63.37344378780747,1,-1,-1,-1
55,-1,567.977111703581,345.3815740815886,32.745652598780424,64.13182122746082,1,-1,-1,-1
55,-1,453.07014008866975,328.34624129709107,25.463679969550103,67.96764915331052,1,-1,-1,-1
55,-1,500.33024308591627,317.28046867901656,25,46.741871676861436,1,-1,-1,-1
55,-1,358.77488625931267,381.7490079204423,28.021642408486052,82.19343618539874,1,-1,-1,-1
55,-1,303.36281103626266,339.50675912012355,29.60545743060082,56.3308463512,1,-1,-1,-1
55,-1,200.11973337977258,388.6540091220027,37.51284386942488,79.70956860836745,1,-1,-1,-1
55,-1,153.67585359629433,354.7302523264404,40.53247387183533,55.19269386362529,1,-1,-1,-1
55,-1,0,393.0722898776725,25,78.00523561544213,1,-1,-1,-1
56,-1,439.0659484863281,332.3872985839844,35.142333984375,66.14141845703125,1,-1,-1,-1
56,-1,980.297607421875,304.5533752441406,30.933837890625,59.37475585937501,1,-1,-1,-1
56,-1,555.8083514731132,347.2664428265586,32.40430397775082,64.44712609991497,1,-1,-1,-1
56,-1,499.0686033081236,316.78434709959254,25,49.19152620186741,1,-1,-1,-1
56,-1,359.15007616924294,380.9660697641006,29.288505518351556,81.8820974119692,1,-1,-1,-1
56,-1,200.19416759227587,387.21142975876177,27.730606288652037,77.2120158105261,1,-1,-1,-1
56,-1,153.58825054692593,352.5881067575795,40.67657768973778,57.58056655845243,1,-1,-1,-1
56,-1,303.1032007411912,338.82659938875383,29.803289611643613,56.9795076937426,1,-1,-1,-1
56,-1,0,392.96612133896843,25,78.1840002739159,1,-1,-1,-1
57,-1,548.4903212170698,347.13905614662485,25,76.87800628445042,1,-1,-1,-1
57,-1,425.6463061659046,332.126188931338,31.781144285870877,68.49453015449892,1,-1,-1,-1
57,-1,500.00901838793715,315.3076363268659,25,54.97013248068066,1,-1,-1,-1
57,-1,357.4672321097538,380.27633782460225,28.816174286926714,84.81106154162164,1,-1,-1,-1
57,-1,303.8415797479664,338.5909596609934,29.37752833147723,57.806372701818916,1,-1,-1,-1
57,-1,200.31669673275775,388.3273131222469,30.73341425446852,76.32247645787022,1,-1,-1,-1
57,-1,151.88655407394694,352.75879460305066,38.93101335120345,55.976564298676706,1,-1,-1,-1
57,-1,998.3892060441259,303.7488682921349,13.195332696656703,42.45475394083396,1,-1,-1,-1
57,-1,918.9646922431089,236.4010885982992,9.43531810853379,25.61785911420341,1,-1,-1,-1
58,-1,417.1883239746094,332.3906555175781,25.9359130859375,66.76226806640625,1,-1,-1,-1
58,-1,999.0030978898731,301.7417495114585,27.107446596772206,62.26775468590814,1,-1,-1,-1
58,-1,537.0027401016856,350.7720336387639,30.281452280138208,75.87086417113731,1,-1,-1,-1
58,-1,498.1167642723169,316.19648161098917,25,51.03218840082447,1,-1,-1,-1
58,-1,359.32112437343505,380.40324782582866,28.247623395651267,81.5160177552993,1,-1,-1,-1
58,-1,200.41707088325813,389.66816630668603,35.70499597210315,73.6128027374725,1,-1,-1,-1
58,-1,153.21269324829424,351.9217191725438,38.744276495136724,56.582437953716536,1,-1,-1,-1
58,-1,303.5967376403322,337.72922805753177,30.20066680646552,58.567786653846916,1,-1,-1,-1
58,-1,917.1567543501072,236.76509371503403,8.225661940772982,26.294557279484263,1,-1,-1,-1
59,-1,1006.11279296875,302.9874572753906,30.2589111328125,60.974365234375,1,-1,-1,-1
59,-1,400.9609375,336.6585388183594,37.885986328125,68.246337890625,1,-1,-1,-1
59,-1,356.8606872558594,381.73757934570307,33.20452880859375,79.32269287109374,1,-1,-1,-1
59,-1,533.3706944467049,352.6035059901708,25,75.73538048511739,1,-1,-1,-1
59,-1,499.35880301106374,316.0487458495837,25,58.184300878611246,1,-1,-1,-1
59,-1,303.02572126694236,337.9308252965961,29.989560171716377,58.22035063132413,1,-1,-1,-1
59,-1,199.95128026730748,391.4005672587481,33.650623361510334,76.21573173555157,1,-1,-1,-1
59,-1,151.13517668204986,351.7633893459052,42.75275787171221,59.049494943720696,1,-1,-1,-1
59,-1,915.687842360682,236.63477068106286,6.374888004099149,26.294557279484263,1,-1,-1,-1
60,-1,392.7135084451651,336.16310143235836,27.689628761866178,68.31087056157124,1,-1,-1,-1
60,-1,526.7797577770978,355.13715117883913,26.458487299814465,71.19940968926264,1,-1,-1,-1
60,-1,497.09645898330433,316.95514863348467,25,56.86226942998491,1,-1,-1,-1
60,-1,358.08790423763196,381.0578139551223,29.207223819410697,82.78904079543781,1,-1,-1,-1
60,-1,303.4083279445868,338.3243415033603,31.79017558575314,58.96485639387298,1,-1,-1,-1
60,-1,199.25937679422992,388.0233513202521,38.3450825135016,78.818343395177,1,-1,-1,-1
60,-1,152.97288068960168,352.1597538784966,38.4693668409603,57.03941045624653,1,-1,-1,-1
60,-1,1015.7858205668146,299.8597168256331,27.569680434155618,64.80636314617972,1,-1,-1,-1
61,-1,370.8815316101288,337.4837295314502,38.91897498166817,67.25024874003421,1,-1,-1,-1
61,-1,1025.4385596182128,298.0762161506444,25,65.39738618229548,1,-1,-1,-1
61,-1,356.7333027126275,380.73391338212537,33.53154826115115,81.93167364977643,1,-1,-1,-1
61,-1,200.01628141548952,388.08124810793765,36.41316568984383,76.69642293733062,1,-1,-1,-1
61,-1,304.71343913210677,337.80269632817664,29.60460101423272,60.75167022399035,1,-1,-1,-1
61,-1,153.39077261171713,351.7028665056825,39.320691766746485,58.0321788451854,1,-1,-1,-1
61,-1,496.80771448529384,314.3452102601339,25,55.106962897028595,1,-1,-1,-1
61,-1,521.1112712053816,356.72655640730363,29.600085364291527,40.162701772410756,1,-1,-1,-1
62,-1,1030.8687744140625,302.6155090332031,29.566650390625,59.9547119140625,1,-1,-1,-1
62,-1,514.5447194255638,358.33940415394187,34.317443923521594,65.96415897681689,1,-1,-1,-1
62,-1,496.7236218776536,315.34460451794286,25,60.990670799993346,1,-1,-1,-1
62,-1,357.48014187662824,380.0812310525719,28.473604382816422,39.51607508913403,1,-1,-1,-1
62,-1,361.09583767127157,339.8877375333385,42.25844459989423,65.0321692895462,1,-1,-1,-1
62,-1,301.7417869459038,339.33089375617766,31.463062620929637,57.17804256375566,1,-1,-1,-1
62,-1,201.24229115464505,388.4763586079895,31.157984593991046,75.3439831699488,1,-1,-1,-1
62,-1,153.02588828991804,351.126389977876,38.190786830920494,58.4837911319183,1,-1,-1,-1
63,-1,514.2207228329069,359.15479083663456,34.344975734778394,65.76055530689793,1,-1,-1,-1
63,-1,498.2122010763315,315.06804357799956,25,53.38732537275902,1,-1,-1,-1
63,-1,358.52367618241544,378.2643178207517,29.98155227847961,31.246477335568052,1,-1,-1,-1
63,-1,351.60485642584325,339.9929128871639,25,53.387325372758966,1,-1,-1,-1
63,-1,200.9283372827149,389.5394234849043,30.750310029209878,59.916710490290676,1,-1,-1,-1
63,-1,303.6334140678255,339.3012067646923,30.598044001287484,57.773647173794785,1,-1,-1,-1
63,-1,152.78134823498402,351.9734671742275,40.90255867690297,58.032178845185335,1,-1,-1,-1
63,-1,1045.9313701948709,303.0267089189713,15.68016807459862,47.504815397505716,1,-1,-1,-1
64,-1,509.3386535644531,360.5616149902344,44.315521240234375,73.96112060546875,1,-1,-1,-1
64,-1,200.6320343017578,389.21551513671875,29.821258544921875,34.6826171875,1,-1,-1,-1
64,-1,1049.3518114520084,299.32103091174935,25,62.53848405410773,1,-1,-1,-1
64,-1,498.48394332274734,317.2686905135562,25,56.02131571583757,1,-1,-1,-1
64,-1,358.8365772254242,380.3038871187147,28.186890320550376,83.27492876678555,1,-1,-1,-1
64,-1,339.9562522478089,341.47442026726065,29.87230775600737,69.64812224131155,1,-1,-1,-1
64,-1,302.9326491844565,337.55766036906823,32.253433736558705,60.56358455766223,1,-1,-1,-1
64,-1,151.66244541088798,352.9582391185647,40.58809788939281,57.5354053297791,1,-1,-1,-1
65,-1,357.5898742675781,381.98028564453125,32.94488525390625,79.64947509765625,1,-1,-1,-1
65,-1,1055.9521829366765,300.7304555381619,28.059657901653836,64.6624310369116,1,-1,-1,-1
65,-1,509.95100901623016,362.00320307536987,38.82226641187742,73.74364368035779,1,-1,-1,-1
65,-1,334.9874712621013,345.05235624505053,26.720452520604827,68.32002179741743,1,-1,-1,-1
65,-1,303.35822839913925,338.49133262993473,31.7901755857532,57.97218204380779,1,-1,-1,-1
65,-1,198.7338096653825,389.7520125530878,35.238145971737744,72.8622972947858,1,-1,-1,-1
65,-1,152.22617571041414,352.3757913985889,39.17847959378911,57.03941045624653,1,-1,-1,-1
65,-1,497.49133419122245,315.0063113090953,25.630829066013547,59.56046100391216,1,-1,-1,-1
66,-1,506.6235046386719,364.882568359375,46.94503784179687,74.76287841796875,1,-1,-1,-1
66,-1,356.7395935058594,382.1808776855469,32.98760986328125,78.40008544921875,1,-1,-1,-1
66,-1,1063.9028720150802,300.03267107771615,26.048075120576648,60.7318167369891,1,-1,-1,-1
66,-1,496.76961733515896,316.3055417513475,26.59007913165337,59.638028115917244,1,-1,-1,-1
66,-1,323.5143041253993,342.5618022256897,25.110055794904813,69.43182372503419,1,-1,-1,-1
66,-1,302.08417030043745,337.58693635131027,25,58.18430087861119,1,-1,-1,-1
66,-1,199.42494052876438,388.85095373094055,32.87133676141391,74.77494223878584,1,-1,-1,-1
66,-1,152.02759151040178,352.6191511768164,37.87325349490059,56.1655147266891,1,-1,-1,-1
67,-1,309.9615783691406,346.6034240722656,34.67999267578125,67.33660888671875,1,-1,-1,-1
67,-1,356.811279296875,382.1590881347656,32.9390869140625,77.84100341796874,1,-1,-1,-1
67,-1,1074.6656480030058,297.6958507719558,25,63.513109779626326,1,-1,-1,-1
67,-1,511.5905724749984,363.79131377319425,31.41135721596411,63.67733242934743,1,-1,-1,-1
67,-1,497.9309717258564,315.7273196395409,25.987813523999108,59.38701570538423,1,-1,-1,-1
67,-1,201.68474465337525,388.4261707110206,32.18755278057513,75.04618086492924,1,-1,-1,-1
67,-1,151.1841036110493,352.8656298698447,39.98502530287897,56.607930758037234,1,-1,-1,-1
68,-1,1081.9287109375,301.6398620605469,27.8603515625,57.75311279296875,1,-1,-1,-1
68,-1,510.8211678646904,361.5975419258534,34.89694274526991,40.84764707395573,1,-1,-1,-1
68,-1,499.0982266273153,314.24571572859196,26.172707058952522,62.26775468590814,1,-1,-1,-1
68,-1,300.34550452424037,349.7006028616321,33.33576372771848,68.99922669247947,1,-1,-1,-1
68,-1,358.58110058696496,380.02819390897963,29.439375759543555,68.35033114364732,1,-1,-1,-1
68,-1,200.47250630083084,389.2712637499285,29.268216598150865,76.076715352997,1,-1,-1,-1
68,-1,152.82303213667555,351.94841150028753,39.789470930819434,58.68229048585449,1,-1,-1,-1
69,-1,506.17406721877234,363.75436341606394,45.68657644322514,77.47648270029529,1,-1,-1,-1
69,-1,1089.58417260612,298.33842777349133,25,61.10903299001385,1,-1,-1,-1
69,-1,358.69959821566096,379.29222099093374,28.202427198218142,47.26122580660425,1,-1,-1,-1
69,-1,498.60514069440916,314.8867621098999,25,58.03354736726639,1,-1,-1,-1
69,-1,287.9983716182276,347.64203482823706,27.169762565960202,69.73988524821712,1,-1,-1,-1
69,-1,304.0564618290631,339.6364216980421,28.35704576838384,56.45391274839229,1,-1,-1,-1
69,-1,202.06816527131267,389.4479319433107,25.975919787832563,79.8141525063477,1,-1,-1,-1
69,-1,153.8177506719942,352.0011120788821,38.21526810452998,57.5354053297791,1,-1,-1,-1
69,-1,1266.469836608787,250.61938719119422,13.530163391213001,44.16653134926785,1,-1,-1,-1
70,-1,275.9824523925781,353.8970947265625,37.1785888671875,65.051025390625,1,-1,-1,-1
70,-1,507.29443359375,362.17626953125,45.3919677734375,79.76025390625,1,-1,-1,-1
70,-1,200.43797302246094,389.0091857910156,28.571319580078125,40.431640625,1,-1,-1,-1
70,-1,357.032958984375,382.22491455078125,30.8133544921875,78.9071044921875,1,-1,-1,-1
70,-1,1100.0263610076754,298.39831816011707,25.3924027491205,62.53848405410773,1,-1,-1,-1
70,-1,499.3951118736059,316.7682029843964,25,57.53540532977916,1,-1,-1,-1
70,-1,303.97888079466753,338.76381730687586,30.989876398042117,57.5354053297791,1,-1,-1,-1
70,-1,191.73076475392665,396.80320186263936,46.61234495261058,37.11158179280127,1,-1,-1,-1
70,-1,152.4753562176241,351.2174735035539,37.01568569766138,57.96800236233383,1,-1,-1,-1
70,-1,1266.469836608787,254.72790173531217,13.530163391213001,51.356431801474244,1,-1,-1,-1
71,-1,504.6615905761719,363.1768798828125,45.862762451171875,79.852294921875,1,-1,-1,-1
71,-1,357.4200134277344,382.06488037109375,29.90362548828125,79.3323974609375,1,-1,-1,-1
71,-1,1104.049139589189,299.2510460285437,31.472273829895663,60.75167022399035,1,-1,-1,-1
71,-1,499.1703339410032,314.950396995081,25,50.18125577634873,1,-1,-1,-1
71,-1,262.3284032124072,351.2563149589149,34.149151115014206,68.24545913575531,1,-1,-1,-1
71,-1,304.95252613698693,338.8027640217333,28.416081949719864,57.03726329229187,1,-1,-1,-1
71,-1,201.45399880306942,388.92022970095104,26.107681699799762,73.25936703481192,1,-1,-1,-1
71,-1,150.6244851063896,351.26814206498426,36.582753701197475,59.265793459998,1,-1,-1,-1
71,-1,1255.8809304993451,279.62995999947753,19.54698657227434,45.82615613498611,1,-1,-1,-1
72,-1,503.37347412109347,363.5270385742187,49.5086708617775,79.27087402343751,1,-1,-1,-1
72,-1,356.9622802734375,380.49334716796875,35.3206787109375,81.644287109375,1,-1,-1,-1
72,-1,1240.6318359375,275.4999084472656,27.752197265625,50.53546142578126,1,-1,-1,-1
72,-1,1115.3176362063787,297.89835882718734,25,63.69991304368401,1,-1,-1,-1
72,-1,499.8767909437374,314.61605434072686,25,55.04469514234283,1,-1,-1,-1
72,-1,252.2832476601279,352.2964695003696,28.914609703223704,70.2380272857044,1,-1,-1,-1
72,-1,305.1636106719855,338.9791035364892,28.447239934313803,57.5354053297791,1,-1,-1,-1
72,-1,200.55932841303235,388.1563697317204,27.180600125818984,76.83299469504662,1,-1,-1,-1
72,-1,153.31199202627812,352.5579369483862,39.613277676444625,57.96800236233383,1,-1,-1,-1
72,-1,1251.0466342347615,256.7821590073711,19.53605634043237,35.94950226103195,1,-1,-1,-1
73,-1,244.3554229736328,354.35223388671875,35.59080505371094,69.2718505859375,1,-1,-1,-1
73,-1,497.0600928127011,362.30706787109375,59.040358639098464,80.34157337023669,1,-1,-1,-1
73,-1,356.84619140625,380.2126159667969,33.44281005859375,82.3426513671875,1,-1,-1,-1
73,-1,1121.7379852710678,297.66657181327326,25,62.55833754110904,1,-1,-1,-1
73,-1,498.2547513750444,316.56596778118495,25,56.04097921731735,1,-1,-1,-1
73,-1,303.96363491565137,337.14469570111027,28.10450210377989,59.93271388518659,1,-1,-1,-1
73,-1,200.06167561544288,389.1447984412011,25.42491542869667,76.46480275429519,1,-1,-1,-1
73,-1,153.11673496248136,352.50064505949547,38.450402197570746,58.491142959841916,1,-1,-1,-1
73,-1,1233.3697863509246,284.61167188324004,13.02396473955728,45.05681950494965,1,-1,-1,-1
73,-1,1247.2357145634455,261.00825574244305,14.936070366140642,40.65276947814996,1,-1,-1,-1
74,-1,1128.0606689453125,300.6054992675781,28.537841796875,58.46258544921875,1,-1,-1,-1
74,-1,497.1463623046875,362.38873291015625,55.42956542968749,80.1483154296875,1,-1,-1,-1
74,-1,356.6741027832031,380.22027587890625,33.537841796875,82.09356689453125,1,-1,-1,-1
74,-1,236.49201134803317,356.78232400526673,28.719066489564884,67.31358997942144,1,-1,-1,-1
74,-1,305.67055270432115,338.59178181361716,26.885582348495905,56.607930758037234,1,-1,-1,-1
74,-1,498.31130596978244,316.68863850025156,25,56.90314812835299,1,-1,-1,-1
74,-1,200.78750641190783,388.21176505014705,26.891737472659972,76.99989488796973,1,-1,-1,-1
74,-1,152.63440271297358,351.81450475803666,39.0947107795813,58.0321788451854,1,-1,-1,-1
74,-1,1212.1902905533286,283.16965886498207,25,45.76679969414244,1,-1,-1,-1
74,-1,1242.201472236064,260.6655711876015,12.161596955444088,39.98080365916204,1,-1,-1,-1
75,-1,356.5956115722656,379.9520263671875,33.7139892578125,82.79180908203125,1,-1,-1,-1
75,-1,498.4491882324219,362.1691641648813,51.405853271484375,81.75411464371247,1,-1,-1,-1
75,-1,1136.3709806287532,298.73689279903056,25.03476327378063,60.75167022399035,1,-1,-1,-1
75,-1,1198.9578888132048,285.51447045616203,25,48.243973413168845,1,-1,-1,-1
75,-1,497.9058742421303,316.57297952631234,25,51.80097954940251,1,-1,-1,-1
75,-1,303.6897158242476,338.2204688398877,30.675035832784204,57.5354053297791,1,-1,-1,-1
75,-1,220.65660976821403,355.711148147636,30.846404748051132,67.80958485295395,1,-1,-1,-1
75,-1,199.49673104257812,389.2129780003252,27.32110134827387,75.73538048511739,1,-1,-1,-1
75,-1,152.2678033741323,351.44626724066467,40.44378722390487,57.53540532977916,1,-1,-1,-1
75,-1,1236.1107201542106,262.3786290024757,17.479531624142734,35.37896161736165,1,-1,-1,-1
76,-1,1184.2459716796875,283.61749267578125,26.4384765625,48.8323974609375,1,-1,-1,-1
76,-1,356.3971252441406,380.3645324707031,34.23040771484375,82.695556640625,1,-1,-1,-1
76,-1,506.08743576326657,363.381761964907,44.534087534341374,79.05228575793127,1,-1,-1,-1
76,-1,499.2520176891179,316.22323142216806,25.41062641665361,56.278945158792176,1,-1,-1,-1
76,-1,305.0792212319121,340.08578074018175,28.030278624556043,56.278945158792176,1,-1,-1,-1
76,-1,200.5361193459911,390.373669101609,39.818713560117,78.52876068668671,1,-1,-1,-1
76,-1,206.017304631354,358.11761936095235,40.86657444327794,65.96415897681683,1,-1,-1,-1
76,-1,153.21574607526642,352.0077810616211,39.936408079602465,57.97218204380779,1,-1,-1,-1
76,-1,1144.070921850163,298.03071312792923,25,59.94362065750421,1,-1,-1,-1
76,-1,1229.4541509111257,257.80928764340064,17.479629357229012,42.112274077208866,1,-1,-1,-1
77,-1,356.4452819824219,380.7763671875,34.02154541015625,82.41796875,1,-1,-1,-1
77,-1,301.14724731445307,338.582763671875,32.474623363138726,60.07954665190575,1,-1,-1,-1
77,-1,1150.462240398672,300.2885388174327,25,55.30773276026832,1,-1,-1,-1
77,-1,509.312381013538,362.56133293327,37.461026573004744,77.48171054419757,1,-1,-1,-1
77,-1,498.5662791580466,316.4017976522453,25,56.54070769441443,1,-1,-1,-1
77,-1,199.79614352502645,389.67355307372225,29.603509318642473,74.9676395976714,1,-1,-1,-1
77,-1,152.43303848502927,351.66857354934734,38.942965092547674,57.773647173794785,1,-1,-1,-1
77,-1,1176.450444791305,287.04834166228534,13.435247836595988,48.06973752655718,1,-1,-1,-1
77,-1,1225.0761598233078,259.75063638237594,18.772979970241863,40.17092533823354,1,-1,-1,-1
78,-1,298.19943989869444,338.1205139160156,35.43505706550044,60.976410396474826,1,-1,-1,-1
78,-1,356.9737548828125,381.863037109375,33.094482421875,80.15716552734375,1,-1,-1,-1
78,-1,505.7710941236581,363.64990234375,43.76741905993567,79.20745849609375,1,-1,-1,-1
78,-1,497.964195663398,318.1951889629851,25,57.96800236233383,1,-1,-1,-1
78,-1,202.28379599663788,390.7287622780936,37.821097738080155,79.81415250634775,1,-1,-1,-1
78,-1,188.94365960453405,358.6851561183063,25,53.42573352050916,1,-1,-1,-1
78,-1,153.22676989626436,352.8450961788174,39.82974367467653,55.37242016700548,1,-1,-1,-1
78,-1,1158.1807828321364,298.0172874267202,25,58.93540341865126,1,-1,-1,-1
78,-1,1159.3404799754544,286.7532582952014,15.8598395188116,48.26920031661668,1,-1,-1,-1
78,-1,1218.9245771810758,258.93632880189244,17.727068171261884,40.985232918717024,1,-1,-1,-1
79,-1,300.31048583984375,337.47677612304693,34.16190284181493,61.96705245757906,1,-1,-1,-1
79,-1,356.93963623046875,381.6516418457031,34.8236083984375,80.9150390625,1,-1,-1,-1
79,-1,496.7655874919263,363.4045715332031,52.249298095703125,79.61395263671875,1,-1,-1,-1
79,-1,1136.645319282292,286.9486008669784,27.90865191490315,53.71928150688561,1,-1,-1,-1
79,-1,499.5567270653769,317.4853267458771,25,56.54070769441443,1,-1,-1,-1
79,-1,199.97619698374547,389.2782945779015,42.93638756138985,81.06440546856639,1,-1,-1,-1
79,-1,175.52880879025795,359.64809766533045,33.46850742007198,72.70957816400657,1,-1,-1,-1
79,-1,153.18001238052315,351.74488264750363,25,44.03219795646366,1,-1,-1,-1
79,-1,1170.6162752435978,298.96944085031686,15.080380224750584,56.83458995305192,1,-1,-1,-1
80,-1,1125.45947265625,287.69818115234375,27.907958984375,49.4453125,1,-1,-1,-1
80,-1,1172.3812255859375,299.2144775390625,26.05859375,56.36871337890625,1,-1,-1,-1
80,-1,357.2765938868304,381.5182800292969,35.48492431640625,80.7530517578125,1,-1,-1,-1
80,-1,504.6132864193615,364.5466918945312,44.73382051423214,79.05356560644613,1,-1,-1,-1
80,-1,498.1425847083035,317.3237087707111,25,48.435417752109934,1,-1,-1,-1
80,-1,298.93889548448703,336.38304376653343,32.902831731254544,62.72656972043591,1,-1,-1,-1
80,-1,198.25990065137202,389.43440315701673,45.24139363047499,81.32824212028923,1,-1,-1,-1
80,-1,168.80567983115796,361.06908982629875,29.00644376307962,72.0274059203626,1,-1,-1,-1
80,-1,151.27815297206544,353.3263074999754,25,42.24360324877473,1,-1,-1,-1
80,-1,1208.3122640344604,258.9526280959687,21.141886876665186,40.96893362464077,1,-1,-1,-1
81,-1,357.177001953125,381.5859680175781,35.148681640625,80.76708984375,1,-1,-1,-1
81,-1,1176.68782744513,295.7785339714386,25,60.39430745796692,1,-1,-1,-1
81,-1,505.56561872167686,363.4750541928433,41.128539664068214,78.97717129118749,1,-1,-1,-1
81,-1,497.6779289666209,316.99213545044125,25,57.8927680958026,1,-1,-1,-1
81,-1,299.1328336735895,337.58015722262246,35.64473437552585,60.77332857344639,1,-1,-1,-1
81,-1,200.50820306674345,390.3678101740649,38.484562114235196,80.43214826714016,1,-1,-1,-1
81,-1,162.33684490863956,362.20500062466,25,67.9177341110926,1,-1,-1,-1
81,-1,1115.567831618608,290.72204444626993,17.773305264884566,50.476159063295675,1,-1,-1,-1
81,-1,1203.6721921839066,258.20683044672325,19.612677777609044,37.60621672976833,1,-1,-1,-1
82,-1,1097.1036376953125,289.4529113769531,26.823974609375,51.32379150390625,1,-1,-1,-1
82,-1,299.22247314453125,337.35186767578125,34.85001972196416,62.970291794833685,1,-1,-1,-1
82,-1,149.18377685546875,363.035888671875,40.042510986328125,67.85272216796875,1,-1,-1,-1
82,-1,357.3602294921875,381.5829162597656,33.184814453125,79.90277099609375,1,-1,-1,-1
82,-1,500.8226318359375,364.5081481933594,49.052001953125,79.62628173828124,1,-1,-1,-1
82,-1,498.62258224286245,316.8072335526672,25.67259163744385,54.70836994505841,1,-1,-1,-1
82,-1,201.39282731992716,390.4912642553871,39.556748339326724,78.26699815106439,1,-1,-1,-1
82,-1,1189.2212533974964,298.94088723170785,14.120719664993677,55.73898339974005,1,-1,-1,-1
82,-1,1200.9811658721,257.34369876014165,11.695863072036667,38.774200675801964,1,-1,-1,-1
83,-1,143.63037109375,364.7511291503906,30.57659912109375,68.0682373046875,1,-1,-1,-1
83,-1,357.4599304199219,381.416748046875,35.48626708984375,80.40118408203125,1,-1,-1,-1
83,-1,505.87709407462813,364.6411437988281,44.34934635505929,79.220947265625,1,-1,-1,-1
83,-1,1191.1824867807145,295.5168761327149,25,60.036944691943475,1,-1,-1,-1
83,-1,498.25835714698155,316.3058995392637,25,55.74859149966173,1,-1,-1,-1
83,-1,298.85577805417995,338.060816256501,33.65062336151037,60.275186535959044,1,-1,-1,-1
83,-1,199.61614441885672,390.6739911736842,40.13148415706044,78.45737090424423,1,-1,-1,-1
83,-1,153.73756499411226,351.7462572722857,38.13737314304505,60.52425755470277,1,-1,-1,-1
83,-1,1084.4601522115531,293.1653624263525,19.535947109336036,48.421896775835954,1,-1,-1,-1
83,-1,1194.5097593130054,256.6836540506321,18.492975732493147,37.0751358538005,1,-1,-1,-1
84,-1,1058.6402587890625,290.42266845703125,31.718505859375,53.4659423828125,1,-1,-1,-1
84,-1,357.5128479003906,381.9881286621094,30.569091796875,77.789306640625,1,-1,-1,-1
84,-1,509.4964565184299,364.47564697265625,39.09173928235109,79.11077880859375,1,-1,-1,-1
84,-1,497.3211793602631,317.04383224515556,25,59.5326290127888,1,-1,-1,-1
84,-1,298.06555166688855,338.788532107361,36.03290036138167,61.14873996401642,1,-1,-1,-1
84,-1,199.04953004842451,390.2660933159626,41.751699355947984,81.25941986511003,1,-1,-1,-1
84,-1,132.66023044684053,364.1055713648696,25.861127213012576,72.85327298251254,1,-1,-1,-1
84,-1,151.05729152375193,352.23324305804033,41.58050163839859,60.06443413548373,1,-1,-1,-1
84,-1,1196.203053066524,296.8854731777098,19.45685420605922,57.361323872913374,1,-1,-1,-1
85,-1,122.27296447753906,365.30999755859375,32.1597900390625,67.790283203125,1,-1,-1,-1
85,-1,499.7902665656958,377.1882644679049,48.767304736731255,76.09028062754341,1,-1,-1,-1
85,-1,506.0573566644575,363.9898147739653,37.88883248719758,81.25941986511016,1,-1,-1,-1
85,-1,357.58528023436537,382.0769183534429,28.35376598053187,83.12745250568739,1,-1,-1,-1
85,-1,299.23430561014584,338.1575194292258,32.99322412612062,59.61282184875077,1,-1,-1,-1
85,-1,200.66431459939201,389.9159554358417,25,76.77408874460325,1,-1,-1,-1
85,-1,153.8116013787636,354.1718291554994,37.58297589992439,55.622282246153475,1,-1,-1,-1
85,-1,497.23861213880616,318.6472641418496,27.244382962185313,55.49365755192523,1,-1,-1,-1
85,-1,1200.6680326804133,295.4265185081914,28.576504538605608,57.60868971748647,1,-1,-1,-1
85,-1,1050.7323760781742,294.52418312798056,19.330305560816566,51.493508005656714,1,-1,-1,-1
85,-1,1183.809069098402,256.9665458875681,18.911531031079264,40.90075856098243,1,-1,-1,-1
86,-1,1031.36181640625,294.0689392089844,26.738525390625,53.54864501953125,1,-1,-1,-1
86,-1,116.52690887451172,365.79302978515625,29.740577697753906,68.946533203125,1,-1,-1,-1
86,-1,356.8495788574219,383.2622375488281,31.41741943359375,77.87835693359375,1,-1,-1,-1
86,-1,499.82360839843744,377.8258253103352,48.859833958025426,72.50866693444964,1,-1,-1,-1
86,-1,1203.952150418313,294.55612044745885,28.496202481533015,56.654761370649815,1,-1,-1,-1
86,-1,509.6700827150663,364.0313842501162,37.3094609809762,76.32247645787028,1,-1,-1,-1
86,-1,499.0706161777034,318.49045019967906,25,55.48056942514413,1,-1,-1,-1
86,-1,298.42248459098795,337.5157051673252,34.6244915311458,60.78491327199257,1,-1,-1,-1
86,-1,201.11184531755828,389.9416161801346,34.20162772064617,74.40668959941358,1,-1,-1,-1
86,-1,153.47044583449969,353.10022137644125,38.74741368351685,56.02131571583757,1,-1,-1,-1
86,-1,1179.3554245879968,256.5220059149546,16.167681100272613,40.31816989756646,1,-1,-1,-1
87,-1,356.51171875,379.18897130027625,31.2896728515625,81.35878870948939,1,-1,-1,-1
87,-1,500.0332048038503,378.52412825186934,47.419190264336855,70.25060550078481,1,-1,-1,-1
87,-1,1011.9654546096284,294.28176251820776,28.04218613459201,58.53168940475362,1,-1,-1,-1
87,-1,1209.5330471407376,293.01606964124284,26.484286904892375,60.39972204533091,1,-1,-1,-1
87,-1,511.2954371217536,365.4522668504231,34.34911004911186,76.0966703145038,1,-1,-1,-1
87,-1,500.2001952745764,316.6201552371291,25.08388957533836,58.70959727528484,1,-1,-1,-1
87,-1,297.44859806530417,337.16241063651734,31.185376228798955,60.51604642221663,1,-1,-1,-1
87,-1,200.9099722194725,388.9742535540464,26.1933694812251,76.54828260123676,1,-1,-1,-1
87,-1,103.94402159495688,366.54874478346085,27.117718459825173,69.54829215687583,1,-1,-1,-1
87,-1,153.20787679697264,353.000376181472,38.86872979241608,56.225729698253545,1,-1,-1,-1
88,-1,991.3947143554688,295.1270751953125,31.0048828125,54.6749267578125,1,-1,-1,-1
88,-1,95.86541748046875,369.27117919921875,32.30621337890625,65.96502685546875,1,-1,-1,-1
88,-1,499.3770534077565,376.96192127336803,47.255035400390625,76.3402099609375,1,-1,-1,-1
88,-1,1217.2934759178888,293.92939656967616,25,57.99203553080916,1,-1,-1,-1
88,-1,506.14367662172486,364.5277395136503,38.48528533513962,81.01924423989306,1,-1,-1,-1
88,-1,498.1990359477618,316.0169417215658,27.614876631588686,51.70411930750041,1,-1,-1,-1
88,-1,358.9060550850197,381.25501552395025,27.32110134827387,81.31279222626951,1,-1,-1,-1
88,-1,201.20748322578254,389.76790712886657,25.55844964838521,75.44183249874094,1,-1,-1,-1
88,-1,298.15332671965757,336.3421736083574,29.37752833147723,64.87410498918969,1,-1,-1,-1
88,-1,151.55946034558593,350.4324769544258,40.8347643807534,60.47088519354336,1,-1,-1,-1
89,-1,84.67117309570312,369.43994140625,35.74241638183594,66.38482666015624,1,-1,-1,-1
89,-1,499.8254089355469,365.9665222167969,47.876922607421875,75.8377685546875,1,-1,-1,-1
89,-1,356.3321533203125,383.1147766113281,32.66064453125,79.05963134765625,1,-1,-1,-1
89,-1,976.3308895521394,293.0028736479877,28.275871019046875,61.627718161769074,1,-1,-1,-1
89,-1,1224.1683101256347,293.5280096941981,25,59.0598965716954,1,-1,-1,-1
89,-1,501.0778439329119,317.89115591377623,28.882907577875,59.99283179317885,1,-1,-1,-1
89,-1,299.8417748622925,336.0097467745332,25,62.21754174297768,1,-1,-1,-1
89,-1,201.37720436807172,389.7824115107091,29.010309227333796,71.8990045220639,1,-1,-1,-1
89,-1,153.63872082942112,354.93340421685156,34.88581489362929,62.3613814732187,1,-1,-1,-1
90,-1,959.7827758789062,296.6441955566406,28.7860107421875,57.6661376953125,1,-1,-1,-1
90,-1,357.2080383300781,383.3468322753906,30.58941650390625,77.8743896484375,1,-1,-1,-1
90,-1,512.2042846679688,365.33837890625,35.7418212890625,75.499755859375,1,-1,-1,-1
90,-1,201.68410737285595,389.2478506467349,25.499694591722264,67.79048997794594,1,-1,-1,-1
90,-1,299.15874637669754,338.7131217540842,25,59.16260943529829,1,-1,-1,-1
90,-1,499.0428705673454,315.67014653602723,25,58.754650912935446,1,-1,-1,-1
90,-1,79.370704698426,368.59446485280534,26.219444035843473,69.33118293199016,1,-1,-1,-1
90,-1,154.1453065979049,353.0883921590195,38.42271468616896,57.57326301954747,1,-1,-1,-1
90,-1,1227.703866460522,295.4850301979168,19.819094415109696,56.18981515487681,1,-1,-1,-1
91,-1,70.85597229003906,369.297607421875,30.942138671875,68.69964599609375,1,-1,-1,-1
91,-1,357.0762634277344,383.50189208984375,31.453857421875,77.61572265625,1,-1,-1,-1
91,-1,511.6706848144531,365.5904541015625,36.968841552734375,76.92230224609375,1,-1,-1,-1
91,-1,199.87312606703625,389.64770895936084,27.247657527445167,72.92613315809335,1,-1,-1,-1
91,-1,156.1740526739638,355.23889965237305,34.44515196865709,56.49207498162172,1,-1,-1,-1
91,-1,299.0957280066008,338.8048414759013,25,60.60058952573962,1,-1,-1,-1
91,-1,502.68199934373825,313.64018989317896,25,62.1412824797838,1,-1,-1,-1
91,-1,942.4493074732848,296.16383814719916,26.04807512057653,59.57346088971012,1,-1,-1,-1
91,-1,1238.5632776949924,294.5928226269912,13.629973703022957,50.59168185993582,1,-1,-1,-1
92,-1,914.8200992600996,298.5682678222656,32.68362388443166,57.3223876953125,1,-1,-1,-1
92,-1,62.26249313354493,365.65490149444764,36.224124908447266,72.31906701141175,1,-1,-1,-1
92,-1,357.1941223144531,383.4390563964844,31.14910888671875,77.62445068359375,1,-1,-1,-1
92,-1,154.76806990877967,355.2687014444323,30.84640474805116,43.55025416765014,1,-1,-1,-1
92,-1,201.2433197291767,390.6019265238466,25,73.54241033971108,1,-1,-1,-1
92,-1,300.363100319581,340.4780490856077,25,59.16260943529835,1,-1,-1,-1
92,-1,499.56716439617196,319.26220842203696,25,44.6800956672826,1,-1,-1,-1
92,-1,505.2216153790768,365.48299704336375,40.10104939337087,78.5753406562556,1,-1,-1,-1
92,-1,1240.4598824946147,293.3600168575727,19.14010692125894,55.45626665416046,1,-1,-1,-1
93,-1,52.339530944824226,370.2403181461944,25.137802124023438,65.70963302568066,1,-1,-1,-1
93,-1,357.12896728515625,383.4733581542969,31.41168212890625,77.89385986328125,1,-1,-1,-1
93,-1,902.8750332231485,300.59007083029206,25.134107572486137,56.266717105663965,1,-1,-1,-1
93,-1,501.1486653909901,314.6641393286479,25,49.073923721408676,1,-1,-1,-1
93,-1,507.43219228411164,368.30307921018766,34.273783053390254,73.61088558211307,1,-1,-1,-1
93,-1,297.7908859408751,342.05423628943413,25,56.492074981621656,1,-1,-1,-1
93,-1,200.68183395626977,391.1281600108428,27.990256160268604,73.04025856209668,1,-1,-1,-1
93,-1,155.55468626930602,352.32552264972895,25,44.50890756127766,1,-1,-1,-1
93,-1,1242.2528415713516,295.56234107079274,25.177590312528327,51.86187900065003,1,-1,-1,-1
94,-1,884.7457885742188,301.1536560058594,27.103515625,56.75665283203125,1,-1,-1,-1
94,-1,44.427371978759766,369.1789307311575,28.202426910400394,67.77980950321755,1,-1,-1,-1
94,-1,357.18890380859375,383.38916015625,31.39874267578125,77.705810546875,1,-1,-1,-1
94,-1,511.8194580078125,365.4881591796875,36.703125,76.46820068359375,1,-1,-1,-1
94,-1,497.28167115716496,318.09836964860745,25,57.608519151218914,1,-1,-1,-1
94,-1,301.0270090644917,338.64094236919715,30.846404748051132,58.50167448689674,1,-1,-1,-1
94,-1,200.88795596936922,390.8905295063492,29.0582073713525,74.13189286125846,1,-1,-1,-1
94,-1,152.33767397109727,354.2711607435589,28.398298236631835,47.78381045876294,1,-1,-1,-1
94,-1,1253.7745678540168,292.6348760825066,18.98240292187789,52.1465307522662,1,-1,-1,-1
94,-1,1137.5073499575167,252.33982959211914,19.773336376956085,40.295046490387435,1,-1,-1,-1
95,-1,863.2755737304688,303.03680419921875,32.07568359375,59.2044677734375,1,-1,-1,-1
95,-1,34.18423080444336,374.8006591796875,34.73984146118164,63.8055419921875,1,-1,-1,-1
95,-1,357.221435546875,383.44244384765625,31.49908447265625,77.53900146484376,1,-1,-1,-1
95,-1,502.9066467285156,366.3616638183594,45.143890380859375,75.5379638671875,1,-1,-1,-1
95,-1,500.8904003581583,314.516403907324,25,52.041184225493915,1,-1,-1,-1
95,-1,300.7315073263598,340.53699602007094,32.21735607018678,58.88870846569045,1,-1,-1,-1
95,-1,201.33681325062398,391.20867539752555,28.790700985752228,73.95326179412285,1,-1,-1,-1
95,-1,154.72519151891782,359.0253114686016,26.048075120576502,40.40039301715975,1,-1,-1,-1
95,-1,1261.3287691507787,295.8130471764915,17.479629357229012,40.05801680514991,1,-1,-1,-1
95,-1,1133.8302961921672,255.75503037134163,13.366775390822294,38.00375953309093,1,-1,-1,-1
96,-1,837.3604125976562,303.838623046875,31.454833984375,59.414794921875,1,-1,-1,-1
96,-1,26.05996322631836,372.87493896484375,25.82251739501953,65.63531494140625,1,-1,-1,-1
96,-1,357.2079772949219,383.5441589355469,32.0968017578125,77.32879638671875,1,-1,-1,-1
96,-1,502.5933837890625,366.89276123046875,45.114013671875,75.30621337890625,1,-1,-1,-1
96,-1,499.79764973256067,318.5562411629921,25,45.70722430331211,1,-1,-1,-1
96,-1,301.3524458534316,337.0445566115228,31.874618239652808,62.141282479783854,1,-1,-1,-1
96,-1,153.803809808587,353.4786147879945,37.52979244346222,56.49207498162172,1,-1,-1,-1
96,-1,201.61573716806632,391.4823743210855,27.761764273246005,73.43969747610812,1,-1,-1,-1
96,-1,1263.385196133982,292.73166126840306,16.61480386601804,49.30217452941529,1,-1,-1,-1
97,-1,822.8021240234375,305.0981750488281,31.35791015625,59.82879638671875,1,-1,-1,-1
97,-1,16.097700119018555,368.2420654296875,30.73575782775879,71.6778564453125,1,-1,-1,-1
97,-1,357.3962707519531,383.6182861328125,32.0185546875,77.57000732421875,1,-1,-1,-1
97,-1,500.3337320621299,318.3946479482828,25,46.01536289412086,1,-1,-1,-1
97,-1,505.3594332402078,365.246879996693,38.1592654691936,82.17318381440758,1,-1,-1,-1
97,-1,300.8603146913992,340.58062648651963,32.08026093797319,58.3409065264747,1,-1,-1,-1
97,-1,154.44271348731647,353.727873027697,25,45.60451143970915,1,-1,-1,-1
97,-1,200.9179633077135,389.8828010159349,25,74.36411324853474,1,-1,-1,-1
97,-1,1123.54816127615,250.61938719119422,21.592483323635726,42.11227407720884,1,-1,-1,-1
97,-1,1268.5262635919903,295.8130471764915,11.473736408009643,45.19365998529733,1,-1,-1,-1
98,-1,6.988430023193359,375.2312316894531,35.90082550048828,66.8763427734375,1,-1,-1,-1
98,-1,357.2767028808594,383.69439697265625,30.7633056640625,77.60150146484375,1,-1,-1,-1
98,-1,501.97369384765625,365.2400817871094,46.4945068359375,77.20391845703125,1,-1,-1,-1
98,-1,804.1724897003168,306.0814406047375,25,60.26110624577859,1,-1,-1,-1
98,-1,496.61223687049556,317.1958434749608,33.46909893983835,60.55510948516118,1,-1,-1,-1
98,-1,300.0552889748669,338.72006479100156,32.60905644793979,60.16039153886975,1,-1,-1,-1
98,-1,153.7012662680916,353.6686122002666,25,41.08514544117942,1,-1,-1,-1
98,-1,200.99309447999016,390.7121938104598,32.902831731254544,75.12712309244235,1,-1,-1,-1
98,-1,1119.4353073097434,253.70077309928269,17.479629357228777,33.89524498897297,1,-1,-1,-1
99,-1,780.7752075195312,309.3194580078125,37.341552734375,62.5968017578125,1,-1,-1,-1
99,-1,500.79736328125,364.6248779296875,47.632080078125,77.08465576171875,1,-1,-1,-1
99,-1,357.22967529296875,383.1327819824219,31.5657958984375,77.558837890625,1,-1,-1,-1
99,-1,500.4593865284166,317.9375141730441,25,50.842867483459464,1,-1,-1,-1
99,-1,301.50007590348673,338.99365121164857,31.874618239652868,61.11415384375429,1,-1,-1,-1
99,-1,200.73515372651968,389.83651869510805,25.705337290042618,74.98039043015235,1,-1,-1,-1
99,-1,154.465546604443,354.1107163149458,25,36.75293101619167,1,-1,-1,-1
99,-1,0.3558166170967686,373.0970335263999,25,69.59863930059218,1,-1,-1,-1
