0,-1,1246.4624755724315,254.22086755369585,13.709513221356032,41.65577246119575,1,-1,-1,-1
0,-1,0,397.4382555762095,9.980145417586012,74.98039043015241,1,-1,-1,-1
1,-1,1248.6417084991324,254.37626387678705,18.21406756551576,41.378610765759205,1,-1,-1,-1
1,-1,0,406.0180170157772,10.323244858572133,68.47524240196566,1,-1,-1,-1
2,-1,1252.5868364680864,256.06430317519187,17.685272055549394,41.49599689559119,1,-1,-1,-1
2,-1,0,397.3258605741541,14.909095628224717,85.25167679044718,1,-1,-1,-1
3,-1,1259.2759927111879,255.11621581681013,12.795545673265755,39.25913897712694,1,-1,-1,-1
3,-1,0,396.96173456428767,19.078464142451672,89.97646851618283,1,-1,-1,-1
4,-1,1262.6340632074935,256.0026531095126,14.189346184103591,40.87971971397348,1,-1,-1,-1
4,-1,0,392.68136148864227,21.448071606605396,95.01229176477626,1,-1,-1,-1
5,-1,1265.0477631704202,255.7544609012477,14.952236829579876,38.652472355846356,1,-1,-1,-1
5,-1,0,395.6847933303315,23.368488445493288,81.23653757687738,1,-1,-1,-1
6,-1,0,393.9965228377409,25.088409195081596,82.99199379118231,1,-1,-1,-1
7,-1,0.8114147186279297,396.2384338378906,25.539321899414062,81.06439208984375,1,-1,-1,-1
8,-1,3.502412474177011,396.00896346582624,24.677123798440913,80.80078603431944,1,-1,-1,-1
9,-1,3.7970130657007686,393.6528011827305,30.33229800225029,83.19741951838823,1,-1,-1,-1
10,-1,11.850288391113281,398.4018859863281,27.930374145507812,75.15216064453125,1,-1,-1,-1
11,-1,16.420126131565304,400.6843940663937,27.930374145507812,75.15216064453125,1,-1,-1,-1
11,-1,0.5684834208374813,386.65337793166447,17.400536011721154,83.75048878394264,1,-1,-1,-1
12,-1,22.231767605835802,401.1309717342326,27.930374145507812,75.15216064453125,1,-1,-1,-1
12,-1,4.949844406959528,386.65337793166447,23.814558359310613,85.0238325503418,1,-1,-1,-1
13,-1,29.429262047047736,403.6427039817132,25.440087362039858,78.8032002132276,1,-1,-1,-1
13,-1,11.376178729470201,389.8898301730013,27.165867739353498,78.6967484309233,1,-1,-1,-1
14,-1,35.51769225987772,400.71646926657587,36.03520233240745,80.13951828225233,1,-1,-1,-1
14,-1,23.574171490637664,391.0961703144602,37.999194254845605,81.72371321451988,1,-1,-1,-1
15,-1,41.83843231201172,411.3601379394531,39.7696533203125,70.04498291015625,1,-1,-1,-1
15,-1,44.67063745041546,390.38449594862993,28.790700985752185,78.8106408268187,1,-1,-1,-1
16,-1,56.98174335856922,390.50390625,40.27820155485856,79.31494140625,1,-1,-1,-1
16,-1,57.82557512448723,400.1878623429917,26.391536172014884,81.14605517837819,1,-1,-1,-1
17,-1,66.70159149169922,390.36700439453125,32.61298897240088,90.0389404296875,1,-1,-1,-1
17,-1,78.6061157611706,386.96698259906515,26.447330702566926,75.86709172343596,1,-1,-1,-1
18,-1,70.0461196899414,401.31072998046875,41.62965393066406,77.28485107421875,1,-1,-1,-1
18,-1,94.1165771484375,388.8138122558594,34.91593933105469,72.06103515625,1,-1,-1,-1
19,-1,86.41277313232422,398.7132263183594,26.13589477539062,78.14984130859375,1,-1,-1,-1
19,-1,105.43304620501824,384.2041157628267,26.950740000780705,77.30494471169278,1,-1,-1,-1
20,-1,120.4118423461914,383.244873046875,36.29639434814453,75.7054443359375,1,-1,-1,-1
20,-1,94.22972106933594,398.4081115722656,31.657577514648438,77.70574951171875,1,-1,-1,-1
21,-1,129.60476684570312,383.3410034179688,32.95843505859375,73.81689453125,1,-1,-1,-1
21,-1,99.86502075195312,398.64685058593756,40.37635803222656,77.5413818359375,1,-1,-1,-1
22,-1,114.02423899506785,395.8687871321901,28.603753078188245,82.58114233677043,1,-1,-1,-1
22,-1,142.62707161028683,378.07407129044105,25.799534464729007,78.6249212535785,1,-1,-1,-1
22,-1,0.0410431553185082,389.8936605536782,15.080464543491669,75.32276664216225,1,-1,-1,-1
23,-1,151.49853515625,381.16925048828125,42.73095703125,73.77178955078125,1,-1,-1,-1
23,-1,127.31019592285156,396.965576171875,33.3280029296875,77.8505859375,1,-1,-1,-1
23,-1,0.470245902606332,389.7541953668679,21.421114408368844,71.72781641605901,1,-1,-1,-1
24,-1,2.233613967895508,392.5115051269531,39.34040641784668,68.85357666015625,1,-1,-1,-1
24,-1,160.70718383789062,378.695556640625,37.776824951171875,75.46185302734375,1,-1,-1,-1
24,-1,130.64791870117188,395.97589111328125,42.511810302734375,78.926513671875,1,-1,-1,-1
25,-1,19.2611083984375,394.31610107421875,25.72443389892578,71.58660888671875,1,-1,-1,-1
25,-1,147.5967066196149,393.11310634118513,24.67712379844088,80.11603361029977,1,-1,-1,-1
25,-1,179.61821250092513,374.9182562172343,23.208247381867068,79.23563763656026,1,-1,-1,-1
25,-1,0,383.142737393469,15.046957768186616,66.02969803046692,1,-1,-1,-1
26,-1,186.90921020507812,377.675537109375,41.01885986328125,74.8218994140625,1,-1,-1,-1
26,-1,154.3582916259766,394.3451843261719,36.17138671875,77.973388671875,1,-1,-1,-1
26,-1,34.07772941466643,395.85389658285663,21.646599823193778,71.8990045220639,1,-1,-1,-1
26,-1,1.3373423427311584,383.4453569776612,30.575822250261215,71.08811349361956,1,-1,-1,-1
27,-1,197.21145629882812,375.204345703125,34.94305419921875,74.905517578125,1,-1,-1,-1
27,-1,161.84063720703125,394.6657409667969,42.37420654296875,77.51531982421875,1,-1,-1,-1
27,-1,38.897037506103516,391.4964294433594,40.78792953491211,73.6561279296875,1,-1,-1,-1
27,-1,7.293209075927734,381.2853698730469,25.363655090332035,72.86065673828125,1,-1,-1,-1
28,-1,179.57052612304688,392.06683349609375,25.182617187499996,78.880126953125,1,-1,-1,-1
28,-1,18.07544708251953,379.0153336957339,29.32256317138672,73.28561415850942,1,-1,-1,-1
28,-1,212.37368789089754,371.67786203746095,24.220140024395683,78.06177633824082,1,-1,-1,-1
28,-1,62.4219380165833,391.9915410762554,24.22014002439572,71.90189745411281,1,-1,-1,-1
29,-1,218.9265594482422,373.071533203125,43.29139709472656,75.8919677734375,1,-1,-1,-1
29,-1,72.87351989746094,388.8576965332031,36.0382080078125,72.8236083984375,1,-1,-1,-1
29,-1,187.61929321289065,392.1125793457031,38.168670654296875,79.20721435546875,1,-1,-1,-1
29,-1,20.348222732543945,380.46051025390625,38.17801475524902,74.39495849609375,1,-1,-1,-1
30,-1,229.77774047851562,371.2401428222656,34.84161376953125,75.30206298828125,1,-1,-1,-1
30,-1,193.37338256835938,391.2396240234375,38.26953125,79.63995361328125,1,-1,-1,-1
30,-1,92.54142232657965,388.13297392796926,24.888398227336772,70.03439084315018,1,-1,-1,-1
30,-1,34.58757098175632,378.97850962073534,27.295117725240626,73.0195084886415,1,-1,-1,-1
30,-1,0.3768928658135535,373.1600468124393,16.638363773191223,65.92298336698329,1,-1,-1,-1
31,-1,211.2035369873047,389.271240234375,25.313201904296875,78.93200683593749,1,-1,-1,-1
31,-1,105.94644165039062,385.8352355957031,34.563720703125,70.35467529296875,1,-1,-1,-1
31,-1,247.12356819748905,368.2600609814647,22.433748907673568,77.31477369385578,1,-1,-1,-1
31,-1,44.59014682510137,378.3509085324063,28.976925672411667,72.45925650535273,1,-1,-1,-1
31,-1,1.0281942370191788,373.66005052389886,23.74310748152564,65.17887365464706,1,-1,-1,-1
32,-1,252.40899658203125,369.6593322753906,43.3812255859375,74.32366943359375,1,-1,-1,-1
32,-1,218.94113159179688,389.9722290039063,40.2947998046875,79.04595947265625,1,-1,-1,-1
32,-1,8.483934694732527,371.49035707310725,32.3887249854537,66.76625427396534,1,-1,-1,-1
32,-1,48.32648427339411,378.4263682983552,38.55872915596837,71.12865804504182,1,-1,-1,-1
32,-1,124.92838939772112,385.6162687505616,21.336153171639836,69.33118293199023,1,-1,-1,-1
33,-1,264.404541015625,368.1374816894531,36.17938232421875,74.50030517578125,1,-1,-1,-1
33,-1,135.81817626953125,380.6177978515625,32.63433837890625,73.60089111328125,1,-1,-1,-1
33,-1,227.87001037597656,387.8980712890625,35.89427185058594,79.7579345703125,1,-1,-1,-1
33,-1,19.515455974313088,371.61317590672,23.974332525091572,64.22546238483982,1,-1,-1,-1
33,-1,0,379.5651971298201,16.02800790906414,69.64221445484795,1,-1,-1,-1
33,-1,59.51211397401878,375.4548124571043,30.258854181421587,73.65979646954304,1,-1,-1,-1
34,-1,0.28809642791748047,382.8114929199219,26.700814247131348,65.2447509765625,1,-1,-1,-1
34,-1,243.05172729492188,387.510986328125,25.000305175781254,79.28131103515625,1,-1,-1,-1
34,-1,28.184263229370117,370.72979736328125,33.11008644104004,62.29931640625,1,-1,-1,-1
34,-1,279.51623507604495,363.6124761614033,24.220863245300198,77.14877310621459,1,-1,-1,-1
34,-1,151.0499547908998,381.41121763249964,29.47545342591554,69.84764018205375,1,-1,-1,-1
34,-1,72.04521886381217,374.0254484259614,29.350821487539562,75.63691067603816,1,-1,-1,-1
35,-1,1.9147882752636733,382.13073469293596,33.299830332598795,66.08352899370686,1,-1,-1,-1
35,-1,247.91237289158454,385.4741602472297,44.94686626874552,80.94463579385891,1,-1,-1,-1
35,-1,31.342964777146097,370.12212077383697,32.90355495215901,62.90699299569426,1,-1,-1,-1
35,-1,285.40946272569136,363.23897483921075,45.24211685137944,77.14877310621459,1,-1,-1,-1
35,-1,166.00578739601548,378.9834590382481,39.700683499326665,71.09669917685383,1,-1,-1,-1
35,-1,76.71891655291084,372.9049444593838,42.59165084268241,75.63691067603816,1,-1,-1,-1
35,-1,1.6449738989832547,367.51060760764415,13.43532295692894,38.34613574510074,1,-1,-1,-1
36,-1,297.3973083496094,363.69744873046875,35.7476806640625,74.6435546875,1,-1,-1,-1
36,-1,261.7864685058594,383.7164611816406,28.77362060546875,79.51177978515625,1,-1,-1,-1
36,-1,87.94479370117188,375.1648864746094,31.475723266601562,70.63525390625,1,-1,-1,-1
36,-1,188.7911182718401,378.3501063870383,21.91230728331319,68.82051154602436,1,-1,-1,-1
36,-1,45.325929960173625,369.15034495658085,23.15325460076354,64.57032408659194,1,-1,-1,-1
36,-1,15.118449910572837,382.0100549534126,21.80521714948442,65.52372333291542,1,-1,-1,-1
36,-1,0.22708210116883776,371.38284056997463,20.741548020241282,72.25318681034997,1,-1,-1,-1
36,-1,6.963653253042076,367.13265311054226,14.536811432989612,60.74226244105402,1,-1,-1,-1
37,-1,311.8391105416257,359.8014435593224,28.042449623919275,75.8358003394858,1,-1,-1,-1
37,-1,273.48682892753396,382.4768231726395,28.77362060546875,79.51177978515625,1,-1,-1,-1
37,-1,96.36886439569719,371.268881303463,26.69881836490734,75.33180313711053,1,-1,-1,-1
37,-1,198.50660057458416,372.82511232825885,37.9021622706118,75.90415731174491,1,-1,-1,-1
37,-1,53.46548541077716,368.4419803800088,27.230652929528908,64.57032408659194,1,-1,-1,-1
37,-1,19.373126427545394,379.17659664712437,30.653885352916728,68.48364196998077,1,-1,-1,-1
37,-1,0.40436028937602914,369.0806556961154,20.741548020241282,72.25318681034997,1,-1,-1,-1
37,-1,12.459277087464978,365.8930151015412,14.536811432989612,60.74226244105402,1,-1,-1,-1
38,-1,318.56923521392787,359.2411915760336,44.940581296036505,75.8358003394858,1,-1,-1,-1
38,-1,281.33864104521973,382.850324494832,44.78159395195532,79.51177978515625,1,-1,-1,-1
38,-1,105.15541605120265,371.15459101104915,38.624927463528564,75.26340935384574,1,-1,-1,-1
38,-1,216.640547608287,373.0260425293513,28.51408335405708,71.52839613192025,1,-1,-1,-1
38,-1,55.166312108516244,367.6063284502201,35.064169517551065,65.9662279996695,1,-1,-1,-1
38,-1,23.19821991508142,381.4258773713441,38.138096363949494,66.42111190685742,1,-1,-1,-1
38,-1,4.644854551292024,368.01600280848965,34.075759486354634,72.79364991131251,1,-1,-1,-1
39,-1,326.5893004484212,359.2411915760336,42.113115010487206,75.8358003394858,1,-1,-1,-1
39,-1,294.0534650698106,380.17979004115534,35.78255272864377,79.51177978515625,1,-1,-1,-1
39,-1,109.90101678167207,370.9965712208908,38.624927463528564,75.26340935384574,1,-1,-1,-1
39,-1,229.89294319386428,369.54038223881963,43.80261796313706,72.13809624156934,1,-1,-1,-1
39,-1,70.16160661065919,365.21844814915045,20.068875015408107,67.00328395920289,1,-1,-1,-1
39,-1,34.25155877878937,377.4231350415125,27.084757500241555,68.10942249031166,1,-1,-1,-1
39,-1,8.896729261525875,368.01600280848965,29.823884776120778,72.79364991131251,1,-1,-1,-1
40,-1,345.4417827351959,355.9569543599639,23.260632723712586,77.60816765427668,1,-1,-1,-1
40,-1,303.19314055071465,378.325533544606,34.48064124661725,81.59428708971208,1,-1,-1,-1
40,-1,123.74912502938582,369.1705647568384,28.10522532468442,75.26340935384574,1,-1,-1,-1
40,-1,253.65609944421485,368.0429968930099,25.056168261353886,71.12472269930691,1,-1,-1,-1
40,-1,73.02392611036838,366.13145138117653,36.33093325749801,65.16980589286928,1,-1,-1,-1
40,-1,43.31998079743027,376.9746720364376,22.621420036141956,71.06864438345879,1,-1,-1,-1
40,-1,20.778307386701155,366.874748768457,24.598823614836988,72.79364991131251,1,-1,-1,-1
40,-1,0.8764263023612813,389.59754174791846,28.455210581535546,71.66013739740592,1,-1,-1,-1
41,-1,352.4923895347504,355.66348903538403,46.26414217137033,77.60816765427668,1,-1,-1,-1
41,-1,311.41884848352834,378.8736001772645,46.79669412515375,81.04622045705368,1,-1,-1,-1
41,-1,131.717779589299,369.42734691584576,36.54740561487776,75.26340935384574,1,-1,-1,-1
41,-1,263.6191781604208,364.52141299805163,37.897734768510105,73.63507567639206,1,-1,-1,-1
41,-1,81.38042194292828,365.9975555197732,32.38944820635816,64.53335527725054,1,-1,-1,-1
41,-1,47.1923233471716,377.23145419544494,36.759355545665414,68.88502786667694,1,-1,-1,-1
41,-1,26.125017543030015,362.35538276992725,24.598823614836988,72.79364991131251,1,-1,-1,-1
41,-1,0,390.3911373924613,36.395900880127584,74.46971904418655,1,-1,-1,-1
42,-1,357.48656935110154,355.07655838622435,43.58327297560465,77.60816765427668,1,-1,-1,-1
42,-1,323.463635099434,377.1128082297854,37.065218129833546,81.04622045705368,1,-1,-1,-1
42,-1,137.20808259127932,369.200402918318,42.30436401823175,75.78381867595341,1,-1,-1,-1
42,-1,281.2456951593073,363.9344823488919,31.104011606337533,70.99058154711749,1,-1,-1,-1
42,-1,95.78576764389634,363.3563675985546,22.033869469512393,64.53335527725054,1,-1,-1,-1
42,-1,55.83232911308726,376.2435707082344,29.965802119011272,69.87291135388747,1,-1,-1,-1
42,-1,33.469399625899335,367.4396109708389,31.764461774165124,74.16565885115763,1,-1,-1,-1
42,-1,9.987636411797812,389.51074141872175,26.75002250673369,74.46971904418655,1,-1,-1,-1
43,-1,380.215499165455,350.7518062345212,24.33104586013899,77.60816765427668,1,-1,-1,-1
43,-1,332.88892543911635,375.61491230224243,37.065218129833546,55.63347809929353,1,-1,-1,-1
43,-1,151.39742877538285,366.94071991905315,29.383237225742405,75.78381867595341,1,-1,-1,-1
43,-1,294.52678609249597,360.7247053612998,37.60955714729676,70.99058154711749,1,-1,-1,-1
43,-1,100.92683510190486,363.60428919650417,36.241957283771704,65.1071365881245,1,-1,-1,-1
43,-1,65.90882133078397,375.6272935266168,24.36844561361406,69.12218296865099,1,-1,-1,-1
43,-1,47.453103111682516,362.3039677906915,22.259894000681427,75.050182525164,1,-1,-1,-1
43,-1,15.833886931530156,387.8673356010747,34.54869653872174,75.57559277672472,1,-1,-1,-1
44,-1,385.9277963410201,349.838803002495,43.541399922356135,77.60816765427668,1,-1,-1,-1
44,-1,347.2113937143353,376.7561663422751,44.55664119031174,78.48184269961962,1,-1,-1,-1
44,-1,159.88019008109694,365.1432448060015,32.64724546361742,75.78381867595341,1,-1,-1,-1
44,-1,315.3195478115526,359.58345132126703,28.69368270537081,70.99058154711749,1,-1,-1,-1
44,-1,106.83906267861465,362.83394271948197,33.5065381673132,65.1071365881245,1,-1,-1,-1
44,-1,69.39814670450576,376.1408578446315,38.301675783067964,70.06850652407472,1,-1,-1,-1
44,-1,53.62238406129273,360.76327483664727,30.42852811944179,75.050182525164,1,-1,-1,-1
44,-1,16.605047050231416,388.8944642371042,43.796954823663896,75.57559277672472,1,-1,-1,-1
44,-1,0.5890806462301431,382.6972215939792,23.991648137373108,74.29563800613269,1,-1,-1,-1
45,-1,390.47106525739963,350.5016513466211,46.769106755527304,75.75098368686045,1,-1,-1,-1
45,-1,361.55855871342885,374.86609806173914,32.879237718868964,79.65530960618155,1,-1,-1,-1
45,-1,166.3065244036076,365.78520020351993,41.28352148177847,75.78381867595341,1,-1,-1,-1
45,-1,328.4711157273884,356.9510637123876,35.35939537350991,71.47316503407467,1,-1,-1,-1
45,-1,120.12015361180353,361.5500319244452,21.492859895806507,65.1071365881245,1,-1,-1,-1
45,-1,78.18080361193698,373.5730362545578,35.37055002070988,70.06850652407472,1,-1,-1,-1
45,-1,57.47818465479913,363.5450815592271,30.42852811944179,75.050182525164,1,-1,-1,-1
45,-1,30.736602108988443,385.4707021170059,30.97565465540582,75.57559277672472,1,-1,-1,-1
45,-1,2.0323088017741986,379.91541487139926,27.119854061899407,72.78925289031987,1,-1,-1,-1
46,-1,411.37807291996756,347.76264165054243,25.824936385908646,75.75098368686045,1,-1,-1,-1
46,-1,374.41122735845016,373.6677813197047,32.101618744056836,81.67398887801126,1,-1,-1,-1
46,-1,180.87288220129838,364.0733191434708,29.701950320285082,75.78381867595341,1,-1,-1,-1
46,-1,346.3914080095896,355.94485196653653,25.872306506692887,69.55417485747398,1,-1,-1,-1
46,-1,125.26122106981192,361.76401705695133,34.11714801577002,65.1071365881245,1,-1,-1,-1
46,-1,91.03347225695832,372.2891254595209,24.003190003300084,70.06850652407472,1,-1,-1,-1
46,-1,71.83033130840624,361.1912451016596,23.498905696152825,75.050182525164,1,-1,-1,-1
46,-1,41.23294816908917,381.6189697318954,28.605162689510987,75.57559277672472,1,-1,-1,-1
46,-1,11.671810285540172,379.5872487945059,35.03149701202164,70.96036287108578,1,-1,-1,-1
46,-1,68.33863285001433,362.81370733807324,13.281090933188684,69.117197799484,1,-1,-1,-1
47,-1,99.56536865234375,374.57940673828125,33.73651123046875,65.0152587890625,1,-1,-1,-1
47,-1,379.6951599121094,373.2887878417969,47.0550537109375,80.508056640625,1,-1,-1,-1
47,-1,22.186031341552734,381.2254333496094,30.80713653564453,70.6187744140625,1,-1,-1,-1
47,-1,421.4012451171875,349.62884521484375,38.888916015625,73.4124755859375,1,-1,-1,-1
47,-1,189.8661381149112,367.2784118652344,28.994228706377854,71.44244384765625,1,-1,-1,-1
47,-1,361.1736755371094,353.9287109375,28.36737060546875,67.50115966796875,1,-1,-1,-1
47,-1,74.3654049995196,363.15704345703125,29.05271633837101,69.4237060546875,1,-1,-1,-1
47,-1,49.435668945312486,386.5313720703124,34.63870759116489,72.34910844563053,1,-1,-1,-1
47,-1,133.43395578514324,362.3717707925996,27.164688952521594,64.01638940834928,1,-1,-1,-1
48,-1,427.1990661621094,349.0509948730469,39.0345458984375,72.559326171875,1,-1,-1,-1
48,-1,108.53307342529297,373.0966491699219,28.574180603027344,66.70941162109375,1,-1,-1,-1
48,-1,33.790626525878906,378.2820129394531,25.838706970214844,71.0628662109375,1,-1,-1,-1
48,-1,197.11813354492188,365.4017333984375,36.04937744140625,73.707275390625,1,-1,-1,-1
48,-1,0.23195994445385104,396.35715692029726,25.294051893401935,74.98039043015235,1,-1,-1,-1
48,-1,49.58548432043121,385.67501910559065,39.689763996730264,74.36411324853468,1,-1,-1,-1
48,-1,83.10524414664678,360.4047617272164,35.57691003032345,74.98328336220133,1,-1,-1,-1
48,-1,145.2093390393898,359.78848454559864,22.82706273446233,65.32827418352413,1,-1,-1,-1
48,-1,399.24819830941914,372.4806049801397,26.277290228503556,78.74652876226043,1,-1,-1,-1
48,-1,377.0115367143212,352.0533106270802,25.911703209267458,66.7662542739654,1,-1,-1,-1
49,-1,442.4364468207852,345.02317239540025,25.708582237472566,73.5842859820691,1,-1,-1,-1
49,-1,115.1291599751907,370.5772770438119,23.64275180237032,69.83373219862224,1,-1,-1,-1
49,-1,41.46142559020908,378.93415810518616,30.229699765840337,71.0628662109375,1,-1,-1,-1
49,-1,202.1621997301378,361.62682904320167,35.97947482067715,75.54420118731457,1,-1,-1,-1
49,-1,0,392.78230197177277,24.679273831796355,78.68420717773614,1,-1,-1,-1
49,-1,63.784623013978546,383.55554731695844,24.390559905844217,74.36411324853468,1,-1,-1,-1
49,-1,96.103414700857,359.2419745920887,21.32821706232901,74.98328336220133,1,-1,-1,-1
49,-1,148.1193772231682,360.1760802573079,33.15437519629341,65.32827418352413,1,-1,-1,-1
49,-1,408.36631795192477,372.4806049801397,40.70913710689698,78.74652876226043,1,-1,-1,-1
49,-1,388.62244697936507,347.9835556541331,28.05349131252836,72.86860772534673,1,-1,-1,-1
50,-1,451.48472554688016,343.6553282584344,39.82688642452492,75.49993205825076,1,-1,-1,-1
50,-1,122.81259514151935,370.32049488480453,34.445875189561576,68.9719020006558,1,-1,-1,-1
50,-1,49.387237921305534,377.43626217764313,31.21452119088775,71.0628662109375,1,-1,-1,-1
50,-1,216.81424198546205,360.3429182481648,28.391738896657188,75.54420118731457,1,-1,-1,-1
50,-1,2.0128615334822073,392.29801982978523,31.24559799333508,79.86590159001516,1,-1,-1,-1
50,-1,71.49622420099132,382.9135919194401,34.59666105716088,74.36411324853468,1,-1,-1,-1
50,-1,104.24343817603715,357.3161083995334,23.913194922734974,74.98328336220133,1,-1,-1,-1
50,-1,157.9093304011203,358.63538730326366,28.79070098575217,65.32827418352413,1,-1,-1,-1
50,-1,413.98721837268073,369.9858865603321,47.42536002079232,80.4195442732444,1,-1,-1,-1
50,-1,407.3403180785769,346.79739850019917,25.009828015792,69.03218528486305,1,-1,-1,-1
50,-1,96.02496148621884,362.56224902554084,12.424246356853947,65.26546541437352,1,-1,-1,-1
51,-1,455.31063621330514,343.41646113377635,45.36093253023252,75.49993205825076,1,-1,-1,-1
51,-1,127.35586405789897,370.08162776014655,34.445875189561576,68.9719020006558,1,-1,-1,-1
51,-1,61.582328170535035,373.8532553077729,25.29146821658073,73.44374227093745,1,-1,-1,-1
51,-1,224.5071242890503,360.3429182481648,40.555376285008954,75.54420118731457,1,-1,-1,-1
51,-1,2.992112477864786,395.5587456584502,43.1259356672342,80.37929073457782,1,-1,-1,-1
51,-1,73.64829895085536,383.1524590440981,41.20642167083116,74.36411324853468,1,-1,-1,-1
51,-1,112.13437892553861,358.51044402282355,23.051631079672955,74.98328336220133,1,-1,-1,-1
51,-1,168.30867926687742,356.9633174306575,24.773494786005983,65.32827418352413,1,-1,-1,-1
51,-1,431.68205520489613,366.40287969046193,29.761567176046754,82.55878723700852,1,-1,-1,-1
51,-1,419.77452774445794,345.364195752251,25.009828015792,69.03218528486305,1,-1,-1,-1
51,-1,100.80734981925004,360.17357777896063,12.424246356853947,65.26546541437352,1,-1,-1,-1
52,-1,473.07068743188,340.8019518784286,29.703919409426884,75.49993205825076,1,-1,-1,-1
52,-1,141.5639050327589,368.2141211491838,23.089421988986867,68.9719020006558,1,-1,-1,-1
52,-1,70.92972354873234,374.76946149850386,25.29146821658073,72.52753608020652,1,-1,-1,-1
52,-1,232.17198849917207,359.40916494268333,38.702135885534624,75.54420118731457,1,-1,-1,-1
52,-1,15.729685681804472,400.22751218585694,32.824256933174155,80.37929073457782,1,-1,-1,-1
52,-1,88.04328783327921,381.28495243313546,26.129370336644563,74.36411324853468,1,-1,-1,-1
52,-1,120.36008685835228,357.20318939514965,23.051631079672955,74.98328336220133,1,-1,-1,-1
52,-1,172.04763741815634,357.15006809175384,36.175203137490996,65.32827418352413,1,-1,-1,-1
52,-1,442.3380859360411,366.69184418329127,41.55478224130721,81.14931877760148,1,-1,-1,-1
52,-1,432.4869854588063,342.56293583580697,25.009828015792,69.03218528486305,1,-1,-1,-1
52,-1,112.0242242730868,358.8663231512867,12.424246356853947,65.26546541437352,1,-1,-1,-1
53,-1,483.8098061219423,339.66069783839583,36.28805573269065,75.49993205825076,1,-1,-1,-1
53,-1,148.19016975641435,367.98587034117725,33.40441179752089,68.9719020006558,1,-1,-1,-1
53,-1,80.29789091665897,373.62820745847114,22.92124122066281,72.52753608020652,1,-1,-1,-1
53,-1,245.65300983350554,358.4961617106572,27.10983464244751,75.54420118731457,1,-1,-1,-1
53,-1,21.188375480755592,400.22751218585694,34.9565260993357,80.37929073457782,1,-1,-1,-1
53,-1,96.95447142716064,381.74145404914856,26.129370336644563,74.36411324853468,1,-1,-1,-1
53,-1,126.30087592093987,357.6596910111628,36.5573708971421,74.98328336220133,1,-1,-1,-1
53,-1,180.50183723799256,354.4110583956752,28.51177075865477,65.32827418352413,1,-1,-1,-1
53,-1,448.5073668856514,365.55059014325855,41.55478224130721,81.14931877760148,1,-1,-1,-1
53,-1,450.7663364206144,341.42168179577425,36.657185589786685,72.67850852052942,1,-1,-1,-1
53,-1,116.93065430563469,358.18157072726694,14.144081047961462,70.07820560780098,1,-1,-1,-1
53,-1,1265.7662162208028,302.77201511860153,13.573141310046957,62.86316545705329,1,-1,-1,-1
53,-1,1268.029009123231,291.68191878153203,11.92727650257985,44.98823425809142,1,-1,-1,-1
54,-1,486.4831612001068,339.66069783839583,44.719690486322726,75.49993205825076,1,-1,-1,-1
54,-1,152.9199518177822,367.36959315955954,33.40441179752089,68.9719020006558,1,-1,-1,-1
54,-1,91.55682864969764,370.29003939137533,22.92124122066281,72.52753608020652,1,-1,-1,-1
54,-1,254.49564586128025,356.85275589301,40.74773808854965,75.54420118731457,1,-1,-1,-1
54,-1,33.52693737997604,400.22751218585694,43.60067845476689,82.18570149974963,1,-1,-1,-1
54,-1,102.50682428180984,381.1251768675309,37.23929195058866,74.36411324853468,1,-1,-1,-1
54,-1,136.1717254403162,354.9891565574861,29.069456770015975,74.98328336220133,1,-1,-1,-1
54,-1,192.38529516771274,353.85686013210864,26.322988605908105,66.97168000117132,1,-1,-1,-1
54,-1,462.2854276731142,363.49633287119957,33.34123720389636,81.14931877760148,1,-1,-1,-1
54,-1,461.0484713366314,338.9565730693034,31.073227407627645,72.67850852052942,1,-1,-1,-1
54,-1,123.30557795356526,355.7164620007962,14.144081047961462,70.07820560780098,1,-1,-1,-1
54,-1,1259.3398818982923,303.5423615956236,19.99430681703193,62.86316545705329,1,-1,-1,-1
54,-1,1266.4866888858282,290.9115723045099,11.92727650257985,44.98823425809142,1,-1,-1,-1
55,-1,260.53753662109375,359.8774719238281,35.51776123046875,71.22906494140625,1,-1,-1,-1
55,-1,473.2999458383299,363.5528090264237,47.92755126953125,80.82495593093498,1,-1,-1,-1
55,-1,1251.9256790513082,302.2169977516888,22.88222810005838,67.73932350809866,1,-1,-1,-1
55,-1,42.26040267944336,402.6182861328125,38.42122268676758,77.79132080078125,1,-1,-1,-1
55,-1,102.04061497425768,372.1977923366351,39.68976399673025,73.75072899896585,1,-1,-1,-1
55,-1,109.44447533469442,380.4177143569199,33.51975982621558,75.39124188456412,1,-1,-1,-1
55,-1,133.04304676065453,359.8714831050117,19.536779561336825,66.76625427396534,1,-1,-1,-1
55,-1,147.69508901597882,358.84435446898226,21.59320654454024,71.90189745411287,1,-1,-1,-1
55,-1,167.2311453564112,367.83173003424025,22.8784734090424,68.82051154602442,1,-1,-1,-1
55,-1,196.27817649415937,354.73583992486437,33.67471507086029,65.22556131992123,1,-1,-1,-1
55,-1,472.1921738657591,336.89079973309987,33.93176844376074,72.74746016440636,1,-1,-1,-1
55,-1,504.35408902677796,339.18757769795843,26.73427400254887,71.28272734044621,1,-1,-1,-1
55,-1,1265.3472941625923,292.3810795386132,14.652705837407582,51.08613479199278,1,-1,-1,-1
56,-1,273.25491401722,354.2012347247179,29.83599091136221,75.1071060416217,1,-1,-1,-1
56,-1,484.4960483024374,363.09630741041053,39.90409133215727,80.82495593093498,1,-1,-1,-1
56,-1,1244.3854467795622,301.98874694368226,22.88222810005838,67.73932350809866,1,-1,-1,-1
56,-1,52.230957749520435,399.1945240127142,30.6897098954085,80.89819657979199,1,-1,-1,-1
56,-1,109.35235535898092,370.82828748859583,39.68976399673025,73.75072899896585,1,-1,-1,-1
56,-1,123.1539885560505,379.2764603168871,25.375996675775763,75.39124188456412,1,-1,-1,-1
56,-1,138.06986827515178,361.240987953051,33.766289432979775,66.76625427396534,1,-1,-1,-1
56,-1,152.03643486940823,357.01834800492986,36.70812247839582,71.90189745411287,1,-1,-1,-1
56,-1,173.72512530336934,364.85846292994444,34.11845654767249,71.77872965765219,1,-1,-1,-1
56,-1,206.28972891238652,353.3843548774572,26.44972659081592,65.22556131992123,1,-1,-1,-1
56,-1,482.9312925558213,335.97779650107367,33.93176844376074,72.74746016440636,1,-1,-1,-1
56,-1,516.4641590389753,337.1333204258994,33.982609274386796,73.5454286403488,1,-1,-1,-1
56,-1,1259.4065051000048,291.6963271145935,14.43718586848104,51.08613479199278,1,-1,-1,-1
56,-1,1272.2435245384236,294.00465662137003,7.42851760140012,54.32369230555937,1,-1,-1,-1
57,-1,273.25491401722,354.2012347247179,29.83599091136221,75.1071060416217,1,-1,-1,-1
57,-1,499.0779850924251,358.61429154410007,31.25239268242938,80.82495593093498,1,-1,-1,-1
57,-1,1236.6167226207938,304.27125502374776,22.88222810005838,67.73932350809866,1,-1,-1,-1
57,-1,60.25102298401373,397.9619696494789,30.6897098954085,80.89819657979199,1,-1,-1,-1
57,-1,125.75215658041364,372.26626757903716,34.75433923704208,73.75072899896585,1,-1,-1,-1
57,-1,128.0894133157387,378.86560886247537,37.76379265804591,75.39124188456412,1,-1,-1,-1
57,-1,145.6786481130044,354.2565132280505,33.766289432979775,66.76625427396534,1,-1,-1,-1
57,-1,160.87907089718286,356.1966450961063,30.268186970003683,71.90189745411287,1,-1,-1,-1
57,-1,176.60412307985413,364.89005962424056,39.63154398241403,69.69287569129706,1,-1,-1,-1
57,-1,215.95493573344254,352.35722624142767,26.44972659081592,65.22556131992123,1,-1,-1,-1
57,-1,495.45680236260574,332.7544938385888,37.86474193327191,75.22376018250617,1,-1,-1,-1
57,-1,519.6422734675622,335.63931513712924,46.20820674444213,73.5454286403488,1,-1,-1,-1
57,-1,1256.6646024557333,291.23982549858044,14.43718586848104,51.08613479199278,1,-1,-1,-1
57,-1,1268.587654346062,293.31990419735035,9.653164988001913,54.32369230555937,1,-1,-1,-1
58,-1,284.97176543314646,355.2628899309268,44.697285837459134,73.80658371075485,1,-1,-1,-1
58,-1,508.40364234183596,358.375424419442,45.39405404444506,80.82495593093498,1,-1,-1,-1
58,-1,1229.2040207045952,302.8380522757996,22.88222810005838,67.73932350809866,1,-1,-1,-1
58,-1,56.903351150891915,399.634039522085,40.758812668091984,80.89819657979199,1,-1,-1,-1
58,-1,129.5780672468386,372.0274004543791,40.53727981756772,73.75072899896585,1,-1,-1,-1
58,-1,133.11092106542145,378.86560886247537,37.76379265804591,75.39124188456412,1,-1,-1,-1
58,-1,150.22191702938403,354.49538035270854,33.766289432979775,66.76625427396534,1,-1,-1,-1
58,-1,168.7700116466843,354.0468409741841,25.25727708287797,71.90189745411287,1,-1,-1,-1
58,-1,190.23392982899304,363.9345911256085,26.031464649164224,69.69287569129706,1,-1,-1,-1
58,-1,218.5852493166097,351.64062486745365,37.90476681776407,65.22556131992123,1,-1,-1,-1
58,-1,507.8910120284868,332.5156267139308,37.86474193327191,75.22376018250617,1,-1,-1,-1
58,-1,534.4676772999588,333.01177676589094,32.003348168854814,73.5454286403488,1,-1,-1,-1
58,-1,1246.6215869563675,290.8606320833415,23.06773466670398,56.51885462613638,1,-1,-1,-1
58,-1,1260.2184747632575,293.9659047038958,17.122668192664086,53.438824674356006,1,-1,-1,-1
59,-1,300.9439836012501,353.20953241983,27.953907550654172,75.34637690383686,1,-1,-1,-1
59,-1,519.5083480511341,356.6733255368789,42.05330305081663,80.82495593093498,1,-1,-1,-1
59,-1,1214.1394974555471,303.7935207744317,34.7680057983233,67.73932350809866,1,-1,-1,-1
59,-1,63.36640738381692,399.9275048466649,40.758812668091984,80.89819657979199,1,-1,-1,-1
59,-1,138.31788192545312,368.94601454629066,33.07192495488669,73.75072899896585,1,-1,-1,-1
59,-1,140.05136213373297,373.2164013643133,34.166031848511516,75.39124188456412,1,-1,-1,-1
59,-1,162.81753230150494,351.1572122856127,22.453156715457858,66.76625427396534,1,-1,-1,-1
59,-1,178.02393307109963,351.7358015431177,25.25727708287797,71.90189745411287,1,-1,-1,-1
59,-1,199.48785125340837,363.4210268075937,26.031464649164224,69.69287569129706,1,-1,-1,-1
59,-1,230.92381121583014,349.843149754402,27.092982331953262,65.22556131992123,1,-1,-1,-1
59,-1,521.653254146848,330.14532986155507,35.02106956455419,75.22376018250617,1,-1,-1,-1
59,-1,545.8571190530854,331.58959865446553,32.003348168854814,73.5454286403488,1,-1,-1,-1
59,-1,1245.6547559665046,290.8606320833415,18.53481907358089,56.51885462613638,1,-1,-1,-1
59,-1,1257.1099223467872,293.2493033299217,17.122668192664086,53.438824674356006,1,-1,-1,-1
60,-1,311.77449904612155,351.5661266021828,32.780487722560125,75.34637690383686,1,-1,-1,-1
60,-1,530.3045897129521,354.61906826482,33.41382235803733,80.82495593093498,1,-1,-1,-1
60,-1,1213.368337336846,304.8206494104612,32.173491758841706,67.73932350809866,1,-1,-1,-1
60,-1,76.47286645013281,398.6362948715352,45.22545691278705,83.30991052149935,1,-1,-1,-1
60,-1,155.1941426464126,378.0719185528164,43.38036270108384,75.39124188456412,1,-1,-1,-1
60,-1,167.89005219340672,351.15721228561273,22.453156715457858,66.76625427396534,1,-1,-1,-1
60,-1,185.01578481399127,351.0510491190981,31.1872525628136,71.90189745411287,1,-1,-1,-1
60,-1,202.77813442653385,363.96882874680944,37.83077758262962,69.69287569129706,1,-1,-1,-1
60,-1,241.48013639627428,349.02144684557845,30.399001586591712,65.22556131992123,1,-1,-1,-1
60,-1,543.3998048826104,328.34785474850355,30.07596785025427,65.50802485211216,1,-1,-1,-1
60,-1,555.763589110874,332.61672729049496,35.97776024768933,73.5454286403488,1,-1,-1,-1
60,-1,1239.1115792017665,291.04738274443775,18.53481907358089,56.51885462613638,1,-1,-1,-1
60,-1,1252.8101204728166,294.1830566354031,17.122668192664086,53.438824674356006,1,-1,-1,-1
60,-1,1267.8157403131754,297.1736279016635,11.02992654627296,52.85043709024437,1,-1,-1,-1
61,-1,85.81143706131446,400.04747117771126,43.18568986817604,81.83876983988645,1,-1,-1,-1
61,-1,156.48648066798543,377.81451618463933,42.97147872409235,74.81209525619639,1,-1,-1,-1
61,-1,179.6212842290238,353.1235248254794,20.265097451221397,67.1913316069288,1,-1,-1,-1
61,-1,197.61502033205358,351.62562889793634,19.836675163054018,71.89900452206396,1,-1,-1,-1
61,-1,215.82296757916708,362.62157177670315,24.76353147697883,68.60652641351814,1,-1,-1,-1
61,-1,243.24199402187926,349.99644895884074,36.116722113414305,65.18276429341991,1,-1,-1,-1
61,-1,316.7164164425844,352.5642705489145,44.470956732678125,74.59811012369023,1,-1,-1,-1
61,-1,539.2648724819782,356.9146053768598,47.873133726948545,79.84703955045842,1,-1,-1,-1
61,-1,568.0852832609361,330.8796249113663,25.70533729004256,71.84147812258163,1,-1,-1,-1
61,-1,1208.5860701492265,303.7127094753048,21.80537758248972,70.53239260607347,1,-1,-1,-1
61,-1,1261.6339955002195,297.62332585672823,16.419497388385665,51.19339551004095,1,-1,-1,-1
61,-1,1245.8027718993683,297.13421698242854,20.49970965664643,51.51946809290748,1,-1,-1,-1
61,-1,1235.0310115111597,293.7727764468547,18.867624749342266,52.435364256982574,1,-1,-1,-1
61,-1,557.3306802792381,327.97900759356565,17.822367187762865,54.437817709562644,1,-1,-1,-1
61,-1,540.5923816223104,351.2980580722229,33.314117127895194,50.12387743823883,1,-1,-1,-1
62,-1,98.1499989605349,397.47964958763754,36.44474555592304,81.83876983988645,1,-1,-1,-1
62,-1,175.76548363551737,373.7060016405214,34.927907573033664,74.81209525619639,1,-1,-1,-1
62,-1,182.19181795802803,348.5014459633468,24.645772657016582,67.1913316069288,1,-1,-1,-1
62,-1,203.5272479087634,350.3417181028994,33.9049374329893,71.89900452206396,1,-1,-1,-1
62,-1,223.79162213908035,361.8512252996811,24.76353147697883,68.60652641351814,1,-1,-1,-1
62,-1,258.15108965010404,347.6854095277745,23.50702259896304,65.18276429341991,1,-1,-1,-1
62,-1,326.4844446128006,350.51001327685555,36.698731177155665,74.59811012369023,1,-1,-1,-1
62,-1,551.3463810082982,355.1171302638082,41.17396632581939,79.84703955045842,1,-1,-1,-1
62,-1,578.6244715498534,329.5957141163295,30.606062672439894,71.84147812258163,1,-1,-1,-1
62,-1,1197.618459572142,306.200645476997,32.91111565805619,67.35970418036166,1,-1,-1,-1
62,-1,1259.3188297741412,296.25382100868893,15.650022639659161,51.19339551004095,1,-1,-1,-1
62,-1,1245.9520543833191,297.13421698242854,17.608524528423974,51.51946809290748,1,-1,-1,-1
62,-1,1232.2891088668887,293.7727764468547,18.867624749342266,52.435364256982574,1,-1,-1,-1
62,-1,1272.343590555334,289.7694802325741,6.854756610678016,55.80732255760205,1,-1,-1,-1
62,-1,567.3595370846746,325.1935807699627,27.32110134827387,65.73623270588698,1,-1,-1,-1
63,-1,106.96325745997805,397.1861842630577,34.60826038149409,81.83876983988645,1,-1,-1,-1
63,-1,180.70090839520552,373.7060016405214,34.927907573033664,74.81209525619639,1,-1,-1,-1
63,-1,207.43445917684988,349.72544092128174,33.9049374329893,71.89900452206396,1,-1,-1,-1
63,-1,225.8480491222838,362.4675024812987,40.23133369621096,68.60652641351814,1,-1,-1,-1
63,-1,267.0622732439855,347.00065710375486,28.424015434318054,65.85782937771451,1,-1,-1,-1
63,-1,339.16574434255506,349.1405084288162,27.920475093527422,74.59811012369023,1,-1,-1,-1
63,-1,562.9137827888172,354.0900016277787,36.61344932026784,79.84703955045842,1,-1,-1,-1
63,-1,578.6244715498534,329.5957141163295,45.45957692920539,71.84147812258163,1,-1,-1,-1
63,-1,1192.4773921141332,304.83114062895777,29.24373649557101,54.80103221623573,1,-1,-1,-1
63,-1,1253.759524997683,293.04681198418893,15.413942281635045,45.62312346301622,1,-1,-1,-1
63,-1,1239.1803857315585,292.2786997939256,17.608524528423974,45.59116378541701,1,-1,-1,-1
63,-1,1227.4492352599555,291.1582671915069,18.867624749342266,48.018851015509554,1,-1,-1,-1
63,-1,1265.98736169816,288.0050701222349,12.079270376778037,51.22221019066819,1,-1,-1,-1
63,-1,582.0980370782149,322.7829365732634,17.99373610302985,58.03276793566589,1,-1,-1,-1
64,-1,114.04650595767868,396.95793345505115,42.41237242789965,81.83876983988645,1,-1,-1,-1
64,-1,183.67130292649932,372.336496792482,41.3495256260703,74.81209525619639,1,-1,-1,-1
64,-1,220.23000485011562,351.55144738533414,24.663430316793203,71.89900452206396,1,-1,-1,-1
64,-1,238.18661102150426,359.95674359322663,30.24148850873247,68.60652641351814,1,-1,-1,-1
64,-1,269.8041758882566,347.2289079117614,33.126198582392846,65.85782937771451,1,-1,-1,-1
64,-1,345.10653340514267,349.59701004482935,43.785005312968984,74.59811012369023,1,-1,-1,-1
64,-1,576.3117161642334,352.22249501681597,36.61344932026784,79.84703955045842,1,-1,-1,-1
64,-1,598.7770804506877,329.5957141163295,25.30696802837128,71.84147812258163,1,-1,-1,-1
64,-1,1185.022844300021,304.0607941519357,22.07100253059709,36.12000255768206,1,-1,-1,-1
64,-1,1250.9319378957784,295.10106925624797,17.083558312240452,48.16111336145826,1,-1,-1,-1
64,-1,1236.6542614932625,293.957115156242,16.792954919014658,43.655966264093244,1,-1,-1,-1
64,-1,1223.8015928482412,291.928613668529,18.40241319464977,48.018851015509554,1,-1,-1,-1
64,-1,1260.589240867251,288.2618522812422,15.651963273581664,51.22221019066819,1,-1,-1,-1
64,-1,592.020248934448,321.3033182691245,16.158363803216915,55.17148102101233,1,-1,-1,-1
65,-1,212.8816500469369,351.5973463792084,30.435119351410453,71.69357879485798,1,-1,-1,-1
65,-1,122.12532624883495,396.59110179932634,39.88496812197545,81.83876983988645,1,-1,-1,-1
65,-1,197.0619902589866,372.336496792482,31.803961788522415,74.81209525619639,1,-1,-1,-1
65,-1,226.6862290997077,350.35711176204404,29.452118955088164,71.89900452206396,1,-1,-1,-1
65,-1,247.5122682709151,359.47900934391055,28.699328273602642,68.60652641351814,1,-1,-1,-1
65,-1,284.1513408873503,344.6013695405232,29.123765238159173,65.85782937771451,1,-1,-1,-1
65,-1,352.04099648803793,348.8804086708553,42.79174304735674,74.59811012369023,1,-1,-1,-1
65,-1,582.9998137875483,350.9847290072244,36.61344932026784,79.84703955045842,1,-1,-1,-1
65,-1,608.9926374646014,326.01270724645906,26.020695229197656,71.84147812258163,1,-1,-1,-1
65,-1,1173.9646992016628,305.9987727104819,24.442188557301048,36.12000255768206,1,-1,-1,-1
65,-1,1242.7211901652174,295.4886649679571,20.099386943533965,54.47442969611587,1,-1,-1,-1
65,-1,1233.5502207638992,294.53850872380593,15.302173062716054,51.93622453488391,1,-1,-1,-1
65,-1,1217.399508843929,293.64254482067156,21.364752612254133,51.14986625973249,1,-1,-1,-1
65,-1,1256.3211848643757,290.00603298393384,20.661578072097143,63.63922094137697,1,-1,-1,-1
65,-1,604.9893417544675,324.70739746339643,16.657058563947597,57.72462934485708,1,-1,-1,-1
66,-1,212.8816500469369,351.5973463792084,30.435119351410453,71.69357879485798,1,-1,-1,-1
66,-1,122.12532624883495,396.59110179932634,39.88496812197545,81.83876983988645,1,-1,-1,-1
66,-1,197.0619902589866,372.336496792482,31.803961788522415,74.81209525619639,1,-1,-1,-1
66,-1,226.6862290997077,350.35711176204404,29.452118955088164,71.89900452206396,1,-1,-1,-1
66,-1,247.5122682709151,359.47900934391055,28.699328273602642,68.60652641351814,1,-1,-1,-1
66,-1,284.1513408873503,344.6013695405232,29.123765238159173,65.85782937771451,1,-1,-1,-1
66,-1,352.04099648803793,348.8804086708553,42.79174304735674,74.59811012369023,1,-1,-1,-1
66,-1,594.4459639770769,349.43434616038746,33.380476522687545,79.84703955045842,1,-1,-1,-1
66,-1,617.140744379181,327.3692922374414,32.99598886288454,69.24902703265158,1,-1,-1,-1
66,-1,1167.5626151973506,305.78237389820396,22.07708755388298,56.70814555511067,1,-1,-1,-1
66,-1,1240.165293350414,295.8762606796663,18.58123030104813,56.49528671529928,1,-1,-1,-1
66,-1,1228.7001571242683,294.92610443551524,16.432324614031703,55.507464400904155,1,-1,-1,-1
66,-1,1213.1989395140672,293.72542328130874,19.357240483388967,52.81116850178686,1,-1,-1,-1
66,-1,1249.3370932233076,289.2308415605152,20.661578072097143,66.24147152812426,1,-1,-1,-1
66,-1,612.7799719218416,321.85336173868296,17.13689152669504,65.73623270588698,1,-1,-1,-1
67,-1,228.77222218987237,345.9948265463203,27.08574390925298,71.69357879485798,1,-1,-1,-1
67,-1,141.5679086354854,395.58496691223843,45.45864437140343,83.59190737135933,1,-1,-1,-1
67,-1,211.45697914141047,371.77624480919326,41.03592462156384,74.81209525619639,1,-1,-1,-1
67,-1,247.06355102417783,346.24859721792615,19.824341621220327,71.89900452206396,1,-1,-1,-1
67,-1,263.40284041385047,359.2922586828143,28.699328273602642,68.60652641351814,1,-1,-1,-1
67,-1,298.35938186221017,342.360361607368,29.123765238159173,65.85782937771451,1,-1,-1,-1
67,-1,376.1572765637871,344.95864478783363,40.32280202056797,74.59811012369023,1,-1,-1,-1
67,-1,602.9387403492673,349.9412408119345,46.2625006447121,79.84703955045842,1,-1,-1,-1
67,-1,624.254879093448,326.0620376097676,27.855961447932422,69.24902703265158,1,-1,-1,-1
67,-1,1161.98088481437,305.407000736916,22.07708755388298,58.257380014718066,1,-1,-1,-1
67,-1,1231.6825320446999,295.10591420264416,18.58123030104813,56.49528671529928,1,-1,-1,-1
67,-1,1224.330249784961,294.6693222765079,16.432324614031703,55.507464400904155,1,-1,-1,-1
67,-1,1207.5437653102579,294.75255191733817,20.294228568012215,54.05352662387238,1,-1,-1,-1
67,-1,1245.4812926298011,306.11091177599116,20.661578072097143,60.15635357772064,1,-1,-1,-1
67,-1,1265.464544135991,299.49453127585,12.110070012198047,55.69319715359871,1,-1,-1,-1
67,-1,622.7222578320499,323.1066938811664,16.451415865627215,50.5860853244521,1,-1,-1,-1
68,-1,230.143173512008,345.9948265463203,27.08574390925298,71.69357879485798,1,-1,-1,-1
68,-1,147.9656814721182,395.12846529622533,41.330523321282165,84.05387032699787,1,-1,-1,-1
68,-1,215.79832499483987,370.63499076916054,39.546660281937974,74.81209525619639,1,-1,-1,-1
68,-1,252.09037253867513,346.02034640991957,30.216655406769682,71.89900452206396,1,-1,-1,-1
68,-1,275.2844185390257,355.869040658707,25.758944142272313,70.53239260607347,1,-1,-1,-1
68,-1,310.6979437614306,342.8168632233811,23.70523442516721,65.85782937771451,1,-1,-1,-1
68,-1,380.7271143042391,345.41514640384673,40.32280202056797,74.59811012369023,1,-1,-1,-1
68,-1,615.9627779095556,347.4304819238624,37.316119573347684,79.84703955045842,1,-1,-1,-1
68,-1,636.1364572186234,322.7366725655929,27.01361707801458,74.10659347932076,1,-1,-1,-1
68,-1,1148.9996894828987,308.7665462661645,34.36671947391511,67.00328395920295,1,-1,-1,-1
68,-1,1228.8351716064185,296.28053497807247,16.544379649267437,55.32066593987095,1,-1,-1,-1
68,-1,1220.2173958185545,295.648455817439,16.778260813301944,52.474073587914035,1,-1,-1,-1
68,-1,1201.3744843606478,294.3842974961719,23.282610371988152,54.42178104503862,1,-1,-1,-1
68,-1,1238.837451607144,304.8136036466251,25.04994249737258,62.40178044803689,1,-1,-1,-1
68,-1,1260.718943405522,297.1242344234743,16.45613274430898,62.99918871063354,1,-1,-1,-1
69,-1,243.22952704148423,343.38031729097264,20.84754548639362,68.83719479174229,1,-1,-1,-1
69,-1,163.29540989236182,391.58020273539614,28.771674883207748,84.05387032699787,1,-1,-1,-1
69,-1,230.19331387726373,368.3939828360053,24.536363272416835,74.81209525619639,1,-1,-1,-1
69,-1,258.44660139584926,343.4058371545719,28.06422003970217,71.89900452206396,1,-1,-1,-1
69,-1,280.14506413568836,356.2425419808995,37.58605786304211,70.53239260607347,1,-1,-1,-1
69,-1,316.306380988349,341.1361072735147,32.084197850868584,65.85782937771451,1,-1,-1,-1
69,-1,394.74820737153493,340.5042062464568,25.8467365786644,76.70779036463622,1,-1,-1,-1
69,-1,627.5535481785203,346.496728618381,33.92609461020574,79.84703955045842,1,-1,-1,-1
69,-1,642.8665818909253,323.8571765321706,39.36427863739873,70.22974179484848,1,-1,-1,-1
69,-1,1143.85862202489,306.62023566266856,26.011509780761024,71.05711917246799,1,-1,-1,-1
69,-1,1228.5413963231038,296.42726764036246,12.293598584312656,55.32066593987095,1,-1,-1,-1
69,-1,1217.9197995879597,295.79518847972895,14.963003077489748,52.474073587914035,1,-1,-1,-1
69,-1,1200.4931585107038,294.67776282075175,17.720777971022887,54.42178104503862,1,-1,-1,-1
69,-1,1232.374395374219,305.84073228265464,25.04994249737258,62.40178044803689,1,-1,-1,-1
69,-1,1259.2500669889482,297.4176997480542,16.45613274430898,62.99918871063354,1,-1,-1,-1
69,-1,641.7677161649692,318.00918995385626,16.451415865627215,67.56223916993943,1,-1,-1,-1
70,-1,251.79797280483174,344.0650697149923,20.84754548639362,68.83719479174229,1,-1,-1,-1
70,-1,171.52111782517548,392.3280721888416,38.17556719131881,82.62124844953286,1,-1,-1,-1
70,-1,238.24765289481041,368.05160662399544,33.522891214756704,74.81209525619639,1,-1,-1,-1
70,-1,270.0996876340019,345.46009442663086,22.758213046297232,71.89900452206396,1,-1,-1,-1
70,-1,287.51392749216734,356.4137300869043,34.14769215016434,70.53239260607347,1,-1,-1,-1
70,-1,324.36072000589564,340.1089786374853,28.661170056653173,65.47524673895978,1,-1,-1,-1
70,-1,403.1452842196156,339.13470139841746,34.896500953161535,76.70779036463622,1,-1,-1,-1
70,-1,635.9506250266007,345.46959998235144,41.251565722927836,79.84703955045842,1,-1,-1,-1
70,-1,638.4109900939847,323.51480032016076,44.44619405412724,70.22974179484848,1,-1,-1,-1
70,-1,1134.137330831565,306.8069863237648,26.011509780761024,71.05711917246799,1,-1,-1,-1
70,-1,1224.6154902642609,296.42726764036246,14.42682997270441,55.32066593987095,1,-1,-1,-1
70,-1,1211.9341504192887,296.35544046301777,13.844631758730719,55.228786356041,1,-1,-1,-1
70,-1,1194.8847212837854,294.4910121596555,17.720777971022887,54.42178104503862,1,-1,-1,-1
70,-1,1223.213947903586,307.13467654609764,28.914725862855878,60.360833540208866,1,-1,-1,-1
70,-1,1252.893838131774,298.9117050368243,18.864365928882222,62.99918871063354,1,-1,-1,-1
70,-1,652.503641203355,316.6260829679056,16.451415865627332,60.85737168474699,1,-1,-1,-1
71,-1,258.3411495695699,344.0650697149923,20.84754548639362,68.83719479174229,1,-1,-1,-1
71,-1,174.88618016132648,392.8883241721304,42.16271713075529,82.62124844953286,1,-1,-1,-1
71,-1,240.11713197044986,367.6781053018029,37.71666020073451,74.81209525619639,1,-1,-1,-1
71,-1,278.8862392895074,344.152839798957,28.48532227678053,71.89900452206396,1,-1,-1,-1
71,-1,302.656708004847,354.3594728148452,24.344383855655224,70.53239260607347,1,-1,-1,-1
71,-1,337.260125627808,339.73547731529277,24.513277039588285,65.47524673895978,1,-1,-1,-1
71,-1,407.0711902784586,339.8817040428026,45.046902027052425,76.70779036463622,1,-1,-1,-1
71,-1,650.2085187768112,342.80532589721514,27.955604827603064,56.542347095398526,1,-1,-1,-1
71,-1,664.8703506112018,323.4463250777589,24.192836004190394,69.290341732501,1,-1,-1,-1
71,-1,1123.8551959155475,309.12692495074134,34.78749375402389,69.34137386080292,1,-1,-1,-1
71,-1,1217.6599284093081,297.4846059421575,16.149077447346954,55.32066593987095,1,-1,-1,-1
71,-1,1207.7003301597524,295.75124714770624,15.524125048061645,55.228786356041,1,-1,-1,-1
71,-1,1186.1146650318888,294.9441571461391,24.10591366449214,54.42178104503862,1,-1,-1,-1
71,-1,1220.0385827089337,308.0409665190648,26.925507525566562,60.360833540208866,1,-1,-1,-1
71,-1,1247.6015628073533,298.7606567079965,20.380420858417374,62.99918871063354,1,-1,-1,-1
71,-1,663.8259175900337,315.1618905187243,20.564269832034046,65.39385649387721,1,-1,-1,-1
72,-1,266.0060137796917,343.6915683927998,25.975445840150165,85.32767165837727,1,-1,-1,-1
72,-1,185.16831507734352,390.6473162389752,33.678379219123705,84.57586830536518,1,-1,-1,-1
72,-1,253.20348549992605,366.5576013352253,25.504672682875697,76.84143962036457,1,-1,-1,-1
72,-1,284.1207807012979,342.9242923537477,28.48532227678053,69.95279072863657,1,-1,-1,-1
72,-1,306.1943658989682,354.7329741370378,39.07283590176925,69.80398705400613,1,-1,-1,-1
72,-1,340.43824005639516,338.80172400981144,36.236210215085215,65.47524673895978,1,-1,-1,-1
72,-1,419.59670008524296,337.8638779303871,35.08920346088285,74.99060325512627,1,-1,-1,-1
72,-1,659.609327842884,345.4465138184338,32.449187992838446,56.542347095398526,1,-1,-1,-1
72,-1,671.6271821274415,321.39206780569987,35.70764844064913,66.42837472953913,1,-1,-1,-1
72,-1,1118.1613356264406,307.61713833576084,25.95579836812314,70.19901531005033,1,-1,-1,-1
72,-1,1212.9268821781257,297.3215696507242,16.149077447346954,55.32066593987095,1,-1,-1,-1
72,-1,1201.744459342411,296.7294648963058,15.278073217647192,55.228786356041,1,-1,-1,-1
72,-1,1182.6872867265497,294.61808456327265,24.10591366449214,54.42178104503862,1,-1,-1,-1
72,-1,1214.3115131286538,307.22578506189853,23.600670980524793,60.360833540208866,1,-1,-1,-1
72,-1,1238.1354703449883,300.3910196223289,24.584404355215735,62.99918871063354,1,-1,-1,-1
72,-1,1225.3298344009875,292.1545743307428,17.478604430104237,66.25287108964194,1,-1,-1,-1
73,-1,272.86077039036974,341.9112120903487,24.996126408079373,85.32767165837727,1,-1,-1,-1
73,-1,190.92631063031305,389.9625638149555,42.05927589946569,84.57586830536518,1,-1,-1,-1
73,-1,261.2920983005261,366.28370036561745,28.33909056510933,75.63324518304462,1,-1,-1,-1
73,-1,292.7577740307522,341.8929474862779,27.035067142770924,70.71023462649859,1,-1,-1,-1
73,-1,315.79102515391753,353.2265188041946,31.981035599278396,69.80398705400613,1,-1,-1,-1
73,-1,351.13166036905295,337.3662527265576,26.942619284585643,64.17170832613495,1,-1,-1,-1
73,-1,419.59670008524296,337.8638779303871,35.08920346088285,74.99060325512627,1,-1,-1,-1
73,-1,659.609327842884,345.4465138184338,32.449187992838446,56.542347095398526,1,-1,-1,-1
73,-1,671.6271821274415,321.39206780569987,35.70764844064913,66.42837472953913,1,-1,-1,-1
73,-1,1107.7383495471902,308.7427587588069,30.84030718990837,70.19901531005033,1,-1,-1,-1
73,-1,1208.419644954666,297.1808670978434,16.149077447346954,55.32066593987095,1,-1,-1,-1
73,-1,1197.2505994060573,296.1271354821092,14.278737787909462,53.272879452701375,1,-1,-1,-1
73,-1,1180.6301621445502,294.336679457511,17.289414962805278,54.42178104503862,1,-1,-1,-1
73,-1,1208.3957642728635,308.77351314358685,23.600670980524793,60.360833540208866,1,-1,-1,-1
73,-1,1234.332488937694,300.6296171742933,26.386367842107163,61.21286307698085,1,-1,-1,-1
73,-1,1220.8225971775278,292.8580870951466,17.923478137908383,66.25287108964194,1,-1,-1,-1
73,-1,683.3719802082654,316.45292491293395,16.194362492726853,65.47945054687968,1,-1,-1,-1
74,-1,278.28225970972426,341.72446142925253,29.76196658961165,85.32767165837727,1,-1,-1,-1
74,-1,201.9562371765859,390.1493144760517,44.545177520729105,84.57586830536518,1,-1,-1,-1
74,-1,265.2180043593691,366.28370036561745,37.59168052817629,75.63324518304462,1,-1,-1,-1
74,-1,303.2268568543331,341.3326955029891,26.32801609668293,71.9718991004896,1,-1,-1,-1
74,-1,329.0643265909577,351.5457628543282,22.183407109745975,69.80398705400613,1,-1,-1,-1
74,-1,361.60074319263396,337.17950206546124,26.662676205731113,64.14648785177083,1,-1,-1,-1
74,-1,438.4784387492015,336.2842863263582,39.174877806198495,72.22824198866687,1,-1,-1,-1
74,-1,682.891471350321,343.2622850941009,29.8025936282807,75.1932412544899,1,-1,-1,-1
74,-1,690.2329500707103,316.8270516455689,20.502613019126194,69.90360167668574,1,-1,-1,-1
74,-1,1097.9344534644765,310.05673046682193,36.76450528488601,70.55711347464138,1,-1,-1,-1
74,-1,1200.422428908875,298.4851574293095,18.375229181536024,55.32066593987095,1,-1,-1,-1
74,-1,1188.9269663788052,296.1271354821092,17.466846416092913,53.272879452701375,1,-1,-1,-1
74,-1,1173.6121970431418,294.8257883318107,19.235311021130745,54.42178104503862,1,-1,-1,-1
74,-1,1202.8466755880288,309.91476718361963,26.069908927668806,60.360833540208866,1,-1,-1,-1
74,-1,1230.4500211076593,300.30354459142677,22.761245098542375,61.21286307698085,1,-1,-1,-1
74,-1,1216.2527594370756,293.51023226087955,17.923478137908383,66.25287108964194,1,-1,-1,-1
74,-1,692.1391776538801,312.3367841144997,15.937309119826493,68.56083645496808,1,-1,-1,-1
75,-1,292.2659631955073,340.902758520429,23.552643857152056,83.54191170678398,1,-1,-1,-1
75,-1,211.89563426206908,387.7526809919829,34.15040626006503,75.6651319769452,1,-1,-1,-1
75,-1,268.91957292913514,363.4077401847349,34.56047222430373,74.18417658365546,1,-1,-1,-1
75,-1,311.04127939050613,341.74354695740095,26.32801609668293,71.9718991004896,1,-1,-1,-1
75,-1,333.5884659540052,351.13491139991635,36.93109885186485,69.80398705400613,1,-1,-1,-1
75,-1,363.0402420808763,336.5195660510402,35.44672969656019,65.42270104780964,1,-1,-1,-1
75,-1,445.47029049209306,335.8734348719464,34.7121589177101,72.22824198866687,1,-1,-1,-1
75,-1,691.6780230058264,343.2622850941009,37.58573651565994,75.1932412544899,1,-1,-1,-1
75,-1,702.1976161548027,318.8813089176279,33.796268038985716,69.90360167668574,1,-1,-1,-1
75,-1,1092.0099852509613,308.7374507027463,26.018149423014332,71.65629424528206,1,-1,-1,-1
75,-1,1187.5560150566696,297.8390165421583,17.466846416092913,53.272879452701375,1,-1,-1,-1
75,-1,1166.243333686663,296.36648128585483,21.898493352934175,54.42178104503862,1,-1,-1,-1
75,-1,1196.1632878926177,310.2571433956295,26.069908927668806,49.957300903740204,1,-1,-1,-1
75,-1,1225.8230603954519,300.8171089094415,22.761245098542375,35.25981244323527,1,-1,-1,-1
75,-1,1213.6822257080714,293.5102322608796,17.923478137908383,54.54985651214121,1,-1,-1,-1
75,-1,694.4314654235417,312.0176584498466,26.440498719233936,64.26890608298771,1,-1,-1,-1
76,-1,305.2214531896888,350.37067170629786,23.552643857152056,76.53910724738587,1,-1,-1,-1
76,-1,223.97714278838916,386.7255523559535,26.415696197206945,44.00439763264871,1,-1,-1,-1
76,-1,286.3992022863642,364.0240173663526,23.320573281575335,74.18417658365546,1,-1,-1,-1
76,-1,319.8839154182807,339.27843823093025,22.533049182593,71.9718991004896,1,-1,-1,-1
76,-1,338.72953341201367,350.5758081402988,36.93109885186485,70.97936749524132,1,-1,-1,-1
76,-1,375.7900893767374,335.08158596059894,24.01825606885677,65.42270104780964,1,-1,-1,-1
76,-1,457.19192429635257,334.0246033270933,30.444295465090978,72.22824198866687,1,-1,-1,-1
76,-1,698.8755174470382,340.1808991860124,37.58573651565994,75.1932412544899,1,-1,-1,-1
76,-1,702.1976161548027,318.8813089176279,33.796268038985716,69.90360167668574,1,-1,-1,-1
76,-1,1076.4398952352785,309.03091602732604,35.224163612346686,71.65629424528206,1,-1,-1,-1
76,-1,1182.3776517736958,297.10535323070866,15.300827616197234,53.272879452701375,1,-1,-1,-1
76,-1,1165.779348266411,295.996976888228,17.221411315177374,55.08475076724532,1,-1,-1,-1
76,-1,1206.337843625202,293.9504302477494,17.923478137908383,26.700526837235103,1,-1,-1,-1
77,-1,316.64604754081887,353.9574701178293,36.408276518376375,68.86796755162695,1,-1,-1,-1
77,-1,232.71695746700365,388.4374334160026,41.40352485324327,80.38553355529767,1,-1,-1,-1
77,-1,293.41716738777274,363.8609810749194,34.01342362674514,74.18417658365546,1,-1,-1,-1
77,-1,329.35000788064565,338.13718419089753,25.17319259512346,71.9718991004896,1,-1,-1,-1
77,-1,353.41829757775236,347.8766005344405,23.15400592531048,69.27659523240189,1,-1,-1,-1
77,-1,386.0722242927545,333.94033192056617,30.500623857352643,65.42270104780964,1,-1,-1,-1
77,-1,465.1891403421435,334.0246033270933,38.385198267209766,72.22824198866687,1,-1,-1,-1
77,-1,713.4832401553108,339.5433710670976,29.19635093566825,75.1932412544899,1,-1,-1,-1
77,-1,714.8486383964427,313.5420109217159,26.29749636654408,67.93192746745137,1,-1,-1,-1
77,-1,1069.526045895198,310.2705540363271,35.224163612346686,71.65629424528206,1,-1,-1,-1
77,-1,1160.2837244319883,296.351159176514,17.221411315177374,28.464904999475994,1,-1,-1,-1
77,-1,1202.2604452964365,293.59624795946337,17.923478137908383,26.700526837235103,1,-1,-1,-1
77,-1,309.47765703417065,340.0030016213646,15.504806619390756,63.91022624183458,1,-1,-1,-1
77,-1,0,372.5505689454913,15.213853168569983,61.88450032077649,1,-1,-1,-1
78,-1,321.00816538397754,353.9574701178293,36.7169605814192,68.86796755162695,1,-1,-1,-1
78,-1,236.44033662598557,388.53451998185193,43.97540197506627,82.65807324427541,1,-1,-1,-1
78,-1,294.97506661747235,363.8609810749194,40.9394701321306,74.18417658365546,1,-1,-1,-1
78,-1,336.8279241832035,337.5146819872432,28.99827777663091,70.1589796640402,1,-1,-1,-1
78,-1,361.2077937262501,346.6315961271321,35.15717797699261,69.27659523240189,1,-1,-1,-1
78,-1,388.56486306027386,333.31782971691194,35.5406866137884,65.42270104780964,1,-1,-1,-1
78,-1,471.10915741500185,332.77959891978486,38.385198267209766,72.22824198866687,1,-1,-1,-1
78,-1,719.9772201022688,340.6245591050234,44.527188762995515,75.1932412544899,1,-1,-1,-1
78,-1,727.1285276753088,314.5285950063232,33.31714372310676,67.70524824606123,1,-1,-1,-1
78,-1,1063.9970152186913,308.64877197943844,23.433167529511923,45.510343937487164,1,-1,-1,-1
78,-1,1154.87207447619,294.9996741291068,17.221411315177374,28.464904999475994,1,-1,-1,-1
78,-1,1196.0370478472682,294.1368419784263,17.923478137908383,26.700526837235103,1,-1,-1,-1
78,-1,1251.0022884769849,299.11187853580213,26.11183970002771,66.92546048910856,1,-1,-1,-1
78,-1,316.9555733367285,338.7579972140562,18.647383566934575,63.91022624183458,1,-1,-1,-1
78,-1,0,368.1763734150119,20.989462102485124,67.38253145558308,1,-1,-1,-1
79,-1,335.0604164358674,349.8930791891104,26.800800513829508,74.12734283217672,1,-1,-1,-1
79,-1,246.8938404572696,386.0716281971253,36.44642191765418,84.60740071098736,1,-1,-1,-1
79,-1,311.0837446525657,363.1762286508997,28.327360907847517,74.18417658365546,1,-1,-1,-1
79,-1,344.02541862441535,337.0011176692284,23.319603613824036,70.1589796640402,1,-1,-1,-1
79,-1,364.29243420105524,347.48753665715674,37.50738295123411,69.27659523240189,1,-1,-1,-1
79,-1,400.5606871289605,331.09238433884803,25.402147075968852,65.42270104780964,1,-1,-1,-1
79,-1,471.10915741500185,332.77959891978486,38.385198267209766,72.22824198866687,1,-1,-1,-1
79,-1,727.1747145434807,340.1109947870086,44.527188762995515,75.1932412544899,1,-1,-1,-1
79,-1,737.9247693371265,314.69978311232813,27.682188834555504,65.91668155047661,1,-1,-1,-1
79,-1,1148.8237598197095,296.9330927381035,17.221411315177374,28.464904999475994,1,-1,-1,-1
79,-1,1205.539103689693,301.911393590697,26.492341416289705,64.56735510150335,1,-1,-1,-1
79,-1,1190.6903376909395,295.36939634166174,20.883445140239328,63.9638818421473,1,-1,-1,-1
79,-1,1242.292715371653,298.628523883553,26.11183970002771,66.92546048910856,1,-1,-1,-1
79,-1,324.1530677779404,336.70373994199724,18.647383566934575,69.85549526678858,1,-1,-1,-1
79,-1,3.183502189513341,366.9009998308229,37.530515664366675,67.79048997794594,1,-1,-1,-1
79,-1,736.7028841466434,309.1085735410104,16.194362492726736,52.3835604375037,1,-1,-1,-1
80,-1,348.2558229114226,350.749019719135,35.15424938339233,72.46409113391395,1,-1,-1,-1
80,-1,255.29091730535035,385.90044009112034,43.24724465192567,84.60740071098736,1,-1,-1,-1
80,-1,321.70861739911663,361.46434759085054,29.14136099497771,74.18417658365546,1,-1,-1,-1
80,-1,352.42249547249605,336.6587414572186,22.59049997423833,70.1589796640402,1,-1,-1,-1
80,-1,379.3728987445469,344.7485269610782,23.768404827405913,69.27659523240189,1,-1,-1,-1
80,-1,410.1573463839097,330.7500081268382,27.435497608023,65.42270104780964,1,-1,-1,-1
80,-1,493.2157474844385,331.2389059657406,36.42570868524173,72.22824198866687,1,-1,-1,-1
80,-1,744.611501671893,338.0139404884485,27.331071017389288,75.1932412544899,1,-1,-1,-1
80,-1,746.2532986191001,311.8238229314455,17.51028786825278,69.06852197299521,1,-1,-1,-1
80,-1,1161.9500590339783,297.53743095027676,15.300827616197234,26.19541868986654,1,-1,-1,-1
80,-1,1142.8013665117567,296.4928947512336,18.65780285044186,55.58447231141685,1,-1,-1,-1
80,-1,1205.1791465453384,302.2884656227258,20.29743755168376,63.54832767195603,1,-1,-1,-1
80,-1,1186.0633769787319,295.36939634166174,20.883445140239328,68.29307902412779,1,-1,-1,-1
80,-1,1236.710984988672,300.2425831687421,26.11183970002771,68.43541198100537,1,-1,-1,-1
80,-1,331.8646689649532,336.8749280480022,21.213105327611483,69.85549526678858,1,-1,-1,-1
80,-1,11.652363017248176,364.5043663467541,26.80991085547383,67.79048997794594,1,-1,-1,-1
80,-1,1161.0882553126144,311.0325540745225,29.04775435865259,63.15798981056919,1,-1,-1,-1
80,-1,1267.9886477033058,293.79854728549316,10.796964882722728,57.008532231685244,1,-1,-1,-1
81,-1,355.0420319559938,347.57047937555683,31.21316813059094,71.94496838778583,1,-1,-1,-1
81,-1,262.8996971432029,385.90044009112034,48.27429375141403,84.60740071098736,1,-1,-1,-1
81,-1,322.9424735890387,362.08062477246824,36.57917571590181,74.18417658365546,1,-1,-1,-1
81,-1,356.1240640422622,335.42618709398323,22.59049997423833,70.1589796640402,1,-1,-1,-1
81,-1,386.5703931857589,343.9268240522547,30.531211648877076,69.27659523240189,1,-1,-1,-1
81,-1,412.8307014620741,330.7500081268382,32.44395304244854,65.42270104780964,1,-1,-1,-1
81,-1,499.1793857357285,331.85518314735833,38.47635592805042,72.22824198866687,1,-1,-1,-1
81,-1,752.8372096047067,337.39766330683085,38.95384341443243,75.1932412544899,1,-1,-1,-1
81,-1,754.8902919485545,312.3373872494602,33.094070743397,67.35107398673281,1,-1,-1,-1
81,-1,1040.1382081945806,308.97676263632184,18.416949088034947,33.09173657724972,1,-1,-1,-1
81,-1,1158.0656969545942,297.53743095027676,15.300827616197234,26.19541868986654,1,-1,-1,-1
81,-1,1134.3471666919204,297.1776471752533,23.119403940716218,55.58447231141685,1,-1,-1,-1
81,-1,1199.2383574827506,302.2884656227258,20.29743755168376,63.54832767195603,1,-1,-1,-1
81,-1,1179.8940960291218,296.73890118970104,20.883445140239328,68.29307902412779,1,-1,-1,-1
81,-1,1233.2836066833333,300.4708339767487,26.11183970002771,68.43541198100537,1,-1,-1,-1
81,-1,338.6508780095244,335.231522230355,21.213105327611483,69.85549526678858,1,-1,-1,-1
81,-1,24.387215533023465,363.4087624683227,21.00205610895973,67.79048997794594,1,-1,-1,-1
81,-1,1158.1513230727999,311.0325540745225,24.90143810076613,63.15798981056919,1,-1,-1,-1
81,-1,1267.9886477033058,293.79854728549316,10.796964882722728,57.008532231685244,1,-1,-1,-1
82,-1,367.791879251855,348.5976080115863,29.048427870233276,71.94496838778583,1,-1,-1,-1
82,-1,273.1818320592199,382.3788561961621,38.26882932933747,84.60740071098736,1,-1,-1,-1
82,-1,333.2246085050558,360.2317932276151,30.712866885777842,74.18417658365546,1,-1,-1,-1
82,-1,362.7046303885131,333.98820700354196,22.59049997423833,70.1589796640402,1,-1,-1,-1
82,-1,389.038105565603,344.5431012338724,34.34739461942587,69.27659523240189,1,-1,-1,-1
82,-1,426.1974768528963,329.31202803639695,23.31064875232298,65.42270104780964,1,-1,-1,-1
82,-1,511.10666223830765,328.77379723926987,29.738570818848856,72.22824198866687,1,-1,-1,-1
82,-1,764.2618039558367,335.3434060347718,36.1729610083617,52.183300702743445,1,-1,-1,-1
82,-1,764.9439349775489,311.8238229314455,17.51028786825278,31.020822180448445,1,-1,-1,-1
82,-1,1023.3038828763835,310.2093169995572,32.4922695555183,73.3305858525559,1,-1,-1,-1
82,-1,1132.4963824070373,299.43733017451825,23.119403940716218,55.58447231141685,1,-1,-1,-1
82,-1,1193.6860046281013,302.4938913499317,20.29743755168376,63.54832767195603,1,-1,-1,-1
82,-1,1173.5191723811913,298.1768812801423,20.883445140239328,68.29307902412779,1,-1,-1,-1
82,-1,1229.3763954152464,300.88168543116046,23.88693893495245,68.43541198100537,1,-1,-1,-1
82,-1,345.642729752416,335.4369479575609,21.213105327611483,69.85549526678858,1,-1,-1,-1
82,-1,24.46752146566862,364.50680736785404,38.3315296490078,66.05048968089609,1,-1,-1,-1
82,-1,1150.1312578383067,311.6488312561403,24.90143810076613,63.15798981056919,1,-1,-1,-1
82,-1,1263.464508340258,294.0039730126991,14.27030711006173,57.008532231685244,1,-1,-1,-1
83,-1,378.25129235607926,347.3579700025852,31.539895997238506,71.94496838778583,1,-1,-1,-1
83,-1,287.00953073938075,381.1392181871609,30.56245971334691,84.60740071098736,1,-1,-1,-1
83,-1,348.1159763144598,357.8894360705408,30.712866885777842,75.99526030830074,1,-1,-1,-1
83,-1,376.1777726922595,333.81111585939885,15.513895140758695,27.020926135964924,1,-1,-1,-1
83,-1,404.28402975142143,341.59355933966935,25.03201214363868,72.40322827074802,1,-1,-1,-1
83,-1,433.9977171340127,329.31202803639695,29.72413422503462,65.42270104780964,1,-1,-1,-1
83,-1,521.0342407779106,327.53415923026876,28.691223580908257,72.22824198866687,1,-1,-1,-1
83,-1,779.1531717652408,334.10376802577076,23.447114211889133,26.869452853818615,1,-1,-1,-1
83,-1,770.1504654196228,306.45464195891907,20.56499305293856,51.65279005810304,1,-1,-1,-1
83,-1,1013.3381213423977,310.2093169995572,37.52084526231407,73.3305858525559,1,-1,-1,-1
83,-1,1127.4788489343787,296.6475065969354,18.803922643451845,57.58419693820774,1,-1,-1,-1
83,-1,1187.5167236784912,304.7061684121491,20.796247585786876,63.54832767195603,1,-1,-1,-1
83,-1,1167.6662648136125,296.12262400808333,23.562543820975844,70.53054256106425,1,-1,-1,-1
83,-1,1221.62524755548,300.88168543116046,26.234396462710066,68.43541198100537,1,-1,-1,-1
83,-1,356.63397742126176,333.6660365161308,21.213105327611483,69.85549526678858,1,-1,-1,-1
83,-1,33.53999345038955,364.35575903902617,33.87543227695295,66.05048968089609,1,-1,-1,-1
83,-1,1137.792695939086,311.0167520955067,30.02448242518697,63.15798981056919,1,-1,-1,-1
83,-1,1258.323440882249,294.43194327771135,18.98362827071416,57.008532231685244,1,-1,-1,-1
84,-1,415.63311767578125,343.730224609375,27.0123291015625,65.13958740234375,1,-1,-1,-1
84,-1,1219.4296875,302.0523376464844,26.58544921875,67.64349365234375,1,-1,-1,-1
84,-1,45.28590123532003,362.3702087402344,22.551539255402623,67.75,1,-1,-1,-1
84,-1,1134.4180908203125,312.6730041503906,29.52392578125,62.98638916015625,1,-1,-1,-1
84,-1,1157.8148193359375,297.4803161621094,25.84765625,69.86212158203125,1,-1,-1,-1
84,-1,525.7819213867188,330.48028564453125,33.342041015625,68.75103759765625,1,-1,-1,-1
84,-1,388.61956787109375,346.0198059082031,32.680419921875,71.07989501953125,1,-1,-1,-1
84,-1,294.41094970703125,384.4077453613281,41.412353515625,81.28631591796875,1,-1,-1,-1
84,-1,437.77498004291016,331.4522576021857,33.726125745440356,62.65484679779858,1,-1,-1,-1
84,-1,351.1994040500466,359.59268929734463,41.12926288497261,73.95615472617177,1,-1,-1,-1
84,-1,366.0064015500156,335.3553464190977,20.564269832034107,50.74015461985657,1,-1,-1,-1
84,-1,382.9719241614438,335.76619787350955,23.548096141682343,65.9147226226761,1,-1,-1,-1
84,-1,793.0798819485194,336.93181387284847,16.884347862091147,28.43524539744787,1,-1,-1,-1
84,-1,781.6060040502246,309.01538937420605,18.508566069735203,50.494374303182575,1,-1,-1,-1
84,-1,1008.953943440498,309.3330574147458,21.9352211541697,72.81490068613904,1,-1,-1,-1
84,-1,1119.7979820938724,298.14683920105887,20.107286057988908,55.92434089365418,1,-1,-1,-1
84,-1,1154.985732695353,301.34524344519946,10.282134916017023,37.43313251307457,1,-1,-1,-1
84,-1,1180.3476089339572,304.0842531412781,23.992371358277804,65.73623270588698,1,-1,-1,-1
84,-1,1253.9219965552347,294.95422082101607,23.99237135827757,52.954187457520085,1,-1,-1,-1
85,-1,417.39576937566983,342.84982863563545,34.02216771304674,65.13958740234375,1,-1,-1,-1
85,-1,1213.2140670816002,300.819783283249,24.16407630769565,40.11068391249279,1,-1,-1,-1
85,-1,45.993420884408074,362.71258495224424,40.58849649302084,67.75,1,-1,-1,-1
85,-1,1126.5351207180327,310.27637066632184,27.32391744595938,62.98638916015625,1,-1,-1,-1
85,-1,1157.4720815054031,297.4803161621093,23.120507440233016,69.86212158203125,1,-1,-1,-1
85,-1,536.6516068693653,326.37177110041335,27.282263728909317,67.37415353985756,1,-1,-1,-1
85,-1,401.2519050536289,344.8459446098837,26.664009369905926,71.07989501953125,1,-1,-1,-1
85,-1,298.2300283901233,383.52734938758863,41.412353515625,81.28631591796875,1,-1,-1,-1
85,-1,450.994867792075,327.4198683531754,22.456215545249595,65.51337474848948,1,-1,-1,-1
85,-1,363.2441906659522,356.9515013761261,30.30001560975413,73.95615472617177,1,-1,-1,-1
85,-1,370.4130307997372,334.18148512077835,20.564269832034107,50.74015461985657,1,-1,-1,-1
85,-1,394.2088287482339,333.8586732637405,14.905467543155481,68.691211113926,1,-1,-1,-1
85,-1,794.2334797177498,335.33799357556137,35.20817139885242,71.982516711702,1,-1,-1,-1
85,-1,785.3654554298305,310.96339195977924,24.67669322973199,65.87474698174329,1,-1,-1,-1
85,-1,994.5589545580742,311.38731468680476,33.17256196944207,72.81490068613904,1,-1,-1,-1
85,-1,1114.31417680533,299.17396783708836,20.107286057988908,55.92434089365418,1,-1,-1,-1
85,-1,1151.558354390014,300.31811480916997,10.282134916017023,37.43313251307457,1,-1,-1,-1
85,-1,1173.9799008193008,304.0842531412781,23.992371358277804,65.73623270588698,1,-1,-1,-1
85,-1,1250.0147852871485,294.08674764908477,23.26134179999027,44.78292863239178,1,-1,-1,-1
85,-1,787.8355005834269,305.02815044947675,18.25078947593033,62.1412824797838,1,-1,-1,-1
86,-1,431.7907582580937,339.56301700034106,19.851959258504085,65.13958740234375,1,-1,-1,-1
86,-1,1207.04478613199,300.5915324752425,24.16407630769565,40.11068391249279,1,-1,-1,-1
86,-1,54.219128817221716,361.6854563162148,40.58849649302084,67.75,1,-1,-1,-1
86,-1,1119.2963496787058,310.73287228233494,23.535387584232197,62.98638916015625,1,-1,-1,-1
86,-1,1147.8754222504538,297.4803161621093,23.120507440233016,51.13504801258627,1,-1,-1,-1
86,-1,546.6399665020675,324.3175138283543,27.282263728909317,59.852284305800225,1,-1,-1,-1
86,-1,410.0945410814036,344.229667428266,32.08861231245856,71.07989501953125,1,-1,-1,-1
86,-1,310.5685902893439,380.03511202508844,29.589170208344942,85.72756382630867,1,-1,-1,-1
86,-1,456.1359352500835,327.4198683531754,34.373252249058744,65.51337474848948,1,-1,-1,-1
86,-1,372.9093974870082,356.12979846730246,28.75505677288302,75.05337131035473,1,-1,-1,-1
86,-1,379.46130952583223,331.7163763943076,20.564269832034107,50.74015461985657,1,-1,-1,-1
86,-1,401.2006804911254,332.00984171888746,14.905467543155481,68.691211113926,1,-1,-1,-1
86,-1,811.2724461500065,331.7201975027218,24.072258495843453,76.18724343370128,1,-1,-1,-1
86,-1,799.4666690289396,307.14834274024116,22.658147867745694,65.87474698174329,1,-1,-1,-1
86,-1,987.8021230418343,311.6807800113846,31.20379231178173,72.81490068613904,1,-1,-1,-1
86,-1,1109.5158471778552,298.71746622107526,20.107286057988908,55.92434089365418,1,-1,-1,-1
86,-1,1133.050511541183,300.77461642518307,13.252529447310893,28.667679876962126,1,-1,-1,-1
86,-1,1144.4751058923136,300.54636561717655,10.282134916017023,37.43313251307457,1,-1,-1,-1
86,-1,1170.2500404847458,304.31250394928463,22.695410178335482,41.33495684753709,1,-1,-1,-1
86,-1,1246.1304232077641,296.3430362091462,23.26134179999027,42.98314168834337,1,-1,-1,-1
87,-1,441.7613133281709,338.86306646369644,19.851959258504085,54.011996069557966,1,-1,-1,-1
87,-1,1201.7479287510114,301.58831014768384,24.16407630769565,45.65017937842093,1,-1,-1,-1
87,-1,64.04427995919355,361.00070389219513,32.54434123758766,67.75,1,-1,-1,-1
87,-1,1112.1300132220877,310.1103700786807,21.795168565330727,39.91150444535137,1,-1,-1,-1
87,-1,1144.448043945115,298.41406946759065,23.120507440233016,51.13504801258627,1,-1,-1,-1
87,-1,552.2484037289857,324.94001603200866,40.32116190757216,73.87290557563934,1,-1,-1,-1
87,-1,423.49247445681976,340.419321972832,24.50404266361972,54.34766775437559,1,-1,-1,-1
87,-1,321.47388489724074,376.9226010068172,20.87240919146238,50.53375010664202,1,-1,-1,-1
87,-1,461.7443724770019,326.1017712887846,33.61228122630399,63.09645859095482,1,-1,-1,-1
87,-1,382.8799525570853,352.0835341435499,23.0532853614663,48.596894075060746,1,-1,-1,-1
87,-1,386.0044862905703,331.4051252924805,20.564269832034107,50.74015461985657,1,-1,-1,-1
87,-1,407.43227740992364,329.2085818024434,21.86944895412119,68.691211113926,1,-1,-1,-1
87,-1,811.2724461500065,331.7201975027218,24.072258495843453,76.18724343370128,1,-1,-1,-1
87,-1,799.4666690289396,307.14834274024116,22.658147867745694,65.87474698174329,1,-1,-1,-1
87,-1,976.2736687420576,312.614533316866,28.01764113777046,72.81490068613904,1,-1,-1,-1
87,-1,1101.4147711834175,298.71746622107526,20.107286057988908,55.92434089365418,1,-1,-1,-1
87,-1,1127.130494468325,299.2183609160475,14.895763313531175,48.002253691540474,1,-1,-1,-1
87,-1,1140.424567895095,300.2351145153494,10.282134916017023,37.43313251307457,1,-1,-1,-1
87,-1,1164.5839154070013,304.9350061529389,20.26045926164224,41.33495684753709,1,-1,-1,-1
87,-1,1243.4136164297986,295.40928290366486,22.239190426676924,53.99008941671303,1,-1,-1,-1
88,-1,449.51246118793756,340.28524457512185,28.580760579972186,63.052721151302556,1,-1,-1,-1
88,-1,1195.578647801401,302.7088141142615,24.16407630769565,55.52352443338605,1,-1,-1,-1
88,-1,70.02661300123984,359.1331972812324,32.16839202522196,67.75,1,-1,-1,-1
88,-1,1105.2129406422216,311.2308740452583,21.795168565330727,39.91150444535137,1,-1,-1,-1
88,-1,1137.717919272813,298.040568145398,23.120507440233016,58.15118880896717,1,-1,-1,-1
88,-1,562.5305386450027,323.0437785501081,32.67346270337956,73.87290557563934,1,-1,-1,-1
88,-1,433.9327960638524,339.47120323188165,27.861243865078194,73.98069666438278,1,-1,-1,-1
88,-1,476.2975480504413,325.3116723379927,20.30963612779834,63.09645859095482,1,-1,-1,-1
88,-1,389.8401669617737,349.3971977108575,23.0532853614663,48.596894075060746,1,-1,-1,-1
88,-1,393.1228873862744,330.4570065515302,20.564269832034107,50.74015461985657,1,-1,-1,-1
88,-1,412.4942515224244,330.4903973969411,24.769669191250355,66.93533614895308,1,-1,-1,-1
88,-1,826.3001817964932,329.9819798109796,31.10311582211102,76.18724343370128,1,-1,-1,-1
88,-1,811.9634176191756,304.0271833326786,25.02478441329287,69.31194596962264,1,-1,-1,-1
88,-1,963.9351068428371,311.6807800113846,28.01764113777046,72.81490068613904,1,-1,-1,-1
88,-1,1098.7975004775224,296.10295696572746,20.107286057988908,55.92434089365418,1,-1,-1,-1
88,-1,1120.400369796023,300.9106683378204,14.895763313531175,47.243699575248925,1,-1,-1,-1
88,-1,1133.6944432227926,302.47612244850455,10.282134916017023,46.805860045298665,1,-1,-1,-1
88,-1,1158.0407386422637,304.56150483074634,23.612605213495286,53.68450939567782,1,-1,-1,-1
88,-1,1239.113814555828,295.59603356476106,22.239190426676924,51.220319224332336,1,-1,-1,-1
89,-1,460.99417851082325,338.2309873030629,14.238928609490271,63.052721151302556,1,-1,-1,-1
89,-1,1190.9875600983855,302.12188346510175,21.41078192784171,45.012337165525146,1,-1,-1,-1
89,-1,78.2523209340535,358.1994439757511,38.81858019121559,67.75,1,-1,-1,-1
89,-1,1094.7594368109376,314.8926228025324,21.795168565330727,49.260051744450756,1,-1,-1,-1
89,-1,1130.863162662135,297.6981919333883,23.120507440233016,69.75207234470173,1,-1,-1,-1
89,-1,575.2118383747571,320.98952127804915,28.06856305338285,73.87290557563934,1,-1,-1,-1
89,-1,443.52945531880164,341.5254605039407,27.861243865078194,73.98069666438278,1,-1,-1,-1
89,-1,340.0080921945739,377.7409850531116,30.3118612264558,83.6195144694252,1,-1,-1,-1
89,-1,482.4668290000515,325.82523665600746,27.73487843806931,63.09645859095482,1,-1,-1,-1
89,-1,401.1505153693924,352.30739551294107,23.0532853614663,71.0469336997974,1,-1,-1,-1
89,-1,405.46144928549495,328.91631359748595,20.564269832034107,53.810263394805034,1,-1,-1,-1
89,-1,426.7178714895813,328.1146782446745,18.855455581678154,73.59075795134258,1,-1,-1,-1
89,-1,837.2677923735781,328.6124749629403,29.47501968027953,76.18724343370128,1,-1,-1,-1
89,-1,825.158824094731,305.6233928460878,22.73190056954461,66.8658360056384,1,-1,-1,-1
89,-1,956.1206843066641,312.09163146579647,26.180590606618228,56.55577863545932,1,-1,-1,-1
89,-1,1093.1626038015888,298.1572142377865,19.058795038511445,55.92434089365418,1,-1,-1,-1
89,-1,1114.059719931146,300.0547278077958,14.895763313531175,54.3852404139207,1,-1,-1,-1
89,-1,1152.2848795686866,304.6213364422376,21.65686310005962,65.56793753193101,1,-1,-1,-1
90,-1,468.1916729520352,336.02999736871396,14.238928609490271,63.052721151302556,1,-1,-1,-1
90,-1,87.18240803185687,358.0527113134612,34.88267290976337,67.75,1,-1,-1,-1
90,-1,1083.4388226714682,314.1589594910827,27.093389396847453,61.11712719848545,1,-1,-1,-1
90,-1,1125.2814322791544,296.3775979727789,23.120507440233016,59.9699752813888,1,-1,-1,-1
90,-1,581.4545631451961,323.40569859407634,36.422276943177366,70.3562332924377,1,-1,-1,-1
90,-1,455.28046665139254,340.6450645302011,27.861243865078194,73.98069666438278,1,-1,-1,-1
90,-1,349.3099799758493,375.6867277810527,27.91369260307761,83.6195144694252,1,-1,-1,-1
90,-1,488.9298852329765,324.6513753576881,27.73487843806931,63.09645859095482,1,-1,-1,-1
90,-1,408.64178509391917,350.57489495314,28.1020894442099,72.33923627272864,1,-1,-1,-1
90,-1,410.7494043851608,333.02482814160385,20.564269832034107,53.810263394805034,1,-1,-1,-1
90,-1,434.6498041390802,328.5548762315443,22.66324780150621,73.59075795134258,1,-1,-1,-1
90,-1,850.707261695793,329.4928709366799,23.943408811058415,52.084745072894734,1,-1,-1,-1
90,-1,836.9098354273219,307.5309174558569,22.745535947376077,63.71920665647276,1,-1,-1,-1
90,-1,948.6294145821373,311.7981661412166,26.180590606618228,56.55577863545932,1,-1,-1,-1
90,-1,1087.580873418608,298.45067956236636,19.058795038511445,53.05471583623376,1,-1,-1,-1
90,-1,1107.4497760565637,301.9622524175649,14.895763313531175,54.3852404139207,1,-1,-1,-1
90,-1,1147.5844750356503,304.03440579307784,19.727914243089973,36.46603993377777,1,-1,-1,-1
90,-1,836.2637929587344,299.3656277559642,18.250789475930212,60.08702520772484,1,-1,-1,-1
91,-1,93.35168898146709,357.02558267743177,30.935807142056728,66.38731101552557,1,-1,-1,-1
91,-1,1080.8973917052244,313.93070868307615,20.266652995164726,32.08655908339004,1,-1,-1,-1
91,-1,1119.2840287250212,296.834099588792,22.263154383687922,30.010100305123803,1,-1,-1,-1
91,-1,586.9383684337386,320.4384380899911,36.422276943177366,70.3562332924377,1,-1,-1,-1
91,-1,468.4758731269478,337.2213024101028,24.310889270326633,73.98069666438278,1,-1,-1,-1
91,-1,353.6513258292787,376.8279818210854,38.65590252579326,83.6195144694252,1,-1,-1,-1
91,-1,500.3544795841066,323.73837212566184,23.59388846882296,63.09645859095482,1,-1,-1,-1
91,-1,413.4401147213938,347.3223209390466,32.03116841845162,76.45072964430813,1,-1,-1,-1
91,-1,440.1336094276226,326.67180706549027,27.288805726290697,73.59075795134258,1,-1,-1,-1
91,-1,863.5942041238675,328.53421754305236,21.53712102745591,48.81001686340695,1,-1,-1,-1
91,-1,840.2001186004474,305.6948302247925,25.457526291498926,64.87054146351751,1,-1,-1,-1
91,-1,938.8042634401655,313.62417260526905,27.676764061455522,67.40071997318147,1,-1,-1,-1
91,-1,1083.2395275651786,298.45067956236636,19.058795038511445,25.198009019457736,1,-1,-1,-1
91,-1,1102.4229545420665,302.6470048415846,14.895763313531175,26.023201516383672,1,-1,-1,-1
91,-1,843.2872365404921,301.04324938302307,18.250789475930212,60.0870252077249,1,-1,-1,-1
92,-1,100.80623679557947,358.3094934724686,39.14952289150553,66.38731101552557,1,-1,-1,-1
92,-1,1112.9976334384835,297.0748320219098,20.78944784681673,29.381772160296872,1,-1,-1,-1
92,-1,600.3051438245607,319.00045799954984,27.59603162512198,70.3562332924377,1,-1,-1,-1
92,-1,478.7580080429649,339.07013395495585,29.45604735432851,73.98069666438278,1,-1,-1,-1
92,-1,358.5867505889669,376.00627891226173,38.65590252579326,83.6195144694252,1,-1,-1,-1
92,-1,506.5237605337169,323.1220949440442,23.59388846882296,63.09645859095482,1,-1,-1,-1
92,-1,419.1524118969588,347.09407013104004,32.03116841845162,76.45072964430813,1,-1,-1,-1
92,-1,446.7598741512781,325.7588038334641,26.537409873744306,73.59075795134258,1,-1,-1,-1
92,-1,872.4074626233106,327.4337225758779,26.652709276563684,66.7342950713146,1,-1,-1,-1
92,-1,852.3183490371817,303.49384029044364,23.607019301654155,64.87054146351751,1,-1,-1,-1
92,-1,928.8915062530929,313.53246469133785,26.572948124224066,73.70425122161588,1,-1,-1,-1
92,-1,1095.8268679921687,301.8718134181661,14.895763313531175,26.023201516383672,1,-1,-1,-1
92,-1,1222.6080692344317,297.86746748163483,21.74009418619759,59.405509009475644,1,-1,-1,-1
92,-1,859.8968259837887,299.10871325023544,14.652042255324336,58.03276793566589,1,-1,-1,-1
93,-1,1158.2430922091646,304.5003396611033,25.986482372292933,70.11368585107034,1,-1,-1,-1
93,-1,109.71742038946094,357.1682394324358,39.14952289150553,66.38731101552557,1,-1,-1,-1
93,-1,1107.2022483040014,297.2615826830061,20.78944784681673,38.50436041380397,1,-1,-1,-1
93,-1,608.3023598703518,319.9074822181602,31.432582406890024,68.30795503379458,1,-1,-1,-1
93,-1,488.3546672979141,336.33112425887725,29.45604735432851,73.98069666438278,1,-1,-1,-1
93,-1,369.78285305307423,375.54977729624864,31.338094260283032,83.6195144694252,1,-1,-1,-1
93,-1,513.378517144395,322.89384413603767,23.59388846882296,63.09645859095482,1,-1,-1,-1
93,-1,433.3189088923601,347.55057174705314,26.77825800448437,76.45072964430813,1,-1,-1,-1
93,-1,456.58502529324994,324.84580060143793,26.589822192877286,73.59075795134258,1,-1,-1,-1
93,-1,875.7791088947705,326.57778204585327,40.95789396970586,72.61097982521385,1,-1,-1,-1
93,-1,860.2013191394616,303.49384029044364,23.607019301654155,64.87054146351751,1,-1,-1,-1
93,-1,917.2536408834429,313.36127658533286,24.84403810305192,60.114072045068774,1,-1,-1,-1
93,-1,1090.405378672814,301.68506275706983,14.895763313531175,32.21337372877749,1,-1,-1,-1
93,-1,1127.3129726814993,305.41682452712365,19.727914243089973,63.964237567014976,1,-1,-1,-1
93,-1,1218.121319452897,298.80122078711616,21.74009418619759,59.405509009475644,1,-1,-1,-1
94,-1,1151.5597045137536,306.8113790921696,25.986482372292933,70.11368585107034,1,-1,-1,-1
94,-1,118.76569911555589,356.5519622508181,31.71606151763812,66.38731101552557,1,-1,-1,-1
94,-1,1099.5934684661493,297.8778598646239,20.78944784681673,71.04775239268234,1,-1,-1,-1
94,-1,616.8218430864802,318.8803535821308,31.402939768663646,68.30795503379458,1,-1,-1,-1
94,-1,504.9774520788083,334.9616194108379,21.389015932905348,73.98069666438278,1,-1,-1,-1
94,-1,379.37951230802355,375.37858919024376,42.59779276923474,83.6195144694252,1,-1,-1,-1
94,-1,524.34612772148,321.6955273940033,22.070503376466803,63.09645859095482,1,-1,-1,-1
94,-1,438.45997635036866,346.86581932303346,31.012011792717264,74.75627251639638,1,-1,-1,-1
94,-1,442.87961524785635,327.48974604744484,17.50982038608125,73.9214856144359,1,-1,-1,-1
94,-1,460.86924817492365,325.75385954462917,32.76575702080231,71.99794658413167,1,-1,-1,-1
94,-1,892.8471677936125,325.2938712508164,21.593206544540475,26.234417144953902,1,-1,-1,-1
94,-1,866.6276534619723,305.5480975625027,23.607019301654155,58.305734465621434,1,-1,-1,-1
94,-1,912.6266801712352,315.15875169838444,19.036270151246352,33.28815078929739,1,-1,-1,-1
94,-1,1068.769285827865,299.37069083806915,14.849983379364097,60.10562726097067,1,-1,-1,-1
94,-1,1085.0586685164853,302.9176171203052,14.895763313531175,57.996391775970984,1,-1,-1,-1
94,-1,1119.0872647486856,307.0602303447708,19.727914243089973,63.964237567014976,1,-1,-1,-1
94,-1,1213.4943587406894,298.0308743100941,21.74009418619759,59.405509009475644,1,-1,-1,-1
94,-1,1059.092256325273,314.43875460579346,23.293373658305438,62.703886739748626,1,-1,-1,-1
94,-1,495.34797112749106,335.3432864129532,14.224343188061328,65.56504459988209,1,-1,-1,-1
95,-1,1144.6192634454421,306.5545969331622,25.986482372292933,70.11368585107034,1,-1,-1,-1
95,-1,124.93498006516616,356.75738797802404,31.76940311823504,66.38731101552557,1,-1,-1,-1
95,-1,1088.6988135256615,298.33436148063697,24.14387051555808,71.04775239268234,1,-1,-1,-1
95,-1,626.1339652745712,317.52376859114844,23.583266710319396,68.30795503379458,1,-1,-1,-1
95,-1,512.931556447802,337.48099153694795,28.50544134435686,69.62810642759011,1,-1,-1,-1
95,-1,394.7057134092565,374.6786305061121,24.469425915753206,53.60737986143677,1,-1,-1,-1
95,-1,530.9422142713777,322.66451667327635,28.53702026020743,60.99504073285275,1,-1,-1,-1
95,-1,447.5780959928743,344.98088956220795,28.06570268842813,65.47571806671593,1,-1,-1,-1
95,-1,450.23808193484336,329.214546964551,20.033473842547426,61.574787764584265,1,-1,-1,-1
95,-1,472.12139581886686,323.2344874185192,25.6650292166159,71.99794658413167,1,-1,-1,-1
95,-1,879.6583955168913,301.6208698421365,20.050886307137723,49.39385423561897,1,-1,-1,-1
95,-1,901.5733851365169,314.90196953937703,19.036270151246352,33.28815078929739,1,-1,-1,-1
95,-1,1064.4279399744355,299.37069083806915,14.849983379364097,60.10562726097067,1,-1,-1,-1
95,-1,1078.4166786096444,302.6893663122986,15.139980383739191,57.996391775970984,1,-1,-1,-1
95,-1,1113.4320905448762,306.54666602675604,19.727914243089973,63.964237567014976,1,-1,-1,-1
95,-1,1206.9757529747044,298.5444386281089,24.934900392246107,59.405509009475644,1,-1,-1,-1
95,-1,1046.7536944260526,312.6412794927418,23.293373658305438,68.1226472724566,1,-1,-1,-1
95,-1,501.74335374451687,333.01771214269763,17.529087850296854,69.63403513718417,1,-1,-1,-1
96,-1,1137.9358757500313,306.04103261514746,25.986482372292933,70.11368585107034,1,-1,-1,-1
96,-1,132.13247450637806,356.3465365236123,40.313042158566006,66.38731101552557,1,-1,-1,-1
96,-1,1087.156493288259,298.84792579865166,24.14387051555808,71.04775239268234,1,-1,-1,-1
96,-1,634.5653159057052,316.7020656823248,23.894578946918593,68.30795503379458,1,-1,-1,-1
96,-1,524.0362621571003,333.98875417444776,28.50544134435686,69.62810642759011,1,-1,-1,-1
96,-1,404.5765629286329,373.18984493689777,24.469425915753206,59.82095715638678,1,-1,-1,-1
96,-1,541.6356345840354,321.43196231004094,20.15252044942673,60.99504073285275,1,-1,-1,-1
96,-1,457.03766011561004,345.6627974913076,27.61849986573561,73.01083922585218,1,-1,-1,-1
96,-1,481.3753172432822,323.43991314572514,23.64749762381682,71.99794658413167,1,-1,-1,-1
96,-1,885.3135697207007,301.1073055241218,20.050886307137723,47.87089820220307,1,-1,-1,-1
96,-1,905.4009021795341,324.35155299084835,39.278478600089514,71.90015502561462,1,-1,-1,-1
96,-1,1056.7163387874225,300.1410373150913,14.849983379364097,60.10562726097067,1,-1,-1,-1
96,-1,1071.733290914233,302.4325841532912,16.720459740937397,57.996391775970984,1,-1,-1,-1
96,-1,1108.0339697139673,306.28988386774864,19.727914243089973,63.964237567014976,1,-1,-1,-1
96,-1,1201.320578770895,298.2876564691015,24.934900392246107,59.405509009475644,1,-1,-1,-1
96,-1,1035.9574527642346,312.8980616517492,28.333280838295646,68.1226472724566,1,-1,-1,-1
96,-1,513.4649875487763,331.37430632505044,17.529087850296854,69.63403513718417,1,-1,-1,-1
96,-1,890.8945473635564,317.13432307736196,21.76457545980711,71.21714503009315,1,-1,-1,-1
97,-1,1129.0246921561495,306.49753423116056,34.780064306423526,70.11368585107034,1,-1,-1,-1
97,-1,140.35818243919167,355.4127832181309,36.8799151639214,66.38731101552557,1,-1,-1,-1
97,-1,1078.2453096943777,299.3044274146648,25.684849065002904,71.04775239268234,1,-1,-1,-1
97,-1,640.7345968553154,316.1885013643101,23.894578946918593,61.76815202036357,1,-1,-1,-1
97,-1,533.0097617201698,330.5648485393571,26.458191307663363,73.98576536816213,1,-1,-1,-1
97,-1,413.2592546354917,370.45083524081923,29.40672492908673,87.10540144669037,1,-1,-1,-1
97,-1,547.0571239033899,320.31145834346336,20.15252044942673,60.99504073285275,1,-1,-1,-1
97,-1,465.63726386355154,345.6627974913076,27.61849986573561,73.01083922585218,1,-1,-1,-1
97,-1,486.98375447020055,323.06641182353263,29.86007563305282,71.99794658413167,1,-1,-1,-1
97,-1,894.474017191334,301.6675575074105,20.050886307137723,62.05770960785912,1,-1,-1,-1
97,-1,916.8047245409348,325.09855563523337,30.735225613020155,71.90015502561462,1,-1,-1,-1
97,-1,1049.5483664270969,301.05404054711755,16.762642338169808,60.10562726097067,1,-1,-1,-1
97,-1,1066.020993738668,302.8890857693043,16.720459740937397,57.996391775970984,1,-1,-1,-1
97,-1,1097.760154588866,306.0616330597422,24.67784701934528,66.92189039060432,1,-1,-1,-1
97,-1,1196.9139495211734,297.9941911445216,24.934900392246107,59.405509009475644,1,-1,-1,-1
97,-1,1025.446825961195,313.5828140757687,34.61289048984614,66.70473523078748,1,-1,-1,-1
97,-1,519.4473205908225,331.1875556639542,24.317008201639087,69.63403513718417,1,-1,-1,-1
97,-1,877.4342980189521,318.2548270439396,30.651293724931385,71.21714503009315,1,-1,-1,-1
98,-1,1123.4785708984195,304.2814263861515,26.849258413258156,70.11368585107034,1,-1,-1,-1
98,-1,146.55910072700507,352.6316349113435,31.83091449857596,66.38731101552557,1,-1,-1,-1
98,-1,1071.1412892069477,301.1719340256275,25.684849065002904,71.04775239268234,1,-1,-1,-1
98,-1,649.9885182797308,314.339669819457,23.894578946918593,61.76815202036357,1,-1,-1,-1
98,-1,544.1144674294682,332.2082543570043,22.28556657741202,55.139765337626415,1,-1,-1,-1
98,-1,416.75518050693745,371.27253814964286,31.145714554736013,79.94147123689629,1,-1,-1,-1
98,-1,556.105402629485,320.31145834346336,19.342910103490112,55.12186917322538,1,-1,-1,-1
98,-1,467.69369084675503,343.81396594645446,33.92889318921763,73.01083922585218,1,-1,-1,-1
98,-1,474.7456975128884,324.86745352095767,18.079787969895605,41.38150369780816,1,-1,-1,-1
98,-1,493.76996351477175,321.8338574602972,27.59431955995365,71.99794658413167,1,-1,-1,-1
98,-1,899.8207273476628,303.3109633250577,24.87637372937123,62.05770960785912,1,-1,-1,-1
98,-1,927.9094302502333,322.9073478783705,30.735225613020155,71.90015502561462,1,-1,-1,-1
98,-1,1040.0140231413354,301.42754186931006,21.702955011164494,60.10562726097067,1,-1,-1,-1
98,-1,1059.103921158802,303.44933775259307,16.720459740937397,57.996391775970984,1,-1,-1,-1
98,-1,1090.843082009,306.43513438193474,24.67784701934528,66.92189039060432,1,-1,-1,-1
98,-1,1191.492460201819,299.11469511109925,24.934900392246107,59.405509009475644,1,-1,-1,-1
98,-1,1020.9600761796603,313.95631539796125,26.3619130904158,66.70473523078748,1,-1,-1,-1
98,-1,529.3181701101988,331.8038328455719,19.190949142811544,56.160464030676536,1,-1,-1,-1
98,-1,869.3062919302898,317.1506169461147,26.73427400254887,72.73220658232987,1,-1,-1,-1
99,-1,1113.4020786807228,305.7194064765928,26.849258413258156,70.11368585107034,1,-1,-1,-1
99,-1,154.78480865981874,353.51203088508305,39.96806358265691,66.38731101552557,1,-1,-1,-1
99,-1,1063.3268666707745,299.11767675356856,25.684849065002904,71.04775239268234,1,-1,-1,-1
99,-1,659.4138086194132,314.7885386736328,21.852904339564788,67.31086687635978,1,-1,-1,-1
99,-1,555.25344692182,332.72181867501916,22.28556657741202,53.46204438716325,1,-1,-1,-1
99,-1,564.3311105622989,318.7707653894192,18.889560331857854,57.48418752447825,1,-1,-1,-1
99,-1,485.5160580345179,338.5926052821333,20.568109730551306,51.701700945532885,1,-1,-1,-1
99,-1,506.96536999032696,321.30140118728326,20.558535121400926,67.39475967699819,1,-1,-1,-1
99,-1,911.2245497090635,299.2535353558334,22.331046138564936,64.99463361050587,1,-1,-1,-1
99,-1,936.5090339981748,323.4675998616593,35.18393499249873,71.90015502561462,1,-1,-1,-1
99,-1,1037.8370882524132,300.4004132332806,18.533179743757746,60.10562726097067,1,-1,-1,-1
99,-1,1053.3459256058325,302.83306057097536,16.720459740937397,57.996391775970984,1,-1,-1,-1
99,-1,1084.8794437577103,305.40800574590526,24.67784701934528,66.92189039060432,1,-1,-1,-1
99,-1,1186.749065564325,300.14182374712874,23.76606745302971,59.405509009475644,1,-1,-1,-1
99,-1,1012.940010945167,314.5725925795789,22.430088148306574,66.70473523078748,1,-1,-1,-1
99,-1,537.5438780430123,329.0648231494933,19.190949142811544,57.97498044271366,1,-1,-1,-1
99,-1,856.4068863083776,317.52411826830723,26.73427400254887,72.73220658232987,1,-1,-1,-1
